2.85319200681072e-22
2.77759817994491e-22
4.81086507504672e-22
4.19146360917069e-22
3.40792959765271e-22
3.4533174986955e-22
4.46722009911915e-22
4.76794548822192e-22
5.40638109489011e-22
3.80631520951537e-22
3.92380878382771e-22
4.20589080227635e-22
5.68416514669161e-22
5.65399961054694e-22
3.58568255257532e-22
5.5560546405547e-22
5.13677746756688e-22
3.69516331957454e-22
4.739448045793e-22
5.30278560889708e-22
5.28835993040436e-22
4.57035261842412e-22
5.23519095782795e-22
3.66572883660795e-22
5.80694976886745e-22
5.20597912296325e-22
6.32614696711869e-22
5.35555472365785e-22
4.20281310878628e-22
4.41768215862617e-22
