994.766579129535
10.2448820630752
227.447005894687
918.2480063385
994.766579129535
658.346994895819
701.108336947927
994.766579129535
994.766579129535
994.766579129535
915.77269122823
3.53986956976951
314.578796990045
994.766579129535
994.766579129535
345.697977186008
994.766579129535
994.766579129535
780.039770408193
994.766579129535
994.766579129535
994.766579129535
915.020408973924
18.5969921136048
994.766579129535
994.766579129535
994.766579129535
994.766579129535
994.766579129535
224.784327461301
