122.083990366107
13.7410101985286
111.597875241745
111.597875241745
100.169682010812
118.110723236311
122.083990366107
17.3865638621641
111.597875241745
107.788516125503
111.597875241745
13.413288967205
115.571142371541
111.597875241745
115.571142371541
115.571142371541
111.597875241745
118.110723236311
111.597875241745
13.1266476142601
115.571142371541
11.6929823824074
111.597875241745
17.3865626233227
11.5291217667457
111.597875241745
119.544388468164
115.571142371541
13.1266476142601
109.386010184451
