576.765975350851
266.097405670549
148.053532088859
170.632757964977
380.789713246169
600.513356543443
533.312522796688
822.08469794005
550.006323980786
328.173702882801
677.457228241173
486.544055894001
231.297501646027
316.442413068825
151.018045667605
383.795069578232
178.340544635943
745.898268084112
184.102008659917
534.698539845055
559.944641652171
259.516249058838
542.046681796392
580.758115954388
555.189191402219
232.210741205563
502.498332721456
703.059631060709
512.048378143369
386.85608492743
