4.31315218514209
575.275130255081
158.491911667265
525.456663135501
347.68601884346
130.090421334516
347.893138675713
158.734915436621
162.244651731357
528.765101746647
16.059648843143
347.980900067712
525.108106639759
574.774006883309
529.163556282653
755.686736397654
133.862563379806
752.528233435369
524.825801206804
1.62296210885467
752.773552196622
752.025144159368
584.418816363788
0.645849690047452
134.614584744183
755.83260904776
40.4020733582056
1.91102741519962
1.06458758948218
756.285978315027
