18.8991807776215
375.110716007489
226.547866632219
239.774550450708
484.175152905156
0.76156638179125
17.8845563599203
340.980756140519
241.252291717247
255.355584340159
6.96062570132395
374.499857450949
313.861913502671
320.680230945587
439.668741424339
134.812673937447
177.41727295281
362.169967439129
276.305895855797
119.585287611743
2.28328331620247
377.112288533795
341.009650358182
125.535509367311
234.563990708978
218.723930947709
119.348412417673
368.607391138276
223.823017601999
376.486449684659
