15172.3688357519,15841.6069733263,13102.1768292133,11112.4325941855,16858.4407134316,12654.6342965225,16063.0324211121,15419.8268933494,11109.7084543742,11804.6328643727,11419.5853320557,13781.1939058077,17989.7878781658,10579.256181539,15949.6560237738,11883.5044675262,13209.5048619319,17936.5259910581,18053.1116856395,17638.3127036263,17355.5380917954,17105.5136599887,15245.0712349245,14026.8780809791,18376.0966765498,12305.0156577305,14086.6270558367,16508.7784297518,14320.7438212636,13695.8446407863,15151.8765982508,14718.1193646628,17249.3907984658,16415.7154621178,11414.287078215,14514.2678628944,16596.9946558744,15383.3614771408,14698.5602369816,14337.5465436825,14315.4613692905,17071.3670441849,17486.5004943168,16003.2526643313,13965.9656898379,15557.1417820907,12361.820563842,10997.0406705782,15521.7718091406,13413.7284576064,15595.4680158173
6381.27404984592,6370.18248958393,3700.45449927214,1810.33021003265,10131.5606790339,2182.13142024215,8328.69920716824,4295.45994192246,1318.52615197743,2886.31645722971,2717.57533628183,4027.05177948946,12750.3379631311,752.917262403516,8419.96945143973,3283.82599913231,2294.70111825625,8725.44374156276,12055.623122522,11657.1346042174,10786.4970360556,8192.32939704125,6611.10634226646,6045.37826256379,13108.181090268,2760.14688327133,5394.83110983512,10878.1330252965,6154.11101945296,2023.21233104585,4887.39766941926,6985.37529343841,9345.03226632056,5466.10734211872,2268.04217841454,4408.8405541202,10064.0612908382,6391.81366862995,4650.15498806159,2653.75106453136,1799.20323766591,11559.0150744231,11942.2844262668,5281.41833317425,4449.66492740144,5940.21878873466,4110.99195924444,2554.86670097311,9122.56705024473,1819.55434199463,6247.75873587602
1072.50593093297,1858.77717053894,224.362163780175,7.57722195459161,5063.76067977328,43.5247487042839,3127.14356811328,1192.1336080265,40.8471300633574,236.923986291859,7.09521954641946,514.740564201787,5838.0785558055,11.4661482547307,2423.29552463482,61.3836168628696,28.5182939653732,4409.85751873749,7076.16851997344,5226.07525001797,2982.55051458362,4152.21946026065,1306.10812399447,866.767725384521,5524.7453027266,151.195646937762,742.252742412442,5856.02759902972,180.608141770882,26.5139472231307,1279.32667380354,2824.04582772385,3223.67340345686,2294.85626632194,75.1989819736342,311.361986664574,5580.44490784357,1027.84368072362,95.0990102340988,73.4602882144511,35.1309039123802,3543.11887921039,7420.08711747901,1902.00529681468,590.815854130803,142.515904867546,279.811343556306,94.7980024701566,4302.76772878661,38.6599396705515,2243.87416090073
1.58880879563765,2.69705292091709,0.00120196643689496,8.72740315571718e-06,959.047619301732,1.24487832522391e-05,4.18780345849251,2.08710449739766,0.000116249041354877,0.000809176249731536,1.76410237600066e-05,0.518243475159295,1137.83233991175,3.55443376065523e-07,7.16125655611501,0.000113502845408675,0.000171986734699203,254.505095224322,364.73243109202,259.873382654456,6.40573709538285,125.569246642552,0.921554358094852,0.769350641090568,487.980006979491,0.00212419101586647,1.57079327759158,282.190004017575,0.00159929006940729,0.000134519034702407,29.8925773160484,8.34750336773789,21.7506071279462,41.7454487679072,0.000356846092529395,0.215956606853183,24.5564064311534,1.21919065558279,0.00198041195847054,0.00169184499861785,1.08488825389941e-06,133.797178656784,214.75869502926,21.4965616736273,1.40215566016644,0.00130777120836001,0.00838373250428504,0.0103623452838519,13.7012276781287,3.76388043150655e-05,1.05771642792945
0,9.66338120633736e-13,0,0,4.90827602561694e-06,0,9.15179043659009e-12,3.97903932025656e-13,0,0,0,0,0.000961840851118723,0,5.6843418860808e-14,0,0,2.40447661781218e-11,7.40577661417774e-08,9.23268146379996e-06,4.54747350886464e-13,1.77919901034329e-11,0,0,8.59032610378563e-05,0,0,1.92235864915347e-06,0,0,2.95585778076202e-12,0,8.1325879364158e-10,1.02318153949454e-12,0,0,1.98781435756246e-10,0,0,0,0,3.04240018067503e-07,4.67623522126814e-08,1.13686837721616e-13,0,0,0,0,1.70530256582424e-13,0,7.29755811335053e-10
0,0,0,0,0,0,0,0,0,0,0,0,0,0,0,0,0,0,0,0,0,0,0,0,0,0,0,0,0,0,0,0,0,0,0,0,0,0,0,0,0,0,0,0,0,0,0,0,0,0,0
0,0,0,0,0,0,0,0,0,0,0,0,0,0,0,0,0,0,0,0,0,0,0,0,0,0,0,0,0,0,0,0,0,0,0,0,0,0,0,0,0,0,0,0,0,0,0,0,0,0,0
0,0,0,0,0,0,0,0,0,0,0,0,0,0,0,0,0,0,0,0,0,0,0,0,0,0,0,0,0,0,0,0,0,0,0,0,0,0,0,0,0,0,0,0,0,0,0,0,0,0,0
0,0,0,0,0,0,0,0,0,0,0,0,0,0,0,0,0,0,0,0,0,0,0,0,0,0,0,0,0,0,0,0,0,0,0,0,0,0,0,0,0,0,0,0,0,0,0,0,0,0,0
0,0,0,0,0,0,0,0,0,0,0,0,0,0,0,0,0,0,0,0,0,0,0,0,0,0,0,0,0,0,0,0,0,0,0,0,0,0,0,0,0,0,0,0,0,0,0,0,0,0,0
0,0,0,0,0,0,0,0,0,0,0,0,0,0,0,0,0,0,0,0,0,0,0,0,0,0,0,0,0,0,0,0,0,0,0,0,0,0,0,0,0,0,0,0,0,0,0,0,0,0,0
0,0,0,0,0,0,0,0,0,0,0,0,0,0,0,0,0,0,0,0,0,0,0,0,0,0,0,0,0,0,0,0,0,0,0,0,0,0,0,0,0,0,0,0,0,0,0,0,0,0,0
0,0,0,0,0,0,0,0,0,0,0,0,0,0,0,0,0,0,0,0,0,0,0,0,0,0,0,0,0,0,0,0,0,0,0,0,0,0,0,0,0,0,0,0,0,0,0,0,0,0,0
0,0,0,0,0,0,0,0,0,0,0,0,0,0,0,0,0,0,0,0,0,0,0,0,0,0,0,0,0,0,0,0,0,0,0,0,0,0,0,0,0,0,0,0,0,0,0,0,0,0,0
