97.4785568192789,118.300867197322,40.3199098152398,190.611442483477,76.333762506397,100.471649166137,91.8771990654246,89.1846651678611,61.1025724149538,97.8022070978192,151.350062165318,68.4628621676185,74.4057598515638,114.243901325832,51.5825643535933,121.92340263271,161.474720302964,84.0881141066241,99.0815928918198,71.8216350546654,103.037000560475,120.099418017296,76.8318737814836,155.29620960108,190.044238743592,92.6895988821744,99.5348343796487,134.219701194851,71.801520812325,87.8567544792375,105.895065284313,114.103221741746,116.910681594222,122.537749336974,110.089654585846,130.795230328447,61.4341564162249,41.7166598462735,131.834160892966,87.2472548069966,57.0578536515577,79.2099653715076,94.1496853778638,112.231645488874,59.8303541180155,103.02463948632,148.678923783359,39.9566280353389,13.1319268487083,128.885174563552,76.4209826172019
8.14957815483348,65.2542700876241,6.10474105285482,17.191974966503,5.82782776289616,20.854782258902,7.95285356522436,7.60141311680144,7.88056088964555,9.9303456395275,6.21626242515208,7.67738022071387,5.93672519341726,23.2650140802487,7.51737973745298,7.23348995316707,11.292021070019,35.6282494355399,33.7170475869122,8.26131683400877,7.01813287473772,31.3398697504762,10.7956282373478,18.4828079834303,6.84636311674188,8.16989352324367,14.3156506947432,70.8505651428227,7.4347123400205,7.91253198575771,12.311407846444,8.62549680476246,23.3456914191109,7.97109614256487,10.522423042783,6.42582079444554,7.86863271339706,5.97632691151142,45.997663799379,8.33022851058496,7.31012868321989,8.76049370671018,8.5860891979566,6.89733818002577,8.33387057728822,6.20778705752747,14.8907635047487,6.2588325514136,7.33910764141876,69.2418350794159,8.12617563983872
7.86579639722629,11.0202573605621,5.8948279616011,7.8619961410767,5.4070746858921,8.25489635610012,7.38657002037547,7.12614194703553,7.17798707008183,8.14828473854431,6.02290465725849,7.418552325966,5.68685448148398,8.22493312255841,7.23942169563526,7.02275045874694,7.64958782508955,6.80203383295361,7.96852177896778,3.98401116963129,6.40489364986757,8.00694177075167,8.19009316067314,7.88252496021011,6.32010530751347,7.67126717789955,7.37895886482994,69.645861615307,7.07782461728499,7.45928841303049,6.06639166278654,7.97162212427008,5.59200082756342,7.63232653794876,8.01949781328574,6.16618786792509,7.22705156423683,5.52847116327933,8.49101321497204,7.83793885553888,6.75693987870659,6.34645757930184,8.0879550051452,6.60820578131984,8.00969874122217,5.88103175912903,7.85116295202766,5.89887624837047,6.56176524928537,65.2258018808756,7.32204945347308
6.30155085351248,7.41394992413399,4.3843830925469,6.32372346255903,3.79411457559451,6.89947884777649,5.84431994346448,5.74715598853948,6.23965576345557,7.29512666892896,4.5566764935877,5.97397186826316,4.04784486063767,7.19274575318065,5.44576481449002,5.05668123828065,5.73094837632794,5.66300856619085,6.45809803356553,2.76834557732042,4.58802179262477,6.62101309628889,6.50292970127026,6.80553529348452,4.68255552507003,5.82391757607525,5.58373381493072,68.4552925157781,5.64931004743289,5.66365339771806,4.36915446023261,6.38612703131332,4.67706061237271,5.58439537522094,6.69658761785109,4.50557779757429,5.908793204414,3.82782614805427,7.69750927643361,6.35187258031982,4.951135340581,4.87899487061753,6.5530812618602,5.22489422671686,6.29887675388898,4.73279171384462,6.21250452220198,4.46266244616595,5.02606318392509,6.31247515375054,5.52537481867597
3.2449765107732,2.71542227635865,0.860880305137357,2.19493567529059,0.666641207155692,3.01464463297066,1.82961724479873,2.24354232972235,2.42064971768457,3.54670741797628,0.902021281896225,2.01319454868985,0.735205394482875,3.33456658245444,1.30715693777159,1.02534612152419,2.0879828513248,1.37265016639088,2.88319430930886,0.0731880139176155,1.11901555759795,2.37358053067618,2.70001797562207,2.96135625673321,1.52761746052141,1.80312762400752,1.94809814385945,5.10369071696113,1.53999963106082,2.04171983866695,0.784540926932891,2.93525333673466,1.11932359404767,1.7362634000915,2.72678795818302,1.01595111047959,1.89996526536521,0.443601244856495,3.51026998403688,2.88370814699795,1.32582495066805,1.4491448472516,2.7984519036338,1.4646373445043,1.73322121543379,0.845130097100594,2.69489893014293,0.924336861290556,1.2497088711026,1.8551821617927,1.97736062026053
8.0831341620069e-11,6.64419985696441e-09,0,7.95807864051312e-13,0,6.67910171614494e-11,0,0,0,2.92516233457718e-10,0,5.6843418860808e-14,0,1.84786586032715e-09,0,0,0,0,3.01270119962282e-12,0,0,0,0,1.4210854715202e-12,0,0,0,0.0160174586945914,0,0,0,8.67999006004538e-11,0,0,5.6843418860808e-14,0,0,0,4.49063009000383e-12,5.6843418860808e-14,0,0,6.82121026329696e-13,0,0,0,7.38964445190504e-13,0,0,0,0
0,0,0,0,0,0,0,0,0,0,0,0,0,0,0,0,0,0,0,0,0,0,0,0,0,0,0,0,0,0,0,0,0,0,0,0,0,0,0,0,0,0,0,0,0,0,0,0,0,0,0
0,0,0,0,0,0,0,0,0,0,0,0,0,0,0,0,0,0,0,0,0,0,0,0,0,0,0,0,0,0,0,0,0,0,0,0,0,0,0,0,0,0,0,0,0,0,0,0,0,0,0
0,0,0,0,0,0,0,0,0,0,0,0,0,0,0,0,0,0,0,0,0,0,0,0,0,0,0,0,0,0,0,0,0,0,0,0,0,0,0,0,0,0,0,0,0,0,0,0,0,0,0
0,0,0,0,0,0,0,0,0,0,0,0,0,0,0,0,0,0,0,0,0,0,0,0,0,0,0,0,0,0,0,0,0,0,0,0,0,0,0,0,0,0,0,0,0,0,0,0,0,0,0
0,0,0,0,0,0,0,0,0,0,0,0,0,0,0,0,0,0,0,0,0,0,0,0,0,0,0,0,0,0,0,0,0,0,0,0,0,0,0,0,0,0,0,0,0,0,0,0,0,0,0
0,0,0,0,0,0,0,0,0,0,0,0,0,0,0,0,0,0,0,0,0,0,0,0,0,0,0,0,0,0,0,0,0,0,0,0,0,0,0,0,0,0,0,0,0,0,0,0,0,0,0
0,0,0,0,0,0,0,0,0,0,0,0,0,0,0,0,0,0,0,0,0,0,0,0,0,0,0,0,0,0,0,0,0,0,0,0,0,0,0,0,0,0,0,0,0,0,0,0,0,0,0
0,0,0,0,0,0,0,0,0,0,0,0,0,0,0,0,0,0,0,0,0,0,0,0,0,0,0,0,0,0,0,0,0,0,0,0,0,0,0,0,0,0,0,0,0,0,0,0,0,0,0
