0.0123209888752172
0.076419196758934
0.0566898498627779
0.0172410209153213
0.0591781770551734
0.00739604033412888
0.049283954552493
0.0221856608573034
0.0517649050775617
0.0566358513262912
0.00739604033424257
0.0295620278654951
0.0467956890794312
0.0344918963421605
0.0320454164352668
0.0295841612121421
0.0517280658132222
0.120738849177087
0.0295521836928856
0.0542384644654703
0.00739604033424257
0.0467956571867489
0.0344771317384129
0.0271253843955037
0.059082400200964
0.0123209888752172
0.0221856608573034
0.0542212399550408
0.0517427711613436
0.034467354267349
0.0493061174202012
0.00986467206098496
0.0123160725192974
0.049283954552493
0.0320355613557695
0.0418387919419274
0.0197194892482457
0.140443601715106
0.0714622589807732
0.0738915415140582
0.0221856608573034
0.00739604033412888
0.00986467206098496
0.0467465769277169
0.0295767736135986
0.0320208154814736
0.0295767736135986
0.0320208154814736
0.0886835668566164
0.00739604033424257
0.0196899980048784
