41.5334022354828
36.1135887210885
24.5509282497983
37.5705194707575
35.9040062539875
43.9757255617073
33.8232732793342
40.2704698834641
44.9902760940972
40.3229880751953
42.4928004690789
38.6389985910973
39.2461871785031
44.8000587182662
30.310326675195
43.7824957394459
40.3483102370856
45.0534628669213
34.208447613061
38.318628657106
39.8093812889038
36.8821081589338
39.0852584058484
38.3365037698134
37.0228167491596
41.8907386002443
33.6586655900508
30.108730892106
38.2365843753839
39.4550480798789
39.365427694479
29.393240129345
40.3295288143481
33.1149403798242
33.2793839199526
31.9992965631398
43.6236481115393
34.7335664911129
41.4303415932441
30.7720019251581
26.4747418190325
28.5341832249142
39.1996181080478
39.5949200434152
30.1242677433188
36.3039210765382
34.8607282824955
36.3617321303273
40.5625150838819
34.0408602902103
40.720267725382
