33.5637528292714
36.8710703275153
34.7643402545923
40.6865958799733
38.4540632911794
35.6804658700285
37.5397912436542
34.0420476965573
23.7483953131284
46.259115774832
43.7334669593079
37.1157481249716
33.8733113621001
37.6365663766069
27.4163153158797
36.7017658894297
33.5022528711725
19.9757098907162
33.6011774453066
37.4090888832714
27.9202155313601
34.192633100356
33.8265107293132
37.9407615388614
42.2828603330272
28.7258700386601
28.1755117155767
43.3988876383291
37.8199816234339
27.9785585710088
25.2152320047671
40.5583412924482
38.5740947261718
28.2537071113038
27.5058186655242
27.2377314204457
31.4834496517517
35.3934906420116
38.0500335363131
29.3816724579276
24.3394641542209
34.7919619845893
44.079641303523
34.872023782269
36.7642206881253
40.0072039300076
36.163316048775
38.7398646679744
31.9311909412879
22.6686161329262
36.9949703162047
