37.9151252571223
41.6961769157433
38.5278458209559
39.1775842872789
22.1224644840568
34.2499679326247
39.1161814526422
39.2789854626585
30.0485649976983
33.3830877108931
27.3036033188005
39.2972919264505
41.6610679237508
32.2353527429216
40.747042441749
37.5914743195381
36.7233915658808
34.9579179729471
32.8638215079525
37.3043886672203
34.3067141913386
43.1991445806327
26.904891529957
34.8527462956818
34.1280298098459
41.231341850134
40.723777937412
44.7857043203144
28.291806452266
32.8260756734967
35.9469055259615
36.5883190729533
28.088964130121
30.3957042479713
36.6607544711335
32.6887717118043
30.5189847974775
35.8465714846686
35.0509153750518
21.2519594351968
24.0256230103855
34.8623269147042
32.874804074029
34.8886890405136
37.3405397360311
30.4307240843343
29.4322336971043
28.5919047239322
34.7391866351563
33.2393740584471
37.4280186854471
