7732.01802489677
7644.3126312654
7489.99806033486
8009.49358875672
7233.47799952562
8036.40791726825
7604.81380325917
7487.12039183192
7952.63652113283
7645.22202255672
7724.21578570875
8162.79779234213
7252.50025323315
7220.16899139054
7815.91628036957
7663.53474994298
8134.74180525377
7255.82514024872
7712.09202851547
7629.4352984769
7864.36889138611
7621.87634709873
7770.61329684395
7882.99696983354
7899.27379253467
7077.49297958154
7678.72226728589
7754.91916550833
7956.53803062148
7858.09664994574
7859.39553150643
7959.33324851953
7969.01461190831
7297.77956260315
7809.35966576945
8174.86980045136
7586.80713021814
7945.20931642694
7918.95624452087
7468.89369175565
7607.26755874296
7719.18318653241
7770.26179210626
8057.06396321251
7393.34145455548
7327.28341927906
7732.12114644112
8173.41524725402
7743.59212446013
8118.45673170544
7629.79206586891
