1715.09010265352
1901.27379459191
1810.40239110167
1660.86688127883
1424.50522302656
1553.72204482983
1673.64723430558
1828.54076158105
1625.52090546387
1670.35763707806
1780.3954334541
1569.74999344274
1803.36452461205
1656.73602385092
1832.31327301844
1841.6563393461
1612.7963850675
1849.91323193521
1511.69836906336
1621.41425486133
1868.78001203453
1653.38508653062
1778.82011735468
1642.52783005117
1795.97059709913
1853.98054650633
1948.65357312021
1925.26480190167
1766.87645220549
1664.35013418985
1635.85393188346
1562.7988755655
1906.15861951996
1723.95969211583
1745.96923468192
1931.48446675286
1889.85932588296
1427.05128930131
1845.09467893162
1646.63128352722
1635.82935218705
1782.89624405316
1822.12965954463
1834.03981340377
1809.17777001031
1860.8574117723
1921.36640656222
1774.75451054526
1243.0415546956
1859.86331515459
1842.07991708892
