13979.7269477954
14024.5658467163
14070.7724658983
14266.7066480332
14214.6097193409
14072.7862206876
14260.0806787207
13706.064149583
13998.3965601536
14191.0234784818
13950.9116099102
14015.5289110006
14717.9307879009
14410.8781950688
14163.8896661249
14178.3905482597
13961.8613673288
14167.8568205598
14154.082820594
14549.4324551942
13915.5425286857
14003.5339962618
14587.2491698285
13052.2831362258
14208.6569604549
13526.0509173493
14375.8736529968
14388.3169186795
14484.8507723055
13664.5000803177
14598.5330873676
14207.9228467374
14135.2558080204
13800.9646519523
13967.1884612081
14624.3802455266
14392.6252769846
13408.5911971024
14094.3197284358
14067.1520222216
14657.2324216848
13970.1624541356
14095.4051672921
14712.6605882731
14710.3899728971
13500.5567780763
14152.7063080869
13860.5202450201
14168.4950712577
13947.2903657988
13740.7830197429
