1457.76613885417
1280.25419007682
1557.91820666388
1305.94351177401
1516.27600861753
1454.51199086391
1196.66903023744
1648.28062568353
1603.17497479079
1510.34525528722
1642.54596331724
1792.77530546654
1789.18992816528
1535.38656990765
1431.55439635405
772.792151740476
1159.80029611098
1406.69299864451
1435.91663121425
1482.59517047808
1336.22465641972
1297.1499219886
1265.00803972837
1816.07985582892
1568.33644128697
1125.72719639212
1692.70411742889
1516.56243877568
987.518960461818
1625.1540076757
1447.4858119094
1665.11958468956
1469.43329156809
1741.20710736186
1830.0843763765
1489.87868566062
1812.48556390452
987.518960461818
1720.16811317678
1659.69973238849
1706.74670968667
1430.14655873432
1698.22985014576
1343.43597520443
1633.81715693984
1662.56810572623
1790.25357311314
1523.37243970626
1714.46540120307
1568.23134022876
1577.83392466393
