1.7656418441602
1.45741123017729
1.46432765999543
1.24515346626458
0.75244741292272
1.61862042868302
1.47126258122921
1.5863026667364
1.59226637838719
1.88701199993056
1.24772149916316
1.13726517683313
1.28874381603441
1.80955291096279
1.47721889965032
1.43938696451664
1.9376120374468
1.31704967479141
1.51515380408341
1.638426987824
1.45739879173493
1.73231089648311
1.18145741545095
1.22805473468588
1.97410929369607
1.79701191276217
1.41231165706768
1.95156118912882
1.77826733800521
1.30513331785983
0.928385023222063
1.54219789591843
1.39995905206479
1.31535324926494
2.01044817685488
1.76295850609313
1.46321675346576
1.89513767822496
1.66843929568336
1.35018876614936
1.60406662459218
1.96143084877804
1.26837858723161
2.03601164318343
1.78504828919381
1.96675438875968
1.34714333517968
1.24062600794855
1.33280063192683
1.40585876662453
1.22558754652823
