208.55422952843
218.911728912219
201.092229877228
213.709913414192
207.957813802913
214.663573847257
212.616587263875
215.822567611013
186.013265092531
186.270739088532
213.705211349362
204.059641193816
208.677407857218
211.130598227818
193.534481029013
203.181125103195
195.610968443775
217.009376763064
186.932635875879
194.458655600804
197.813556227547
202.501108221586
214.702868412828
187.406047547218
205.211449164655
213.635244820578
190.332354219315
195.801493085633
216.837345690232
200.192168595684
204.586621413745
210.563573631303
215.127209813559
202.837509705369
213.881012362532
214.11903071677
217.168210739261
207.340114087699
211.946419387432
201.658225351044
219.871651308638
221.792411738506
198.535349550726
198.772651037049
215.167570695418
198.243952580479
201.517835590942
208.743657891821
199.629481640828
192.047383790731
218.459065353275
