198.002756750659
214.017865579026
217.005187780828
207.338132836524
195.942336705407
215.439965322732
196.167792925856
203.315866268043
203.89659393062
199.051977020581
214.022712967769
208.927080590391
209.314103896257
190.185848108907
190.107919870082
218.92965510851
217.361169744447
219.337437891593
199.14888450641
207.541971678777
200.725819586241
206.533550131955
213.77905484348
196.683675107441
193.294012303554
205.818906953136
191.250792357722
196.847173606518
209.22213696172
197.674650152272
202.905831939967
206.036285449995
215.969699027125
220.807818768071
212.194637155602
216.633715214888
206.974790372985
205.298445704447
212.391641254361
205.689247715364
196.001532460268
217.047226074769
208.859914906667
205.166353624928
199.528089325195
213.135588083665
220.134123427854
183.702639021938
208.293455378492
199.629663348068
186.710020368944
