44.0080830937532
43.49453414103
50.4528006573196
48.0879858487049
39.4313418325235
37.722850624956
43.4225651395438
41.7176508901982
47.9226510878616
43.5474458920055
43.3983975996407
45.6575939330446
48.8081554495075
39.6714840175991
47.9567718882981
43.1466143229359
42.0403606119721
44.3264501054505
46.7756720346135
45.4917991327029
48.3059844480338
43.3308582297223
43.2903405371769
52.4821375003708
38.7658483952005
48.792689149516
39.6145951014657
46.9413668603991
49.2031530260033
48.655378982487
34.5053696633317
41.4079582819381
41.6494995690032
47.1688124728676
52.7199325394188
55.2361233827469
51.3504731773185
49.6877646576233
50.4798125580742
49.0262180383288
49.4145255954938
47.5835143043232
57.4057254894506
51.1072081294128
41.6633717915577
41.0957041826709
51.6621983334412
40.9398108309529
45.596577850398
47.6025656128579
42.8170072247622
