23.7378682641311
23.7288912802069
23.6590278350354
23.1293155878175
23.4739237874205
23.7654198188875
23.6961740758206
23.8548420699403
23.1218509208911
23.4819309243776
22.693882262382
23.5607601686556
23.8306637759351
23.2252133924399
23.5960122360939
23.0742798498491
23.6140743420706
23.8463316861216
23.5508516171831
23.8518571393333
23.340222957936
23.4056562965256
23.5632677900594
23.5622900968142
23.3827881261213
23.7188963227709
23.6419750494106
23.6727564290632
23.6314734618522
23.4429969905113
23.6764301825756
23.809029039302
23.2980057597697
22.7033607102153
23.6465161435517
23.3769074387747
23.4739673368667
23.3577305099611
23.7405063713318
23.2663602893826
23.6261689021758
23.9891261982257
23.5119801120854
23.2533634553065
23.6800773403793
23.9560533202907
23.2221134891556
23.2210562227856
23.1504177191891
23.5474027388145
23.3508294328262
