14.999999981454
14.9999175634966
14.9997306057344
14.9055500075974
14.9996639321198
14.9993322892042
14.999991568734
14.5581789389475
14.9999997995988
14.9999928217908
14.9999996925681
13.589986110017
14.9999009996691
14.9999999912625
14.9999999443276
14.9996935581371
14.9880701549655
14.9999862317013
14.7342029635615
14.9978423662351
14.9997974131957
14.9999989999656
14.9998749742754
14.999182561658
14.9999999471738
14.9999999618185
14.893059693537
14.9945331767999
14.1880851513015
14.9999986154139
14.9999998667199
14.9932538101884
14.9999270951566
14.9930255097579
14.9977029679894
14.9999994943964
14.9999950169586
14.9999593381067
13.6072181129907
14.9998214536017
14.9985746865136
14.9996097262415
14.8614671433584
14.999994114346
14.9999999607498
14.9996026913191
14.9994043691859
14.9999999233305
14.9999854918383
14.9999977087887
13.4876652569765
