8479.47140088327
7812.03282116894
8053.30910291604
8464.11740858445
8095.2735478012
8318.48433047925
8355.65138024845
8342.33898661478
8860.2533775992
8436.18761179208
8370.70700824392
7960.49503100271
8408.27614834747
8613.66872248709
8054.42846834916
7660.566239438
8140.49300378657
8383.16532869516
7705.52348049026
8049.52035703133
8307.72315633441
8525.2137882681
8149.15490094497
8569.7252348483
8364.01771246541
7379.27738970972
7912.73805507438
8119.42302256494
8024.21608402549
8608.10796471237
8545.53965708761
7939.58502643296
7534.19968180251
8303.0880796373
8303.55692571879
8557.97423387118
8594.69061328428
8507.51118210452
8579.72979529751
8110.05604573818
7475.03139108228
7808.71772454447
8123.58403464483
8597.26995243456
8328.19948137122
7902.67812961686
8256.28586030676
8794.5186664254
7694.36559283125
8223.58235415998
8448.73965148058
