1823.23237009059
1999.04433905716
1868.33273140325
1964.14239115897
1859.50639370529
2195.90771514279
1994.03465656801
1724.76589202251
2177.76828259265
2234.49263044816
1937.60513379723
2024.63870710542
1912.8802232938
2029.54491633704
1821.5769277338
1979.41542088042
1760.31155128277
1942.62966561714
2184.08399393575
2115.45763845428
1747.54690483523
2113.72337339584
1888.38412301107
2121.99810666314
817.113993727253
2170.64321315038
1854.70113910188
1779.73051539377
1970.09143862782
1819.76019472373
1816.81364441465
2062.18899158334
1724.85602807032
2147.19277403381
2120.67285986625
1794.71238918572
2031.51888776233
2033.00720510781
2185.14962311656
2053.2942445932
1954.76135139556
1874.9883865922
1902.41004482846
2133.71467440564
2118.55229571077
1777.8478000303
2172.87333737247
2222.9793158575
2064.94779125414
2051.77651444353
2219.9849778535
