8554.45657948666
8349.08833298546
8253.18047442014
8493.42840074371
8517.0631173095
8656.47798171171
8453.53245114685
8325.09162892283
8551.95582162991
8759.68466085004
8539.78828820896
8064.2194573922
8941.60221216978
8167.61217625294
8320.93127596826
8684.760934763
8088.46661325021
8581.3020857834
8425.78344415819
8250.8193073006
8581.79711380909
8131.22144203032
8666.49352460157
8176.09736047901
8190.130410175
8447.3483017963
8104.51428488065
8335.9959569032
8119.40077835672
8461.16730970728
8300.26656219153
8295.19216609783
8684.33425156192
8352.19378793883
8669.30248940433
8368.09919164228
8531.01477576595
8717.98780583013
8575.32262321076
8206.9465918998
8280.44551111616
8458.30204452994
8328.66054650162
8543.64992733681
8288.31321522736
8471.41506727809
8472.0732000873
8462.16760610268
8469.22645175883
8674.7989855632
8028.69068328414
