254.774184150641
256.537365455539
261.786025136493
257.858019369358
258.134745405318
241.371825971001
252.499782072669
246.442766927075
249.915364112156
249.573045115741
241.034442663384
244.421503135796
278.459262889596
249.900419452521
245.941217689347
262.134299679706
260.329800902377
236.524814992099
250.459837206348
244.395190947218
260.656283427938
270.047707427137
261.951574640265
234.506100882093
252.944011848009
267.053663011638
269.111726748978
240.422096371492
242.341713920128
275.085018177266
256.52573574637
259.743947951804
239.102051149498
260.03257105488
274.452768661703
253.337360308822
257.001446690735
262.817879781993
271.105746172688
244.411866692478
246.304126458264
248.061943276409
245.808591069771
252.958860013773
267.429516130835
259.956161714232
267.006977891765
270.19487941353
256.099607942053
251.585185177147
251.01473671236
