715.86409963796
323.424825471753
710.779510468649
718.423454103556
327.128026191226
715.967978789427
683.141132693036
714.919041934992
331.830090095516
695.599228141281
699.190420805237
329.827789581709
345.925491234274
324.473841532672
719.552294035014
365.81097288039
358.449136143066
331.084617488503
328.248979751028
318.279743084533
705.717221372644
723.05647089043
695.749213120393
697.546050798242
333.620098113686
718.647495941555
718.245809497073
712.015936258013
714.17447708126
345.620724439148
704.840286784781
717.130452408308
708.711722717883
327.580595953433
719.181776918452
701.780391829543
707.614249689296
702.437805032559
715.318698200793
713.29830204913
706.174299874233
691.392502192779
692.889971722942
348.303688089661
714.235764891499
342.984613687516
722.231338189876
703.684961795135
339.433880168182
699.267273647584
713.791040432447
