373.482682209176
377.044019020179
372.298669994041
341.459812853205
360.168362459698
343.8248118049
360.451755698433
363.32211213021
350.673193529302
377.170091125301
377.955576205713
389.89029494714
354.470442606949
356.185423667994
384.065162446215
350.718265253347
349.946945354472
377.101248313058
378.657063913156
344.329914174305
370.30182799131
369.053802284865
374.866922583485
347.942937765504
354.911734509616
353.821120507468
388.595845832316
352.087624036051
361.755614688528
354.656025137309
367.517740373695
369.205550871789
356.941688408545
352.273133310114
335.852023965205
365.492818889881
357.282402195387
369.960452536712
381.323454502749
357.230402769495
366.137955851623
367.233491574657
357.884021433321
371.047580799058
345.979005460387
375.747754858039
382.596775695002
368.823226772531
343.469897890014
336.775822839309
360.588876497724
