164.838054098144
400
215.485131108288
130.277151467468
201.914216439622
160.617479345553
156.855787203707
207.272903545806
226.493432803097
215.483312174149
209.392889848165
207.864662649285
211.571324395413
400
197.992137293917
221.535556776122
143.477694500184
192.964067194555
207.047604666007
211.82582760087
133.836462521302
211.38176095268
199.976070225089
219.453010526828
202.408020379783
199.832325540616
149.384085587005
400
136.649360882302
400
133.078223856748
190.979893475599
140.371586511483
149.060111793463
209.834161169761
400
203.721321996076
211.331454774065
185.851493179085
156.415884654812
210.668640777924
192.954129168441
152.225938869873
131.021102898858
142.638299403014
200.794902178775
207.515742604829
400
205.574597197874
400
204.08823880954
