300.000000000004
300.000000000005
300.000000000005
300.000000000004
300.000000000005
300.000000000005
300.000000000004
300.000000000004
300.000000000004
300.000000000004
300.000000000004
300.000000000004
300.000000000004
300.000000000004
300.000000000004
300.000000000004
300.000000000004
300.000000000003
300.000000000004
300.000000000003
300.000000000005
300.000000000004
300.000000000003
300.000000000004
300.000000000005
300.000000000004
300.000000000005
300.000000000004
300.000000000004
300.000000000005
300.000000000004
300.000000000004
300.000000000004
300.000000000004
300.000000000003
300.000000000005
300.000000000004
300.000000000005
300.000000000007
300.000000000004
300.000000000004
300.000000000005
300.000000000004
300.000000000005
300.000000000007
300.000000000004
300.000000000003
300.000000000005
300.000000000004
300.000000000004
300.000000000005
