1.54111262418155e-07
1.67117264027183e-07
1.42328758556687e-07
1.22949813885498e-07
8.7701550910424e-08
1.48022422763461e-07
1.58975353770074e-07
1.36053017740778e-07
1.13258920464432e-07
1.06019115264644e-07
1.15945681500307e-07
1.35370783027611e-07
7.99303734311252e-08
1.24978669191478e-07
1.2910811619804e-07
1.38468067234498e-07
1.23599988910428e-07
1.42001567837724e-07
1.59801970767148e-07
1.67315192811657e-07
1.20422441796109e-07
1.92315610547666e-07
1.30003058984585e-07
1.22772121358139e-07
1.4283455129771e-07
1.00648549050675e-07
1.20667323244561e-07
1.33275761982077e-07
1.32773493533023e-07
1.52347183757229e-07
1.07673713500844e-07
1.10056703306327e-07
1.45743229040818e-07
9.76198180069332e-08
1.55039288074477e-07
1.31209617393324e-07
1.00662873592228e-07
1.23062363854842e-07
9.61630348683684e-08
1.0364567515353e-07
1.34016772790346e-07
1.32890477289038e-07
1.26381792142638e-07
1.70005250765826e-07
1.39311850944068e-07
9.58095824898919e-08
1.6618685094727e-07
1.42011799653119e-07
1.23710492516693e-07
1.49298557516886e-07
1.45359763337183e-07
