9.81242274661361
0
0
9.81242281141715
9.81242292060017
9.81242278208674
9.81242308304888
9.812422760456
0
9.81242281147968
0
9.81242287942644
9.8124228400751
9.81242278993182
0
9.81242284735595
9.81242278691957
9.81242280427603
0
9.81242278361856
9.8124227514428
9.8124227776118
9.81242276685668
9.81242279676246
0
9.81242275220325
0
9.81242291059664
0
9.81242281296375
0
0
0
0
9.81242275662407
9.81242280963636
0
0
0
9.81242276399973
0
9.81242280702645
9.8124227950284
9.81242278086245
0
0
9.81242282848314
0
9.81242274709768
0
0
