43.4473315349732
43.4473315349777
43.4473315350222
0
43.4473315361907
0
43.447331534971
43.4473315349748
0
43.4473315349837
43.4473315349735
43.4473315349999
43.4473315349768
43.4473315349816
0
43.4473315349895
0
43.4473315349787
43.4473315349729
0
43.4473315349722
43.4473315349745
43.4473315349851
1.13686837721616e-13
43.4473315349715
0
43.4473315354193
0
43.4473315349716
43.4473315349735
43.4473315349724
43.4473315349752
0
43.4473315349724
43.4473315350242
43.4473315349778
43.447331534972
43.447331534971
43.447331534978
43.4473315349726
43.4473315349738
43.4473315349761
43.4473315350373
43.4473315349736
1.13686837721616e-13
0
43.4473315349786
43.4473315349857
0
0
43.4473315349735
