2.95079659696523
5.24247728080854
2.95412293710342
6.51200982664102
7.24427308879899
7.38412456034371
3.06580897441415
10.1417765925178
2.58704428586884
9.09289819700689
14.3483861268595
3.82001617832736
4.49095143322791
4.67384653025101
6.85120489096983
4.84149230873675
8.43115286049931
10.5969392536691
5.62060682322658
8.34062400446953
7.66454075761135
3.88248272804435
6.41365867668367
2.78233757755311
7.86774356276896
7.87782735910264
1.42650571787226
3.67382851807531
2.86398431715645
9.58447300521414
8.34741461053477
1.26227737658724
6.09725936169593
4.05195875677657
8.70726118852826
1.34658588424054
7.91185247032388
5.9642372476593
10.3336361152701
6.72509779171651
8.44913928600283
7.74539826865191
2.66307200257882
6.32117607556506
3.92192602183809
2.21472155615197
3.74676483891164
1.6912926115499
4.47043018401894
7.38570961867163
1.80662107433182
