0.760196884895208
1.07434629559646
1.02235835387023
3.24783918624064
0.461850248886662
0.827023256576581
0.0827002068846241
4.68387573022221
2.03264266391852
0.34301138833996
0.471496909486177
0.221587543939449
3.80162997351681
0.385579288364966
0.37907848032637
1.68230990720122
0.327634185834881
0.673603583203203
0.246686488750015
2.09216533968902
0.333245694272591
1.84992528116311
0.793624705194588
1.47422321574595
3.25158829669249
0.721246581783362
1.71565065006246
1.31773388163538
1.39292957452142
1.13384770651851
0.691921828293061
0.92309932413491
1.69267843069485
5.89606867612167
1.46919043394723
1.37808963205373
5.69994119794865
0.312287251059161
1.67606399816498
0.727556289536665
1.28037446112694
0.4805824095356
0.23196197235859
0.604071060685214
0.382603764745795
0.662117414280942
1.98169557303129
1.01769463560038
1.47664846576902
0.654492826560613
0.292595492088253
