7.80875097916578e-08
9.69102434282831e-05
0.0128758015665653
0.00415115459406934
3.73017361425809e-05
8.5980218500481e-09
6.31493469427369e-06
0.000114238589048909
8.47201874876191e-06
0.0105969064500187
0
0.0187508500137028
0.000403494217039224
0.000812593774071502
6.38018142353758e-05
0.00194312907228777
0
4.91468188101862e-06
0.0446443379265702
0
6.19570528215263e-09
0.0853263993199107
0.00107717135063012
9.06865739125351e-06
0.0104221344572579
3.72792328562355e-07
2.84096586256055e-08
2.88483045096655e-06
1.96574183064513e-06
0
2.83345548268699e-06
2.83387613535524e-05
5.3074472816661e-08
0.000608910431310505
3.55014344677329e-06
0.00172353268999359
3.32701256411383e-06
1.59302544489037e-08
0.000569372530549117
2.83367478459695e-06
0
2.09629706660053e-06
1.33900128957976e-05
1.15843477033195e-08
3.66875417512347e-06
6.08427660608868e-06
4.74233842169269e-05
3.1261477033695e-06
1.25439049725173e-05
2.87161424239457e-06
8.55868620419642e-09
