13.0211836574573
7.70125025317043
25.4589298799747
14.4977008741789
17.1729318479892
13.5718471337311
14.5197929407956
17.1893769744568
18.8910897337173
8.3250203233714
15.4389721264567
41.539544337084
12.1386990672726
15.0979024685271
14.1600130277637
16.1966089278405
13.5343521384341
16.331563239303
39.6745446064327
15.9613696609484
17.6528342860879
14.3691762380471
11.5805886250965
41.2428005028055
21.1709532238269
12.2031032108803
14.7218638633558
13.7188031015019
14.756554662831
13.2000962378992
10.1224250464239
13.8108313574389
16.0675966741952
15.1046341709852
18.023466580836
11.4004994872306
16.0891554806926
18.2088138028864
16.1074322191587
9.86708410968163
12.9043243060169
11.7879472503829
17.6489313207649
11.0999780072301
17.5567280421852
13.7873627919899
15.5650940481357
19.6378234685919
15.7531537238028
13.7322206077201
21.7499091976777
