6773.86620150432,892.384179855423,942.770541456862,616.314904148645,723.041693732015,680.571373014775,1203.34242492356,610.369352914749,1041.45110290162,6782.37071418697,564.486415781693,1078.79376878536,1543.65751864538,1185.46119191274,1322.01716501546,552.353304411454,925.12330186571,903.350764240338,1192.63554263153,490.119361864241,6757.79656362765,1400.64219623329,617.743203443694,1242.94076573488,610.975018093996,840.880402836316,606.526748872707,7104.75937754939,1327.61904414227,1623.03717445441,1721.24103706223,712.006618760443,716.933331098378,965.746716927229,630.531518703891,1403.25462691351,585.822075540616,1031.75886254104,583.89179479838,632.61874429002,786.807144341979,1666.86384113269,963.14301752932,638.549660194531,598.131684674962,739.319005193779,473.493090411271,889.390707925116,784.342494332559,775.815270935261,1277.3720029364
5450.5124550699,412.38888814874,421.721824393135,411.0346792747,410.819621035634,413.776686846152,582.95345886276,415.515004607378,430.887724199238,4868.96291703806,411.219033073078,434.215172277811,455.676856784802,431.734398146052,501.691137048299,412.2753264337,420.258286965109,461.805578317184,494.83732062227,412.309113930979,5738.51687196227,514.991326147563,415.630869931903,531.202139190094,411.155258185876,417.464531668511,410.305649206058,6465.14712340115,543.634350570357,698.562142835228,663.488167163744,413.353348154811,434.269485792601,421.496301455798,414.710394969297,466.115305070585,414.18944103059,471.129631439183,411.003324594858,412.683278440235,434.632739093721,508.722783298869,443.6501405418,413.731603005063,414.264384397448,421.110865802157,409.522452383072,422.022967135523,637.750391517323,414.665380148434,839.274867060468
2806.113762999,408.125951501477,409.549591927809,402.985017509446,403.988385979644,408.268700835762,423.352285249647,407.930109039732,410.306514925169,2445.74745794117,404.362096489215,408.35812607376,418.532829188155,410.943297494003,416.057568084435,408.194675705896,406.230719249416,411.55108688468,410.614572114966,407.984470059004,3744.91217026448,432.469536568199,407.551386643736,416.729806798195,407.611979876932,409.172842214119,404.598281836504,4418.70821250264,420.673646261042,465.673820209543,461.416667712009,408.74105474633,407.989848299729,409.99784240299,408.483079015813,422.902304110832,406.068616558616,411.138544041302,402.255272015936,406.927995881625,410.991139109716,433.310442621569,410.370530940142,407.881185645901,409.39621730428,407.867686463798,404.930582682306,410.653549697994,440.795241307287,406.851967192542,423.447575955307
1100.24854899002,400.005198532217,400.032163832149,400.000042697239,400.000014884888,400.009646141299,410.19401535852,400.039232398801,403.298858137461,587.721861380099,400.000010182566,400.001746293335,408.175507747735,400.551833241215,402.139127061036,400.000156285753,400.099986984701,401.998151387988,403.106309195898,400.000706302579,1868.98979478667,409.077045775333,400.000222827653,408.779513397948,400.000525189417,400.000477825055,400.000052992548,1646.48583392083,409.249622502596,409.008283080324,408.900395168882,400.000133105222,400.001136453624,400.493612891597,400.000036643066,408.358710510243,400.00035625033,401.493658316781,400.074530838426,400.000876360777,405.15111043464,406.504352346651,400.086984238133,400.002345998997,400.000721373257,400.008534554679,400.1238807749,400.107807430699,408.011925561613,400.00017483334,408.888360705129
333.092387339432,400.000000000003,400.000000000023,400,400,400.000000000013,400.000081857226,400.000000000023,400.000000008519,331.457474425133,400,400.000000000003,400.000019240685,400.000000000361,400.000000001987,400,400.099711007768,400.000000002574,400.000000009741,400,336.329133015761,400.006528802049,400,400.000006505481,400,400,400,295.333667571315,400.000004175495,400.016584989205,400.000033481457,400,400,400.000000000227,400,400.00000651143,400,400.000000009453,400.074528888841,400.000000000001,400.000000019696,400.000045017668,400.000000000263,400.000000000003,400,400.000000000008,400.123780853146,400.000000000093,400.000144528029,400,400.000093080844
331.787535936841,400,400,400,400,400,400,400,400,331.457474425133,400,400,400,400,400,400,400.09971100773,400,400,400,291.700336893419,400.000000000001,400,400,400,400,400,295.333667571315,400,400.000000000001,400,400,400,400,400,400,400,400,400.074528888841,400,400,400,400,400,400,400,400.123780852986,400,400,400,400
284.671095122666,400,400,400,400,400,400,400,400,331.457474425133,400,400,400,400,400,400,400.09971100773,400,400,400,291.700336893419,400,400,400,400,400,400,295.333667571315,400,400,400,400,400,400,400,400,400,400,400.074528888841,400,400,400,400,400,400,400,400.123780852986,400,400,400,400
284.671095122666,400,400,400,400,400,400,400,400,331.457474425133,400,400,400,400,400,400,400.09971100773,400,400,400,291.700336893419,400,400,400,400,400,400,267.481361349282,400,400,400,400,400,400,400,400,400,400,400.074528888841,400,400,400,400,400,400,400,400.123780852986,400,400,400,400
284.671095122666,400,400,400,400,400,400,400,400,331.457474425133,400,400,400,400,400,400,400.09971100773,400,400,400,291.700336893419,400,400,400,400,400,400,267.481361349282,400,400,400,400,400,400,400,400,400,400,400.074528888841,400,400,400,400,400,400,400,400.123780852986,400,400,400,400
276.910201692939,400,400,400,400,400,400,400,400,331.457474425133,400,400,400,400,400,400,400.09971100773,400,400,400,291.700336893419,400,400,400,400,400,400,267.481361349282,400,400,400,400,400,400,400,400,400,400,400.074528888841,400,400,400,400,400,400,400,400.123780852986,400,400,400,400
276.910201692939,400,400,400,400,400,400,400,400,331.457474425133,400,400,400,400,400,400,400.09971100773,400,400,400,291.700336893419,400,400,400,400,400,400,267.481361349282,400,400,400,400,400,400,400,400,400,400,400.074528888841,400,400,400,400,400,400,400,400.123780852986,400,400,400,400
276.910201692939,400,400,400,400,400,400,400,400,331.457474425133,400,400,400,400,400,400,400.09971100773,400,400,400,291.700336893419,400,400,400,400,400,400,267.481361349282,400,400,400,400,400,400,400,400,400,400,400.074528888841,400,400,400,400,400,400,400,400.123780852986,400,400,400,400
276.910201692939,400,400,400,400,400,400,400,400,331.457474425133,400,400,400,400,400,400,400.09971100773,400,400,400,291.700336893419,400,400,400,400,400,400,267.481361349282,400,400,400,400,400,400,400,400,400,400,400.074528888841,400,400,400,400,400,400,400,400.123780852986,400,400,400,400
276.910201692939,400,400,400,400,400,400,400,400,331.457474425133,400,400,400,400,400,400,400.09971100773,400,400,400,291.700336893419,400,400,400,400,400,400,267.481361349282,400,400,400,400,400,400,400,400,400,400,400.074528888841,400,400,400,400,400,400,400,400.123780852986,400,400,400,400
