536.811717283009,564.168706614429,575.265084041091,519.429265384275,550.440680775505,543.606313273765,561.593661628173,538.654569584104,564.215086360616,543.814099876397,619.685765498134,545.239173271826,524.966032331097,552.238399767796,524.864552313715,597.870876262939,519.588494137442,607.110284591257,526.585589394535,519.958961427662,554.81880535338,537.051527505315,516.652037417062,552.726797788312,497.31236579343,532.252124264596,569.98057269062,551.126882568968,588.147058197352,582.134584548184,515.107209212481,612.839072147825,544.490939702153,536.841050558537,618.911167921326,570.723105137916,559.420591129952,595.681844774663,670.872631444106,529.165305345459,535.35531880308,576.208865455815,575.474124696412,538.798408301639,595.782552014335,545.18758991424,594.07763312434,532.558448018329,601.450278541276,507.203506489605,592.966456162151
420.385527069123,434.289597842748,451.455983742948,426.670036423101,425.276493477608,426.416247695657,439.904816682899,431.400163544244,429.187551271614,483.441804939457,436.013953533993,418.000305031378,428.726298442957,433.89765543154,439.091209236129,422.597979721793,430.525369665763,428.6635876645,432.619219549737,433.609162612621,447.55486217811,436.619634415358,430.598109195843,444.233696183546,421.436071392016,442.178103167538,433.325617857457,449.290533196013,424.514214842377,435.321581135805,432.269662423411,423.562122877481,424.433377661624,436.874878638948,418.672454114526,455.667585001409,433.126853090936,428.618436837891,438.984072161149,437.730388370766,433.918167460795,437.456673411098,434.921490515909,416.158574867008,438.118863254155,429.28330435345,435.063065441157,433.643308332326,452.499437608358,430.502840118296,451.64741288599
406.226801260172,406.149616664352,416.100644296576,404.828196578328,406.933063190522,407.835551227474,405.633419971385,409.410197754312,410.461872632036,414.662808688851,408.232283295139,404.244996999665,407.411990488948,411.669142040424,410.455750017299,405.0859414816,408.755961054311,408.455074294704,407.167027118048,406.984616199934,409.203303463718,408.08049104583,412.099562727436,412.615755981906,405.957589399999,409.994465931615,406.830752142088,412.678176632573,408.948952251455,409.26406341455,406.300779535455,405.154103096891,406.025890217526,405.752338205821,407.020046488377,413.16119750599,409.565770390915,406.319280377145,404.598992050783,409.872965022289,410.732247874766,406.76652177349,408.285195802217,405.321552045482,405.422661046371,410.44492230405,405.83593518357,407.90501593212,409.650165792538,408.453756767217,409.686066932291
400.395604977077,400.670337546055,400.980371873213,400.358619453379,400.45505266471,400.546639391859,400.332627144128,400.436342428229,400.481635821764,400.719917141868,400.511708925962,400.217823774517,400.429992150339,400.638495686313,400.676995733293,400.305470745364,400.872685911746,400.363388367763,400.463816012941,400.992466217793,400.82206562704,400.411123247546,400.810713926814,400.836560212761,400.342125638937,400.465152565839,400.410699065966,400.492456299798,400.566799020606,400.88212898003,400.550870301361,400.172604543372,400.558626109192,400.382640420946,400.489399725366,401.011634927871,400.453358868432,400.443567939165,400.503832501664,400.744646872752,400.993481594813,400.778358432751,400.281784016404,400.278713086765,400.312678799559,400.757702953119,400.582678922859,400.537420934803,400.755068720784,400.394466587022,400.466676950693
400.000153816719,400.000336932188,400.00100826712,400.000219285846,400.00021035657,400.000590688885,400.000134278542,400.000415743822,400.00065609065,400.000558257826,400.000349798201,400.000191805323,400.000278851455,400.000496284198,400.00035738415,400.000220445464,400.00074214185,400.000317029831,400.000724837808,400.000698121993,400.001608357102,400.000236104814,400.000318195072,400.000570117927,400.000320285714,400.000272805677,400.000321420648,400.000547987811,400.000294860674,400.000697931731,400.000448392613,400.000145748127,400.000304549021,400.000237413669,400.000559318153,400.001425168698,400.000307538989,400.000594313525,400.000316277031,400.000518667601,400.00237342008,400.000584311977,400.000458348843,400.000263715513,400.000444531144,400.000459369834,400.000317874297,400.000242932153,400.000320570805,400.000345359659,400.00017870432
400.000000000142,400.00000000032,400.000000000594,400.000000000146,400.0000000001,400.000000000765,400.00000000006,400.000000000328,400.000000000444,400.000000001455,400.000000000166,400.000000000201,400.000000000093,400.000000000308,400.000000000111,400.000000000108,400.00000000033,400.000000000169,400.000000000697,400.000000001221,400.000000000882,400.000000000112,400.000000000778,400.000000000367,400.000000000259,400.000000000275,400.00000000068,400.000000000235,400.000000000365,400.000000000841,400.00000000025,400.000000000159,400.000000000039,400.000000000115,400.000000000219,400.000000002405,400.000000000232,400.000000000151,400.0000000001,400.00000000201,400.000000000247,400.000000000525,400.000000000154,400.000000000166,400.00000000016,400.000000000914,400.000000000302,400.000000000033,400.000000000256,400.000000000169,400.00000000004
400,400,400,400,400,400,400,400,400,400,400,400,400,400,400,400,400,400,400,400,400,400,400,400,400,400,400,400,400,400,400,400,400,400,400,400,400,400,400,400,400,400,400,400,400,400,400,400,400,400,400
400,400,400,400,400,400,400,400,400,400,400,400,400,400,400,400,400,400,400,400,400,400,400,400,400,400,400,400,400,400,400,400,400,400,400,400,400,400,400,400,400,400,400,400,400,400,400,400,400,400,400
400,400,400,400,400,400,400,400,400,400,400,400,400,400,400,400,400,400,400,400,400,400,400,400,400,400,400,400,400,400,400,400,400,400,400,400,400,400,400,400,400,400,400,400,400,400,400,400,400,400,400
400,400,400,400,400,400,400,400,400,400,400,400,400,400,400,400,400,400,400,400,400,400,400,400,400,400,400,400,400,400,400,400,400,400,400,400,400,400,400,400,400,400,400,400,400,400,400,400,400,400,400
400,400,400,400,400,400,400,400,400,400,400,400,400,400,400,400,400,400,400,400,400,400,400,400,400,400,400,400,400,400,400,400,400,400,400,400,400,400,400,400,400,400,400,400,400,400,400,400,400,400,400
400,400,400,400,400,400,400,400,400,400,400,400,400,400,400,400,400,400,400,400,400,400,400,400,400,400,400,400,400,400,400,400,400,400,400,400,400,400,400,400,400,400,400,400,400,400,400,400,400,400,400
400,400,400,400,400,400,400,400,400,400,400,400,400,400,400,400,400,400,400,400,400,400,400,400,400,400,400,400,400,400,400,400,400,400,400,400,400,400,400,400,400,400,400,400,400,400,400,400,400,400,400
400,400,400,400,400,400,400,400,400,400,400,400,400,400,400,400,400,400,400,400,400,400,400,400,400,400,400,400,400,400,400,400,400,400,400,400,400,400,400,400,400,400,400,400,400,400,400,400,400,400,400
