171.128882486113
175.108713676667
171.128882486113
171.128882486113
171.128882486113
175.108713676667
171.128882486114
174.113754619574
171.128882486113
174.113754619574
174.113754619574
174.113754619574
174.113754619574
174.113754619574
174.113754619574
174.113754619574
171.128882486113
174.113754619574
171.128882486113
174.113754619574
189.037417474609
174.113754619574
175.108713676667
171.128882486113
174.113754619574
174.113754619574
174.113754619574
174.113754619574
175.108713676667
174.113754619574
174.113754619574
174.113754619574
196.996814339402
171.128882486113
171.128882486113
174.113754619574
174.113754619574
175.108713676668
174.113754619574
175.108713676667
174.113754619574
199.981686472863
174.113754619574
174.113754619574
174.113754619574
171.128882486113
157.200512146332
174.113754619574
174.113754619574
171.128882486113
174.113754619574
