1099.3963907204
1112.33039156904
1118.30007506293
1099.3963907204
1118.30007506293
1112.33039156904
1105.36574901807
1105.36607421428
1099.3963907204
1099.3963907204
1105.36607421428
1098.40143166331
1112.33039156904
1109.34551943558
1112.33039156904
1105.36607421428
1112.33039156904
1112.33039156904
1111.33543251195
1099.3963907204
1105.36607421428
1099.3963907204
1112.33039156904
1106.36103327138
1105.36607421428
1112.33039156904
1105.36574901807
1107.35562151811
1118.30007506293
1112.33039156904
1099.3963907204
1112.33039156904
1105.36607421428
1111.33543251195
1112.33039156904
1102.38085146718
1105.36607421428
1099.3963907204
1098.40143166331
1112.33039156904
1112.33039156904
1111.33543251195
1112.33039156904
1099.3963907204
1102.38085146718
1118.30007506293
1099.3963907204
1105.36574901807
1099.3963907204
1112.33039156904
1105.36607421428
