1358.78003867724
1280.73803280048
1239.84430187819
1283.78074458139
1323.66228210352
1239.73306399374
1274.48320733532
1364.32202292062
1298.19113611653
1363.65795686381
1349.59281874125
1239.73306399374
1362.80009515076
1349.59281874125
1289.1142763385
1298.19113611653
1313.65135979349
1299.21990904357
1364.08709659556
1294.83633944307
1285.06768854613
1289.1142763385
1299.21990904357
1286.13089931534
1286.5819917089
1299.21990904357
1291.12007677403
1289.1142763385
1364.32202292062
1239.73306399374
1323.62593088522
1325.57916418237
1321.86350552971
1298.19113611653
1298.19113611653
1289.1142763385
1364.13207459539
1286.39893332496
1364.13207459539
1325.57916418237
1276.87000649022
1323.62593088522
1293.43240864376
1280.73803280048
1350.04828123604
1325.57916418237
1293.43240864376
1239.73306399374
1327.82627645333
1289.1142763385
1284.68313610579
