199.954625507015
237.727413097796
204.444439723461
197.014887130031
237.727413097822
241.624886767543
233.822966683732
199.954625507152
243.946791235095
243.94679123496
196.605843119962
220.184657794838
220.184657794678
237.727413098009
220.184657794782
216.142617839285
243.946791235241
199.954625507059
199.954625507146
254.106949539499
243.946791235116
237.727413097781
220.184657794795
244.98604019255
207.121953002417
243.946791234967
237.727413098219
172.155552493411
207.121953001835
244.049542010271
199.954625507384
210.547131756525
243.94679123506
244.049542010209
199.954625507222
233.699914021217
220.184657794679
234.387801747839
243.946791235095
220.184657795228
199.95462550707
244.049542010218
220.184657795026
243.946791235066
201.521532540061
196.965571633979
243.946791234954
249.965355751124
220.18465779528
233.822966683663
234.847351353651
