1646.01885971073
1646.01885935804
1646.01885881197
1646.01885814577
1646.01886065462
1646.01886060564
1646.018856311
1646.01885841075
1646.01885861298
1646.01885837039
1646.01886475295
1646.01885534972
1701.3904726735
1506.80046503338
1646.01885990383
1646.01885746274
1646.01886748179
1646.01885338701
1646.01885698199
1428.87919153212
1646.01885398587
1506.80046916976
1646.01885782649
1646.01885716433
1646.01885477877
1646.01885608161
1646.01886618533
1646.01885232214
1646.01885680718
1646.01885545343
1646.01886294025
1506.80047073721
1646.01885811129
1646.0188583857
1646.0188562987
1646.01886312596
1646.01885996744
1646.01885825322
1646.01885395729
1646.01885914075
1646.01886471818
1646.0188582426
1646.01885536992
1685.57087309582
1646.01886144222
1646.01885403265
1646.01885234182
1506.80046904761
1428.87918343019
1646.01885844666
1646.0188580798
