8743.64240232642
8584.21545701946
8921.31070833879
9020.10380204104
8366.91279147223
8921.31083372772
8584.21549134608
8704.17094960487
8704.17089388375
8585.66168611872
8406.54708091826
8921.31051468245
8921.3108206391
8743.72306907325
8584.21551522287
8801.3550942194
8802.96412151148
8802.96417082065
8584.21547857008
9020.10385369802
8584.21549338316
8743.64220272276
8584.21544593801
8997.25984063845
8623.68681793698
8704.17096367445
9020.1037702718
8623.76761223578
8704.17087007404
8704.17093074258
8584.21549649692
8801.35516583818
8939.56335999195
8921.31060031004
8921.31059156479
8743.64217441532
8921.3106211459
8801.35514200279
8584.21549841918
8882.13324762011
8921.31062651135
8704.0080332837
8921.3105741311
8704.17091567049
8704.17093530735
8584.05257692891
8921.31058842876
8801.35511191597
8486.86835980675
8704.17088082247
8704.17110530484
