9779.79422062735
9581.98818153636
9976.87696347417
9759.65655932028
9759.65656344033
9602.12584255296
9759.65656169379
9759.6565608313
9957.46259898933
9779.79421941948
9837.03902697343
9602.12584000494
9759.65656148419
9639.23299078683
9759.65656232872
9779.7942214095
9581.98818099777
9856.45339125544
9759.65656122148
9779.79422076452
9639.23299079344
9581.98818297548
9759.65656288264
9759.65656169628
9581.98818090903
9759.65656413728
9759.65656142856
9759.65656119418
9759.656563545
9759.65656302897
9759.65656169324
9759.65656134659
9659.37064901333
9779.79421793258
9602.12584244445
9759.65656274974
9779.79421901079
9759.65656003652
9937.3249405271
9759.65656243344
9957.4626002074
9779.79422039231
9581.98818148996
9816.90137169945
9581.98818421739
9759.65656104049
9779.79421849381
9581.98818104185
9779.79422012249
9622.26350048472
9581.98818217167
