0.00185659531416604
0.00505294215463437
0.00134979766949073
0.00126434734374925
0.000555761982468539
0.00194822037838094
0.000945728589840655
0.00130732059642469
0.00095403456157328
0.00373129981790044
0.00142221678038368
0.000854526759439977
0.000664156189714049
0.00325785331597217
0.000862269008848671
0.00435375147139894
0.00226378548791217
0.00283524934707202
0.000513999130816956
0.000489131803533382
0.00230548779836681
0.0015834944326798
0.000490099166654545
0.00237893479129525
0.00015701237975918
0.00155056170274293
0.00139721298637596
0.000435562325264982
0.00371838590945117
0.00166609521852479
0.00015112179494281
0.00269398149862354
0.00213703198414805
0.000909405294123644
0.00399164370173821
0.00478386169947953
0.00120725607735039
0.00238691487902543
0.000382245347509524
0.000807171471933543
0.00105379170349806
0.000623582928483302
0.000617736465983398
0.00248305620084466
0.00249554149945652
0.000319024387408717
0.00153426557471903
0.000809974854291795
0.00173615054495713
0.00209675059340952
0.00240447763826523
