0.00124406136887956
0.00887747753677104
0.000444773333356352
4.54747350886464e-13
0.00137942142828251
0.00679310797409016
0.000426582229238193
0.00110098081631804
4.54747350886464e-13
0.000745037037631846
4.54747350886464e-13
0.00584539879946533
0.000522014598800524
0.000426582229238193
4.54747350886464e-13
0.00137839153148889
0.000426582229238193
0.000426582229238193
0.00463136964776822
0.00531369451437058
0.000545281214499482
4.54747350886464e-13
0.00322885162881903
4.54747350886464e-13
4.54747350886464e-13
0.0015698323416018
0.00134625539953959
0.000426582229238193
0.00131264888113947
0.00143870383135436
0.0015698323416018
4.54747350886464e-13
4.54747350886464e-13
4.54747350886464e-13
0.000223161860276377
0.00599720039895146
0.00884028095401845
0.00163028837096135
0.00131264888136684
0.000522014599027898
0.00380357342987736
0.00270368166843582
0.00178962685185979
4.54747350886464e-13
0.00094913759062365
0.00134625539953959
0.00185896295715793
0.00184266045926051
0.000327097836589019
0.0015698323416018
4.54747350886464e-13
