1132.83540720766
1106.9145336121
1113.25233795991
1129.86928675324
1112.81553280308
1018.84383829254
1099.04200835138
1111.54903116038
1143.93469531604
1096.91739421035
1126.56882472767
1137.83522428022
1133.54341758899
1053.38792896721
1119.19050813537
1149.55186029912
1129.00958033154
1116.46723152488
1081.40044488219
1107.75398598276
1092.25224445028
1092.44285294812
1098.62123139826
1100.00151352586
600.363324774245
1098.71493463962
1136.52786268396
1126.36909619014
1073.36745736793
1136.89351716791
1133.53488773793
1118.57834819654
1134.15637074359
388.40616392928
1083.27743269175
1110.0878800005
1134.80858327857
1133.506537195
1108.8433885153
1134.04991084173
1111.52401829453
1131.29997226802
1125.86903729587
1123.93063553299
1096.25000468467
1070.70025140736
1139.15393054109
1120.7570608189
1116.98252575841
783.164058877746
1125.93583782677
