34.0616233118863
33.0088108868629
31.3763107306936
32.0772999799165
32.324442855893
31.9725547687963
32.4468798566081
33.3524473213643
33.782651033704
32.8031351204468
31.4544900182841
33.4576891851302
34.3356104701093
28.0088739253565
29.0236139428505
31.0953271674407
31.32615030652
33.194916377036
32.4946270142354
31.9608335376024
33.0661235086914
32.0744761828155
31.9739067761357
33.3706788224272
32.9928474422404
31.6006536487348
32.0370606401034
34.6402834834673
33.9153327055192
32.7621213137963
32.7699337838126
31.5600220047277
32.1131296754593
31.3506351065678
33.5385095486631
33.2953281669838
33.6300022454845
33.0993736934888
30.2469241551807
33.5493697956292
31.1043679008299
32.5744200914442
30.4732944012037
31.7649135917027
30.8039189565047
33.5879372241011
31.0170897194389
32.6514389846079
29.9169662446875
30.4084712660474
33.8316376116968
