16.2614085261716
15.5632763242743
16.9756936710546
14.5432283005814
14.4012928031937
16.8308454501271
15.0280799488385
15.2850471433751
16.2852621825277
17.1026415211973
15.0497788936289
14.9320309473167
15.8487831037864
16.6675144757442
16.7532606610389
16.5145588304722
15.8267763783633
14.7078071310661
15.9206863596426
16.5522807318007
14.8396467719892
17.1875784989263
15.4333794770312
16.2914346951795
15.3967782401169
15.9638306431634
16.2899537594953
14.9139204644296
15.9184603556369
16.4955299534599
16.8961702258975
16.8309885582846
16.0436655405097
14.9483722896907
15.2044111215018
16.4415079772459
15.5999072003005
16.5762384380998
16.732923987809
16.7759140539451
15.5957168478999
16.6192589953102
16.3598297379999
16.4473722995726
16.3549661626753
15.62359241286
13.8367277422935
16.4913932301142
16.5014669244142
16.3671381429083
16.109173720331
