14.9999998689764
14.9999995788717
14.9999989783969
14.9981299180263
14.9999999565593
14.9999999363081
14.9999999995871
14.9999999988627
14.9999999977053
14.9999935710698
14.9999999817674
14.9999999954489
14.9999999133042
14.9991919605127
14.9999998661169
14.9999999889114
14.999999781613
14.9999999982956
14.9999999732868
14.9999999984784
14.9999395438053
14.9999999332867
14.9999999997776
14.9999999970801
14.9999995544208
14.9999999988013
14.9999999995698
14.9999999666011
14.9999999343654
14.9999999962811
14.9999988192321
14.9999993288939
14.9999999711886
14.9999999976521
14.9999999999131
14.9999999841757
14.9999999998404
14.9999999998836
14.9999999831853
14.9999999982392
14.9999999999382
14.9999999985675
14.9999999837714
14.9999999991851
14.999999845415
14.9999999936208
14.99999979533
14.9999999128904
14.9999999994684
14.9999999994129
14.9999999770334
