300.000000000001
300.000000000001
300.000000000001
300.000000000001
300.000000000001
443.544141659853
300.000000000001
300.000000000001
300.000000000001
300.000000000001
300.000000000001
300.000000000001
300.000000000001
300.000000000001
300.000000000001
443.544141659853
300.000000000001
300.000000000001
300.000000000001
300.000000000001
300.000000000001
300.000000000001
300.000000000001
300.000000000001
300.000000000001
300.000000000001
300.000000000001
300.000000000002
300.000000000001
300.000000000001
300.000000000001
300.000000000001
300.000000000001
300.000000000001
300.000000000001
300.000000000001
300.000000000001
300.000000000001
300.000000000001
300.000000000001
300.000000000001
300.000000000001
300.000000000001
443.544141659853
300.000000000001
300.000000000001
300.000000000001
300.000000000001
300.000000000001
300.000000000001
300.000000000001
