8283.51545051334
8283.51545087888
8283.515451739
8175.12537937999
8175.12537942644
8283.51544647703
8079.31659150212
8173.05966888386
8251.88414690292
8283.51544681786
8175.12537836564
8283.5154489847
8283.5154501727
8283.5154443356
8283.515444637
8175.12537925865
8283.51544923607
8283.51545154123
8283.51545077798
8283.51544662835
8283.51545348381
8289.91081436935
8014.80554551611
8283.51544526983
8283.51545052574
8329.68077367556
8283.51544897706
8175.12537782466
8210.96938731257
8175.12538002631
8175.12537873244
8283.5154523231
8175.12537860984
8283.5154469801
8361.30844755521
8283.5154552747
8283.51544550263
8079.31659187693
8283.5154486249
8283.51544718083
8283.51545003524
8079.31659464591
8283.51545502294
8251.88414655219
8079.31659045348
8283.51544731485
8283.51544940189
8251.8841455395
8283.51544399103
8079.31659117465
8251.88414645883
