2452.33819933893
2452.33819843521
2452.3382022695
2452.33819982824
2452.33819926908
2452.33819772775
2452.33819678588
2452.33819965436
2452.33819882383
2452.33819681201
2452.33819724098
2452.3381997278
2452.33819554091
2452.33820128252
2452.33819874894
2452.33819809632
2452.33819550109
2452.33819923446
2452.33820238502
2452.33819900451
2452.33820187686
2452.3381971524
2452.33819694116
2452.33820009389
2452.33819498881
2452.33819923826
2452.33820072076
2452.33819625337
2452.33820490865
2452.33819414752
2452.33819919237
2452.33819655609
2452.33819643048
2452.33819719392
2452.33819794492
2452.33819887094
2452.33819608613
2452.33820142413
2452.33819998841
2452.33820077485
2452.3381979495
2269.13657223195
2452.33820048886
2102.83034392569
2452.33820131471
2452.33819768931
2452.33819641973
2452.33819978341
2452.3381975157
2452.33819951004
2452.33820006659
