7224.81446947687
7486.05110949145
7224.81446915747
7172.67619403108
7172.67619408509
6935.18129155824
7229.07984187254
7154.39048694127
7565.07692128179
7771.52288370459
7242.64922944198
7340.03745265867
7729.90959225081
7246.54126172476
6892.6767159834
7148.93806243931
6979.7943054105
7117.01775678722
7310.72207383134
7771.52288357038
7224.81446852768
7127.04163308167
7359.214611501
7224.81446925345
7470.49422716871
7460.50621788045
7190.57737852756
7224.81446898214
7359.21461325593
7117.01775719819
7541.65210771536
7093.4497480428
7117.01775789428
7626.77829740103
7065.10188265681
7853.74981648826
6976.62546065781
7563.75071390094
7310.72207427082
6813.90224681466
7005.37666398541
6897.19973286541
7073.95631334615
7729.90959184104
7127.04163341756
7093.34643471401
6888.89848183093
7563.75071393344
7381.51993766084
7067.14232415421
7242.64922935208
