348.523142794213
348.52314689152
343.435014684886
348.525052416098
343.436465328292
348.523844660579
374.714600987441
348.522612777514
348.522461014268
343.463588407644
343.464144379852
343.437953481868
348.52314279421
348.523144593872
374.709048335584
348.523146303316
343.435009290611
348.522610337237
348.52314689152
343.461574901979
343.434787188442
287.894691265948
343.434779425761
343.437982249901
348.523055506801
374.713744879462
343.434788298947
343.461604884949
348.523142794213
348.523142794211
343.436510453371
348.523775358753
348.523513494097
287.894691265948
348.523775358753
348.523142794212
348.523142794213
348.523775358753
348.523619332267
348.523197793141
348.523146303316
348.523148770778
343.464031274105
348.525245796492
348.525052416097
348.523775358753
343.435024341635
348.52314279421
348.523197793141
348.522610309561
348.525223281461
