1558.99771518688
1592.18647550746
1592.28419354227
1558.97278168637
1592.23395240754
1635.0805120354
1592.21922815251
1559.00220464501
1635.12299338906
1558.9866637933
1600.12983557335
1601.44580166613
1600.36519175711
1525.80269114677
1592.19800263036
1554.0396361107
1602.22992916597
1633.93990730532
1592.2200633905
1559.0105707627
1554.03521147237
1558.95992684361
1554.01668239329
1558.94859158965
1602.2205059418
1554.04183054262
1635.10757088811
1559.0031794587
1554.01107982599
1525.80557803389
1565.46689369756
1558.95748891117
1558.99448899627
1601.44806336696
1580.72429072856
1633.94277979923
1558.97296516633
1554.02841913451
1558.99055807787
1554.0074867678
1554.02992284539
1558.99881080731
1558.99359615229
1602.30681358458
1592.23482419314
1554.03335347156
1525.79618257101
1592.2073295205
1558.99420356356
1580.70751936567
1592.18351154617
