668.206954661916
678.265777256964
678.229856596206
678.216072621485
678.228626065231
699.955611276649
678.214721422013
678.216293036986
678.216986232694
735.248321587871
673.163962632478
701.666738404246
678.233360519366
697.431450158897
701.639510322624
697.421292490353
694.384625505781
678.224866120097
678.298152508122
697.408623214241
678.213983127192
659.040592033874
673.275307614416
678.287612173749
678.233547187412
697.400749791953
678.228937638857
673.248841393946
701.677006637507
678.2172431989
673.170801689884
678.275843001961
678.216999726646
678.251530718816
678.219848441282
735.274393232333
678.229627283891
678.222543231312
707.243259726493
673.190756488527
678.217397745739
678.217050636293
644.94193532675
678.215942932314
697.421404695331
678.214152343544
678.212782987335
673.248822143622
678.212505747144
678.216667614328
697.402376361923
