314.378847316653
324.758400139447
331.677257056122
319.596702036405
309.102450449879
312.161279541088
311.81057046031
317.59047040007
319.070810453314
322.229997573311
308.35367711112
330.150253157083
338.072029173742
322.805788201474
312.97185838011
315.554064371585
321.158292699476
318.112625024973
333.444275135737
311.720405388667
300.575696173144
311.701359593792
344.674605565607
319.567896263907
300
314.550015275211
310.358851886949
316.404993403796
309.426782426726
310.271485555918
302.255057142879
325.557512529466
326.59217786817
315.636473376329
307.213155125747
300
314.2151813207
300
318.695359928213
332.449658845224
316.903937542765
313.403252700189
311.827589177629
330.848065447577
300
321.678380688687
316.172296744908
315.950262972411
301.056929056158
311.834572838503
314.389314946256
