348.248720210603
351.076643870588
358.732667722343
365.993876948189
359.602803130655
363.020008702407
350.567331439049
376.104965758358
371.065121775569
362.779289730322
354.40440697496
355.996958999429
361.53855480486
362.602374445991
368.318068148673
328.898273570438
364.317693836118
377.83064180267
360.582860842982
363.284426275726
377.067682682257
372.091983751084
353.77910642818
363.055549708605
347.771371449735
382.485857571954
373.213017137393
365.268925370708
350.864776284749
367.527446931465
361.809098065895
360.170232741031
370.919183273731
375.600058811779
366.709923313821
359.565376635165
377.658154825553
367.011553642542
374.156487505292
343.807641353428
351.872949362023
359.042035194362
362.70669258751
351.273456229239
368.361135378251
350.345673839226
362.423484207041
356.565941057649
376.190438994672
364.259418931851
371.016934499752
