544.894615879471
991.944885016375
536.508996077475
852.188813412421
1009.55571455241
760.095751437147
691.899756622695
577.921749847231
1167.09843209525
681.566492884303
728.175494047327
791.722705508422
834.882212328152
621.208481576682
585.405020260839
486.017924865921
760.162555962887
550.485898577263
663.426271955472
751.305456233062
645.05047847196
648.861071284704
684.967099339655
707.357536934071
604.717922604658
938.163712612243
873.082850632852
419.710875751478
579.142885944573
544.02994809201
558.695012755381
960.68091946339
583.069141276972
632.307907559851
611.332844850325
932.954617314858
797.897381861461
706.772815743339
633.671789984859
300
795.813612670419
602.659002865214
462.03678272435
505.427458350992
1136.18723401896
964.08499832382
591.507929103365
811.068433090908
659.655094506325
774.96720536799
624.73037191716
