5095.95778801831
5301.73003260753
5061.32308778923
5185.88760607488
5276.43082164028
5544.41473239545
5054.92909490523
4922.48933653045
5086.67121242696
5116.65714534403
5097.51950500266
5169.80914575491
5254.67644635222
5431.90747069246
5225.92290711033
5045.76143285665
5079.64076357606
5004.80642730671
5255.07817996027
5348.97106161638
5201.77961127538
5092.60768596512
4980.29959082237
5087.34695910702
5258.09121965518
5100.29338281101
5234.50338885588
5247.58982905903
5114.12281928225
5097.6649912653
5263.92105812972
5279.21109195117
5275.55705402966
5127.64358440523
5249.5299207342
5064.62199036844
5096.95429877037
5083.59097803335
5139.82674034703
5088.54738745423
5214.39234168486
5078.73156017341
4928.90866762149
5298.701502119
5249.83351268865
5275.61420973054
5109.48630049217
4958.56844274919
5111.95031716811
5258.56050942116
5096.10744011114
