2.27373675443232e-13
0
0
0
2.27373675443232e-13
0
2.27373675443232e-13
2.27373675443232e-13
2.27373675443232e-13
0
2.27373675443232e-13
0
2.27373675443232e-13
2.27373675443232e-13
2.27373675443232e-13
2319.0412628157
2.27373675443232e-13
2.27373675443232e-13
0
5160.82459215096
0
0
0
2.27373675443232e-13
2.27373675443232e-13
0
4751.55639858447
2.27373675443232e-13
2.27373675443232e-13
2.27373675443232e-13
0
0
5447.53257903626
2.27373675443232e-13
0
0
2.27373675443232e-13
2.27373675443232e-13
0
2.27373675443232e-13
2.27373675443232e-13
0
2.27373675443232e-13
2.27373675443232e-13
2.27373675443232e-13
0
0
0
2.27373675443232e-13
2.27373675443232e-13
0
