8.61494982018485e-08
3.03409706248203e-08
7.42134034226183e-08
7.82947608968243e-08
1.13314968075429e-07
8.58653947943822e-08
9.72340785665438e-08
7.89477780926973e-08
6.83174903315376e-08
6.68339907861082e-08
7.21893229638226e-08
9.7829001788341e-08
6.21697608949034e-08
8.05796389613533e-08
6.86692374074482e-08
9.41064399739844e-08
6.68381971991039e-08
9.34337549551856e-08
7.77189370637643e-08
8.81742607816705e-08
8.90618139237631e-08
1.03749130175856e-07
7.34061131879571e-08
9.22120761970291e-08
7.44200860935962e-08
1.01783143691137e-07
3.54785925082979e-08
9.04420858205413e-08
1.27515249914723e-07
8.48860963742482e-08
5.03860064782202e-08
6.95074504619697e-08
5.58894726054859e-08
8.59467945701908e-08
8.08357754067401e-08
9.10848712010193e-08
7.37777554604691e-08
8.18819216874545e-08
8.46579268909409e-08
9.34023773879744e-08
9.10971493794932e-08
8.77129195941961e-08
9.07675712369382e-08
6.74501734465593e-08
5.45761622561258e-08
9.81100356511888e-08
7.49618038753397e-08
8.6954628386593e-08
8.87047235664795e-08
1.18145294436545e-07
7.83926452641026e-08
