1.24717757898907e-07
8.81684627529467e-08
9.51026777329389e-08
1.32775767269777e-07
8.80141897141584e-08
7.90400918049272e-08
7.15048145139008e-08
7.59913518777466e-08
1.96115365724836e-07
1.08749077298853e-07
8.08565800980432e-08
1.1592703685892e-07
8.82924950929009e-08
8.38515461509814e-08
1.56514261107077e-07
6.9032807914482e-08
8.71935981194838e-08
1.23160134535283e-07
1.13423425318615e-07
1.32940385810798e-07
7.91170577940647e-08
1.12856014311546e-07
6.07192305324133e-08
7.72006387705915e-08
1.154999154096e-07
1.17006493383087e-07
3.84783334084204e-08
8.33429112390149e-08
9.25748508961988e-08
1.04407035905751e-07
6.96439883540734e-08
1.50919504449121e-07
2.05714400181023e-07
1.13116470856767e-07
8.8553406385472e-08
6.23938376520528e-08
1.37937377076014e-07
1.52801021613413e-07
1.39439407575992e-07
1.63025333677069e-07
7.52064579501166e-08
6.2204662754084e-08
9.45514102568268e-08
6.15664248471148e-08
1.75766444954206e-07
7.85678366810316e-08
1.78109416992811e-07
1.22515871225914e-07
7.19556965123047e-08
1.06551397038857e-07
6.42814939055825e-08
