9.06767354535987e-08
1.2539021554403e-07
1.25948417917243e-07
1.17433387458732e-07
1.05589151644381e-07
1.25692849906045e-07
1.317038140769e-07
2.13506723412138e-07
7.40036512070219e-08
1.38354266709939e-07
1.16148839879315e-07
1.004946170724e-07
1.39985672831244e-07
8.11626250651898e-08
1.02746753327665e-07
9.58276586970896e-08
1.27633825286466e-07
1.62230094247207e-07
9.64456603469444e-08
8.46498551254626e-08
9.54237293626647e-08
8.1168650467589e-08
1.22430492410786e-07
1.17107219921309e-07
1.1910458397324e-07
1.33419121084444e-07
7.91640104580438e-08
1.19702008305467e-07
1.28443730318395e-07
8.97872496352647e-08
1.10833298094803e-07
9.49713694353704e-08
1.19756009553385e-07
1.39722601488756e-07
1.30014655042032e-07
1.08159042611078e-07
9.38432549446588e-08
1.08945414467598e-07
1.2426153261913e-07
1.13989244709956e-07
1.08159269984753e-07
6.55569465379813e-08
1.14057229438913e-07
1.07849928099313e-07
1.09557049654541e-07
9.69230313785374e-08
9.93322828435339e-08
9.82151959760813e-08
1.00422880677797e-07
1.12804286800383e-07
1.26878376249806e-07
