43.4473315350555
1.13686837721616e-13
43.4473315350497
1.13686837721616e-13
43.4473315350267
1.13686837721616e-13
1.13686837721616e-13
1.13686837721616e-13
43.447331535025
43.4473315350452
43.4473315350145
1.13686837721616e-13
1.13686837721616e-13
1.13686837721616e-13
43.4473315350224
1.13686837721616e-13
1.13686837721616e-13
1.13686837721616e-13
1.13686837721616e-13
1.13686837721616e-13
43.4473315350405
43.4473315350389
1.13686837721616e-13
43.4473315350519
1.13686837721616e-13
1.13686837721616e-13
43.4473315350467
43.4473315350482
43.4473315350314
1.13686837721616e-13
1.13686837721616e-13
1.13686837721616e-13
1.13686837721616e-13
43.4473315350406
43.4473315350182
43.4473315350135
43.447331535034
43.447331535007
1.13686837721616e-13
1.13686837721616e-13
1.13686837721616e-13
1.13686837721616e-13
1.13686837721616e-13
1.13686837721616e-13
1.13686837721616e-13
43.4473315350306
43.4473315350513
43.447331535056
43.4473315350316
43.4473315350187
1.13686837721616e-13
