2.27373675443232e-13
0.0174378711507188
0.0503802914463449
0.225412758842253
0.22818344269001
2.27373675443232e-13
2.27373675443232e-13
2.27373675443232e-13
2.27373675443232e-13
2.27373675443232e-13
0.0662535443509569
2.27373675443232e-13
2.27373675443232e-13
2.27373675443232e-13
0.0576740765800423
2.27373675443232e-13
2.27373675443232e-13
2.27373675443232e-13
0.386547037889159
2.27373675443232e-13
2.27373675443232e-13
0.11081574727757
2.27373675443232e-13
2.27373675443232e-13
0.145296601961491
0.033797342318735
2.27373675443232e-13
2.27373675443232e-13
2.27373675443232e-13
2.27373675443232e-13
0.106289960956474
2.27373675443232e-13
2.27373675443232e-13
0.118318604614728
2.27373675443232e-13
2.27373675443232e-13
2.27373675443232e-13
2.27373675443232e-13
0.143575435335038
2.27373675443232e-13
0.0404015602730396
2.27373675443232e-13
2.27373675443232e-13
2.27373675443232e-13
2.27373675443232e-13
0.0993036332843076
0.18215338746802
2.27373675443232e-13
2.27373675443232e-13
0.00443251780245646
2.27373675443232e-13
