20.4002462562238
20.444026934557
20.4495940905489
20.4178005947105
20.3152802740268
20.4380844735382
20.2997304568916
20.3645660066145
20.2851100743173
20.2651158433881
20.3908230015594
20.2953959761705
20.4622933985905
20.4507444837557
20.5703788351288
20.3828693801829
20.4484197820273
20.5280338654167
20.3042961826222
20.5298111500849
20.5505763125399
20.2411004629881
20.4006186555658
20.470562117954
20.2395803563913
20.3550315036184
20.3393347112562
20.3919624593931
20.4155603688164
20.4277325570466
20.4872661980127
20.4644321752572
20.3681102597268
20.4687183369225
20.508280905027
20.3593256344133
20.3596004415803
20.4222265431617
20.4140285057285
20.3482261388434
20.323863448945
20.3017216936489
20.3565669999448
20.4987169495288
20.345951292256
20.4919729546463
20.3060283564611
20.3542621938955
20.3718592025417
20.4815803092544
20.3201529345873
