21.1983521998807
21.1338691569752
21.1671392483568
21.1526171204778
21.1512579199253
21.1894626176274
21.1911568522579
21.1931199339422
21.190817562383
21.2094478476897
21.1695858789396
21.1393359351315
21.1834532157038
21.1593954159204
21.2105564425934
21.1594769707896
21.1264622854488
21.1460748938113
21.1989665544759
21.1495839889025
21.1679644037217
21.2207258510293
21.1578200018421
21.0803286624645
21.2037609799789
21.1777925550534
21.1186460991212
21.1395151117341
21.1669641515729
21.126294167119
21.1912653132138
21.1103916139532
21.2082002800755
21.1831464947621
21.1851046821242
21.1976707368871
21.2229705662563
21.1711673611932
21.0856507106652
21.1671064987127
21.0911209021203
21.2153387454238
21.1878699335748
21.166342489131
21.1486814222937
21.0945749957725
21.2031050094828
21.1829500238011
21.1795710734275
21.1850137673805
21.1858582849239
