70.2138919176487
69.2278760811313
68.8489331470887
71.5352003898965
68.2942300971226
69.2673906215425
70.0321850955629
69.6511899835531
68.7607128636536
68.7971294848696
70.7563010781403
68.6185098852075
69.9551452457506
68.7088373324109
66.3022434389375
69.7062446030852
72.2163784055716
69.7374440338526
68.9651657151612
71.0022115530107
69.0669925901877
68.1937569296861
69.1248601561196
69.3137203245267
70.2638828346692
69.5455524515892
67.1694454500652
68.8648784179749
69.6764127712402
69.1522783616756
68.912657866744
71.6492473612362
70.3971629823155
71.7999151791904
69.3117442507943
69.8878569428632
69.1950228037621
68.7627007483628
72.1618587852091
69.1972423544303
68.7127009507834
70.3743963903286
69.4234178696056
70.8105092836302
69.1248874573308
69.9469517710739
69.2678892898057
69.2456112988783
68.63449589377
69.5234912668994
70.7746732329852
