44.8205370508755
46.0803428581804
47.6699364925523
47.2572459479903
47.4302692198974
46.7929306559463
47.8220878603272
47.2303868785597
45.7619912961533
47.7368539959143
47.506615026412
46.7068096566347
45.7224383717419
45.220389132177
45.9535173689874
46.7288622961248
43.9819621609712
47.9999573019883
47.3900004698469
47.1510045931701
46.6720577854564
48.3199285713405
45.4837141270815
44.2692854464165
47.880347955814
47.2735432310229
46.4651914085479
46.6054070375033
47.4801395077218
47.7788995156291
46.7356768256117
43.7781024149058
43.047378016786
46.0903912115094
43.9958178551996
47.9027612245048
47.720850766583
45.3540507022391
47.8231229223584
44.7830054328705
48.268516699314
45.1601858444379
44.9354190382574
47.899425668592
44.1101353753108
45.6651073009899
46.1411181296018
47.0758979300062
48.3039553594946
43.1208486540902
48.2433121372042
