13.2663164122069
12.8334064711835
12.8334064711835
13.1375727512915
10.567994463604
12.8334064711835
13.0914392162171
14.1861298935927
13.0284747710338
11.78120247239
13.0914392162171
14.0893502205253
12.8334064711835
12.8334064711835
12.8334064711835
12.8334064711835
11.78120247239
12.8334064711835
13.0944967605882
12.8334064711835
12.8752188550268
13.0914392162171
12.8334064711835
13.6183024771175
12.8334064711835
12.8334064711835
13.0914392162171
12.8334064711835
12.8334064711835
12.8334064711835
13.1769041261691
12.8334064711835
12.8334064711835
12.8334064711835
13.1833220946488
12.8334064711835
11.8045858602213
13.0914392162171
10.6833927300358
12.8334064711835
11.8706147584277
13.0944967605882
12.8334064711835
13.1810726793888
12.8752188550267
13.0874918401314
12.8334064711835
12.8334064711835
12.8334064711835
12.8334064711835
12.8752188550268
