16351233.2811571,14590646.947062,15272664.4801162,12613629.4833731,18064275.9718938,35637234.3476454,19325774.3398833,15116421.3663315,18735011.0299556,35627788.7239391,22309985.7835537,20470381.7939802,18852976.6431063,32614472.5795446,22713527.5998418,18180407.8485684,15841758.8576617,24122832.1061895,16420029.1338589,16767268.6889954,16604511.7788851,17602350.8194366,28068662.3961677,19167905.2249049,14609664.9532763,21747306.3205105,18046696.6018871,16782793.5548522,28068149.1571432,19036655.9800689,15913257.3870013,19964652.921656,19160480.5180494,18223371.1598473,13245209.4705721,22937757.113438,20220676.8890469,21998195.107474,16894235.3414485,16043595.7905838,13110821.5484611,18319945.3205982,29561710.5087598,35107103.0147929,21308887.0656844,15828359.6037966,27675771.7519827,12513834.224088,18963881.8242879,23732258.856445,16670293.8602676
6251162.89707541,4692215.91394419,7111431.38609839,5263607.41327574,3352014.83737189,7982612.62010295,8786062.54753077,7089717.27751763,8928726.08690368,7283781.80171444,8718890.26175884,9053671.48283587,8283731.10258888,6539807.30035545,4592948.33430069,8746311.71191065,6929221.24469235,5220794.51748943,6431676.38555105,5150595.27146398,8558433.16693074,6062391.14738981,9234623.0004392,4978276.47666559,4153967.34164053,8813682.49259461,5275617.17409076,6347114.50919735,6050590.89385452,7898829.86646166,8189367.42513961,4773368.73055591,6165022.61889502,4819132.28266266,5054680.59516484,9997281.05733077,5527136.99211511,5692399.337268,5265058.86288958,5340624.83469056,4552971.09369064,12765479.3829963,6041846.94657295,7121936.61801033,9106145.04448882,4658621.81046212,8897540.21895388,4908328.88420897,8107406.56495705,5479023.4409491,3925085.25248196
970801.276371983,1674872.37643356,1114779.42931485,2021727.01173368,178423.852909156,984075.650927658,1789094.62670732,2335058.86387146,2356306.49307463,684550.999166609,2746227.91909123,839083.401709224,430646.820305669,1396903.92846499,948207.172713716,2278899.00282526,1837302.15658308,251493.740692315,671622.005852905,944176.642889728,1810890.54513717,706084.564429208,2980022.23083142,561565.721677022,626459.645884207,2805708.602569,699029.635261706,765797.916639917,737226.227992749,722780.408028942,2197719.42077262,106905.845048585,2208462.61788012,1342843.1902588,825284.419641109,1198295.37620305,1103096.95815905,1803302.83533406,161007.335034178,1534939.81116058,1072899.12722883,3214619.89892558,404151.449479322,736539.61183073,2568093.58488225,1443289.720207,1362309.89936008,541403.160069624,2231671.0890263,756689.512753716,488570.387068448
27227.4168413422,14806.7124265831,24407.7563432094,7546.80712711193,484.656153242179,1788.19032302622,15964.1441353979,74931.5132319326,33848.8146634923,27792.1824793366,36744.7831908525,3525.44088369884,12189.1659765117,32278.5766128956,54947.4665489817,76716.3990516665,11226.6954458997,9877.2665192239,4002.67083325148,5716.81045731263,5412.54317007254,16768.3389634201,9610.98915997237,6630.41477627087,15971.6446178279,14367.9691215899,4541.93766979974,10464.8883571171,9562.59475078421,5844.72498588814,66979.2980181228,16944.8860929582,12829.1201963713,4504.81549748835,5163.70965138978,21476.3488965418,2812.38839034734,2873.69322791772,4520.86935325559,57133.0789322858,3607.62628498304,7646.9806645552,21570.819711185,41052.0857949577,25654.6784987497,7218.4504769845,12819.4849303184,8163.35932946535,11669.5774811803,8657.2268634808,60668.1014713948
0.09026658868288,0.0452128115960022,4.25113683827044,0.179611439976043,0.00531381254313601,0.026363360060941,0.027675122689061,0.0762353476018234,0.174522192238328,0.0397279354324382,0.108492866939969,0.0257358627573012,0.0487339087567307,0.81238396494814,0.0330870559628238,0.273263379351192,0.0585444337355057,0.0299377931696654,0.0166983229719335,0.0570191937222262,0.0797859016286111,0.0296226720920458,0.0495649799515832,0.275321994737396,0.331994072237194,0.180762471529988,0.067626525900323,0.086724674137713,0.0475666551938048,0.146292198506444,0.0353757198206495,0.0116778369615531,0.0556736088831258,0.0739651401556785,0.0496322061026149,0.0395817942121539,0.0342238548043952,0.0573173160537408,0.022738136644648,0.278001676869735,0.0455220608159834,0.0673926449469491,0.112750807889142,0.0371438983111148,0.13826657564573,0.339192674922515,0.045718662796844,0.046693067749402,0.190738372837359,0.0289334628687357,0.936887517626474
1.31649358081631e-10,1.68029146152548e-10,3.73597686120775e-09,2.68983058049344e-10,1.34150468511507e-11,2.75122147286311e-11,1.33240973809734e-10,1.25965016195551e-10,4.92718754685484e-10,7.2532202466391e-11,1.19371179607697e-10,1.06183506431989e-10,1.15278453449719e-10,1.42608769237995e-09,1.16415321826935e-10,2.35786501434632e-10,1.20962795335799e-10,1.03909769677557e-10,3.11501935357228e-11,9.52695700107142e-11,1.51885615196079e-10,6.16182660451159e-11,1.07093001133762e-10,3.44471118296497e-10,4.96129359817132e-10,4.60659066447988e-10,1.39380063046701e-10,2.29647412197664e-10,9.39053279580548e-11,2.03499439521693e-10,2.45790943154134e-10,4.88853402202949e-11,1.01636032923125e-10,8.5265128291212e-11,7.70796759752557e-11,8.18545231595635e-11,4.06998879043385e-11,4.84305928694084e-11,2.86490831058472e-11,3.30373950419016e-10,2.45563569478691e-11,1.33240973809734e-10,1.12777343019843e-10,2.66027200268582e-10,1.65073288371786e-10,4.52473614132032e-10,4.02451405534521e-11,8.02629074314609e-11,2.73530531558208e-10,6.61657395539805e-11,9.42463884712197e-10
0,0,0,0,0,0,0,0,0,0,0,0,0,0,0,0,0,0,0,0,0,0,0,0,0,0,0,0,0,0,0,0,0,0,0,0,0,0,0,0,0,0,0,0,0,0,0,0,0,0,0
0,0,0,0,0,0,0,0,0,0,0,0,0,0,0,0,0,0,0,0,0,0,0,0,0,0,0,0,0,0,0,0,0,0,0,0,0,0,0,0,0,0,0,0,0,0,0,0,0,0,0
0,0,0,0,0,0,0,0,0,0,0,0,0,0,0,0,0,0,0,0,0,0,0,0,0,0,0,0,0,0,0,0,0,0,0,0,0,0,0,0,0,0,0,0,0,0,0,0,0,0,0
0,0,0,0,0,0,0,0,0,0,0,0,0,0,0,0,0,0,0,0,0,0,0,0,0,0,0,0,0,0,0,0,0,0,0,0,0,0,0,0,0,0,0,0,0,0,0,0,0,0,0
0,0,0,0,0,0,0,0,0,0,0,0,0,0,0,0,0,0,0,0,0,0,0,0,0,0,0,0,0,0,0,0,0,0,0,0,0,0,0,0,0,0,0,0,0,0,0,0,0,0,0
0,0,0,0,0,0,0,0,0,0,0,0,0,0,0,0,0,0,0,0,0,0,0,0,0,0,0,0,0,0,0,0,0,0,0,0,0,0,0,0,0,0,0,0,0,0,0,0,0,0,0
0,0,0,0,0,0,0,0,0,0,0,0,0,0,0,0,0,0,0,0,0,0,0,0,0,0,0,0,0,0,0,0,0,0,0,0,0,0,0,0,0,0,0,0,0,0,0,0,0,0,0
0,0,0,0,0,0,0,0,0,0,0,0,0,0,0,0,0,0,0,0,0,0,0,0,0,0,0,0,0,0,0,0,0,0,0,0,0,0,0,0,0,0,0,0,0,0,0,0,0,0,0
