32483366.2945515,33760047.5623712,58291799.6548551,164415308.49082,233457640.956193,534586.610995071,28733444.986134,87565607.5327796,366573830.771471,57942549.3466197,420883334.502963,77046441.0130921,114044372.769319,45031592.3915336,10723926.7411049,13983297.6778034,175136641.304711,239583201.448586,122185245.96951,38656599.1902585,176983595.800733,15949923.8036474,327328146.993718,289427456.685572,198114457.281037,19547175.5808823,509416483.211888,44225043.8614388,59945729.1279943,40313385.6068479,47415398.4077315,48089354.5604157,91816891.417487,175045157.2943,28218515634.681,11765106.0353793,28850122429.2671,85225492.5945656,100506872.354323,3888237.06448835,10456456.0727877,80842076.8942601,144100918.711946,33629804.1720755,299979993.139641,276802833.166157,50630676.6829931,89379652.204246,44890420.1944464,188288932.356078,42520942.9402947
209.810196963322,2099.25249549666,11455.2513537869,6132.03679537619,7332.18778583819,948.647147294075,378.207013405809,3373.47972517545,196150.670141298,10555.1086118005,616660.453822698,21999.7917227198,4073.94052596091,46522.456891985,3009.5970375642,126.027048240842,12424.7479294889,9740.50624677949,8312.68208628155,275.640297691473,7101.44562393127,1072.85570569171,154223.189169826,15178.559500734,30802.9461661143,204.39513127375,40679.3367313724,6833.76570345246,10260.9174073659,6814.24908614113,648.157586721592,524.916373521058,36522.5070878522,7884.5046861852,28218515634.681,1074.25812048406,28848625969.442,7821.20841940377,2621.8383250339,95.6701829234205,134.096192529576,17089.4104440768,90714.0345866083,2584.86708010378,184871.708053334,5368.42044180379,395.819536205495,4159.9106511104,11981.9763908482,13002.5036700693,2273.49464420767
114.000581209133,1153.64501485591,933.75244866802,4.38109263626973,330.067046397725,941.396580123162,162.837120919954,1075.94493765449,17.1943851734183,610.454409129374,4585.52627621099,99.9114680500717,984.559954795204,1070.80419348458,3003.1224224369,11.0314423728294,44.9700280679616,255.63485011392,1831.25109472924,21.2024770281842,367.504078764501,623.062047773861,41.3064595303728,33.5800783551141,433.370867784682,115.309203889614,1561.5562330283,2050.47893237378,348.47751980806,895.811945691241,133.775761029191,71.2281923911913,505.986671445592,551.427055954267,27289717646.057,1024.42161231426,28249989483.7547,0.471748021250406,391.187971308838,48.3383398853881,84.0441897046259,15.8901663720075,1212.96860154532,240.30476555598,3206.084289682,0.110654140919408,21.5729702004956,254.730225417614,679.899127824755,79.0767474875028,790.674665933202
96.7933940644004,1133.0790917409,918.502793834582,4.31736659134351,322.765621961935,714.699787943121,141.952866712782,1057.32060851266,10.9684653598206,605.37875164557,4465.47636287751,97.9756760434696,975.340574353943,1066.76567417765,2065.02910488094,10.351358334855,44.1809235680624,247.211059014402,1502.7817804107,19.5417861319791,366.250054993993,612.691711490477,40.1024090256627,33.0712191441151,406.025154069598,104.586249596823,1555.73419978874,2041.31855469718,340.239303797849,861.948186342626,123.603334839058,60.7584564713925,502.309261065045,550.390206583716,16524168018.7071,890.793551935092,20970341806.9185,0.432169208805391,388.340073752222,47.7648675529425,50.3423501815367,15.7651543160886,1204.06103239706,233.856142167263,3190.56570584675,0.026630116368878,19.8575077897145,245.263079281882,676.926302599341,76.3171006242597,772.617945438142
0,6.18314288658439e-11,1.18366116907964e-07,0,0,0,0,0,1.59161572810262e-12,2.23195684156963e-10,0.000617080940202186,2.78532752417959e-12,2.20694573727087e-11,7.27908400222077e-10,2.8421709430404e-14,0,4.54747350886464e-13,0,9.45021838560933e-12,0,2.73985278909095e-11,1.56319401867222e-13,8.65441052155802e-12,3.66640051652212e-12,0,8.87609985511517e-11,0.000491535413800648,8.0845410366237e-08,0,5.6843418860808e-14,0,0,0.000175963662741196,2.19941398427181e-10,1151354080.37314,0,2991316377.12578,1.4210854715202e-14,0,1.12834186438704e-11,0,0,9.2370555648813e-13,0,0,5.6843418860808e-14,0,0,0,0,5.77813352720113e-11
0,0,0,0,0,0,0,0,0,0,0,0,0,0,0,0,0,0,0,0,0,0,0,0,0,0,0,0,0,0,0,0,0,0,3306346.33471379,0,7293277.21154986,0,0,0,0,0,0,0,0,0,0,0,0,0,0
0,0,0,0,0,0,0,0,0,0,0,0,0,0,0,0,0,0,0,0,0,0,0,0,0,0,0,0,0,0,0,0,0,0,8093.98739411467,0,2285.19513624129,0,0,0,0,0,0,0,0,0,0,0,0,0,0
0,0,0,0,0,0,0,0,0,0,0,0,0,0,0,0,0,0,0,0,0,0,0,0,0,0,0,0,0,0,0,0,0,0,8.94688651893044,0,184.849361513855,0,0,0,0,0,0,0,0,0,0,0,0,0,0
0,0,0,0,0,0,0,0,0,0,0,0,0,0,0,0,0,0,0,0,0,0,0,0,0,0,0,0,0,0,0,0,0,0,5.22699340014967,0,184.195952846939,0,0,0,0,0,0,0,0,0,0,0,0,0,0
0,0,0,0,0,0,0,0,0,0,0,0,0,0,0,0,0,0,0,0,0,0,0,0,0,0,0,0,0,0,0,0,0,0,5.22523968172381,0,184.105158406241,0,0,0,0,0,0,0,0,0,0,0,0,0,0
0,0,0,0,0,0,0,0,0,0,0,0,0,0,0,0,0,0,0,0,0,0,0,0,0,0,0,0,0,0,0,0,0,0,5.22068497413684,0,183.039800354043,0,0,0,0,0,0,0,0,0,0,0,0,0,0
0,0,0,0,0,0,0,0,0,0,0,0,0,0,0,0,0,0,0,0,0,0,0,0,0,0,0,0,0,0,0,0,0,0,5.06947170483743,0,167.76478123055,0,0,0,0,0,0,0,0,0,0,0,0,0,0
0,0,0,0,0,0,0,0,0,0,0,0,0,0,0,0,0,0,0,0,0,0,0,0,0,0,0,0,0,0,0,0,0,0,3.61914786796447,0,108.502621577348,0,0,0,0,0,0,0,0,0,0,0,0,0,0
0,0,0,0,0,0,0,0,0,0,0,0,0,0,0,0,0,0,0,0,0,0,0,0,0,0,0,0,0,0,0,0,0,0,0.178347043727186,0,23.1572515188629,0,0,0,0,0,0,0,0,0,0,0,0,0,0
