44.9752939673216,16.991755506334,51.6497598336308,41.7841078591723,27.1193792795598,24.1222599237353,36.8476972665923,58.545356189675,63.0062068381679,46.1584536909645,121.335180737283,14.4812325867181,88.0638294951009,38.5861260960665,68.7477501533739,17.1654154702878,91.8774932540676,26.2624008886003,10.0174165999894,40.5677506042286,52.4737834652531,20.2942590160447,108.833525700202,47.9467888848962,37.8192856374388,12.731171757444,51.8775080200103,71.9654267055772,22.148513453199,10.2001912556034,31.9488388799169,14.6189282613352,49.3112868565131,69.7049947212919,48.5612713636883,107.358787433392,73.0370239200084,34.3840261307636,27.8448760199904,27.4238396501014,23.6884009338851,70.9931218355814,5.72332807256782,75.7436952362133,20.8409289848292,107.555382522475,5.81343803839252,75.8467917024792,32.9252288569298,8.67233877492976,42.8605579796734
7.88301531676586,6.21162937723722,6.83588523276654,7.77987197593802,3.7135522409543,6.28260938051358,8.00915189522891,7.93370575676801,7.7086551268265,8.09269033964779,14.0809077122378,8.08596843154845,9.00481762008235,8.10934221689917,18.9225593224733,7.95556270723182,6.91695978498831,7.40564809256961,7.02302745849101,5.05547519845811,6.06895612392555,7.32854066040966,71.1235252723706,8.28445714071307,5.74573799376321,7.53730117208664,7.87873866645458,12.0476284163393,7.97054436872367,4.9734954400675,7.73226768805995,7.55241520781169,8.66875528767275,12.310705272568,5.66745386400788,5.33481770339256,7.35953783310759,7.72886120385687,7.74389072192213,6.06226304710515,7.23446004909414,12.2617220727926,4.44689659588079,16.8145341548206,8.07279369561741,14.5760540015432,4.140141462158,21.2202412209523,6.51821551292198,7.47821838716339,8.02122508959138
7.50559266707518,5.34940012544877,5.33933501465594,7.44590916813672,3.04354940015293,4.71570086694686,7.52298811190229,7.26280356092212,6.90540038958585,7.85136625383905,6.30243916054087,7.18967141071681,8.10170140170442,7.91074223807703,7.96923093410328,7.3338345199511,4.03501242711161,6.95892013363681,5.53968966706526,4.30223721974659,5.47579662119421,7.0599516612657,64.0000082916069,7.67379280927446,5.26962377944176,5.9546343910622,7.58517982666626,8.193921398501,7.15631142559891,3.98614864266193,6.95437506589525,6.7944043908214,7.85028361866011,6.87828889868518,5.37523110382182,3.81278710292401,6.75343870834263,6.71914503014511,7.20788828261334,5.33448584415692,6.79275444821616,5.87179872454084,3.9285948804154,8.14657523557338,6.89395251634812,8.01326278115698,3.0802029861681,0.726572254468294,6.37459695821286,6.2557269882119,7.27016894079929
6.04675779370029,3.85464296004409,3.52261974862819,6.50584416967968,1.85409888431627,3.47680759000639,5.64041423836426,5.37755792273327,5.84347636438309,5.65416899889175,5.62130216421434,5.11501038233905,6.55574638829836,5.62482872551635,7.00238712438477,5.60143274461603,3.17930064179353,5.09037031856451,3.84051134617067,2.61851148639198,3.99151071926821,5.17463810465006,14.2673602684466,6.67828200856349,3.9634441813289,4.58949377130665,6.10661802824694,6.74782506412038,5.79501152892828,2.26001867552344,5.20012394703474,5.17123123707279,6.14362939334529,5.99708063032324,4.35229817045922,2.53677828440954,5.05177707537803,5.86466241807398,5.28884535313233,3.95971761779907,5.04107260741637,4.83774255485054,2.07592997328402,7.64991172730078,5.18362281402818,7.11610871847989,1.90030585291214,0.0564727243561833,4.51504770420826,4.107530779564,5.89129665974662
3.01311036338564,0.583847561723189,0.833358166272205,3.61902707074978,0.295648612975924,1.26457992484745,2.56613288434772,2.25625926574207,1.61238388249154,3.20668548294088,1.36554134414087,3.85707533611827,3.68921619105276,2.81741128231596,5.03276905164472,3.18296865741462,0.358959974012748,2.05443022385833,0.990474661978396,0.276451625936886,1.21500260769818,2.81074753493579,3.45391491096723,3.75339028550962,0.379526488910869,1.04328117572805,2.38848849113208,3.8812714452593,2.01073579465543,0.00517525037707856,1.87696362793059,2.20297779912119,4.01402365450429,2.13646135520679,1.08457455397922,0.6884384910893,2.42392232168851,2.69322934178297,2.99189455185711,1.70450198829332,2.59145717246389,1.75684907041261,0.434433416616969,4.46745377136864,3.51423196547671,4.58053619076617,0.219458917709005,1.87668547368958e-09,1.27285784376249,2.38644818331579,3.11930167907968
0.00187138230000983,4.24896029471711e-08,0,0.0280974472252637,0,2.36622099691886e-09,2.77680101135047e-10,0.000312524562161798,8.17243949313706e-06,0.0829195524345323,1.78455934474187e-08,0.0324894284341894,0.226065938776856,0.00555745197596025,0.0159683737389287,0.00155952130808146,0,1.64240134381544e-06,0.0016051446055485,0,1.07036157714901e-08,0.0199407308871855,0.00120965852687505,0.30314521082795,1.13686837721616e-13,7.27936253497319e-08,0.141222380946488,0.0733845261612487,0.00289605305266605,0,0.000656059633513451,1.20187874017574e-05,0.238858282866147,8.62572468349754e-05,4.60431692772545e-12,4.54747350886464e-13,8.72604709911684e-06,0.00648767546562112,0.001081588162549,0.000146766383636532,0.0201167468912331,7.89626142250199e-08,0,0.182374579046041,0.000521870605382446,0.785738614675154,0,0,7.74975660533528e-07,0.00079248553367961,0.0112637277660497
0,0,0,0,0,0,0,0,0,0,0,0,0,0,0,0,0,0,0,0,0,0,0,0,0,0,0,0,0,0,0,0,0,0,0,0,0,0,0,0,0,0,0,1.13686837721616e-13,0,0,0,0,0,0,0
0,0,0,0,0,0,0,0,0,0,0,0,0,0,0,0,0,0,0,0,0,0,0,0,0,0,0,0,0,0,0,0,0,0,0,0,0,0,0,0,0,0,0,0,0,0,0,0,0,0,0
0,0,0,0,0,0,0,0,0,0,0,0,0,0,0,0,0,0,0,0,0,0,0,0,0,0,0,0,0,0,0,0,0,0,0,0,0,0,0,0,0,0,0,0,0,0,0,0,0,0,0
0,0,0,0,0,0,0,0,0,0,0,0,0,0,0,0,0,0,0,0,0,0,0,0,0,0,0,0,0,0,0,0,0,0,0,0,0,0,0,0,0,0,0,0,0,0,0,0,0,0,0
0,0,0,0,0,0,0,0,0,0,0,0,0,0,0,0,0,0,0,0,0,0,0,0,0,0,0,0,0,0,0,0,0,0,0,0,0,0,0,0,0,0,0,0,0,0,0,0,0,0,0
0,0,0,0,0,0,0,0,0,0,0,0,0,0,0,0,0,0,0,0,0,0,0,0,0,0,0,0,0,0,0,0,0,0,0,0,0,0,0,0,0,0,0,0,0,0,0,0,0,0,0
0,0,0,0,0,0,0,0,0,0,0,0,0,0,0,0,0,0,0,0,0,0,0,0,0,0,0,0,0,0,0,0,0,0,0,0,0,0,0,0,0,0,0,0,0,0,0,0,0,0,0
0,0,0,0,0,0,0,0,0,0,0,0,0,0,0,0,0,0,0,0,0,0,0,0,0,0,0,0,0,0,0,0,0,0,0,0,0,0,0,0,0,0,0,0,0,0,0,0,0,0,0
