15463.909912562
15226.5151209065
15700.1804344894
15327.2556149343
15443.4071938553
15187.6654542764
15463.5449790904
15838.8380101527
15225.0236518161
15700.4367073538
15698.8700201007
15600.362655544
16074.1255908167
15344.6140304282
15246.1865481975
15600.3625838143
15127.758656892
15680.9831338768
15600.3626213817
15406.1969394744
15540.6729792797
15581.7165089983
14770.7006629896
15582.081472419
15365.0807162257
15286.2414836977
15384.1661464491
15147.8961970537
15443.4072371087
15126.2303459233
15601.8901467899
15976.6427208506
15225.0242987491
14910.5375149618
15660.6285303481
15720.3179649834
15759.8341395263
15621.5248757159
15286.2414889031
15346.5072493626
15404.3036596953
15621.112318238
15088.2066538229
15779.5592281427
15720.3181650772
15502.59394586
15127.7586235911
15561.8351519856
14949.0649752255
16056.1842989133
15621.5247967402
