6323.18580686067
5073.00032001942
4083.45610929074
5480.27014029073
5592.33961653244
4958.03213690823
5781.26364563301
5751.3688693505
4438.38035706578
5585.71994170404
5800.70507264145
5744.90060570174
7017.90630892117
4972.0988342854
4429.54389635585
4829.59040694148
5371.71819646467
4410.9202373353
5327.44652540861
6948.97883736425
5804.70554778438
5872.92773349795
4986.30941429999
5731.36991529543
5241.5895371215
5346.16045135936
4875.89199765314
5198.41547135754
5162.38767747621
5766.17222701942
5632.53922891667
4488.44113370942
4993.86219832132
7037.43509317484
6031.01120309484
4835.78889865864
4971.60987723583
5198.99946397595
5110.8722829383
5930.29824705148
4282.24861234521
4498.72424059624
5984.89922666095
4576.00002649375
6475.37625961191
5602.06417797517
5890.3639380798
6638.41325699634
4950.28757899365
6450.29195102756
6344.77180735833
