3939.81073957721
3681.72373669499
3862.32180290371
3121.31935297497
3402.68168669167
3122.89856007686
4274.74612407571
3383.04112549502
3047.79552931139
3918.78001312551
3650.76320033715
2917.13740305529
3395.9180556317
2762.80172666975
3874.84780950586
3678.70886906696
3330.89466214184
3166.72447002283
2898.52937536182
3608.89416594124
3230.231391717
3438.00799897545
3380.94475035115
3362.92753501471
3191.02320858204
3402.55586550884
3774.61895801105
3446.99854663814
3517.57205536679
3628.80387677159
3560.69194451465
3132.54012767504
3271.08697550858
3285.56959242946
3147.83881764898
2609.53443402114
3490.84080995634
3131.99659018562
3316.78989550949
3894.49882648497
4312.70503943293
3828.00742929832
3366.58173664811
3833.59779672635
3460.17961669397
4275.82717119236
3460.47074630421
3068.70908529153
3341.55066725859
3979.99783186847
3271.46178581583
