194.115740605636
222.969480262642
226.949132034899
237.894106460418
222.969331699517
206.055291548522
228.938371727872
215.009464802384
240.878197064768
233.913643891911
223.964332028916
223.96419958617
210.034995806483
239.882511752448
205.059908954898
200.08550630184
235.902696332702
252.816743150788
230.92871482033
209.03905451232
206.055496248823
196.105892336275
213.019357301359
195.111016083246
244.858379052503
227.943446033228
220.979294160281
222.968238336869
256.796514257059
218.989972805515
242.868352806584
216.998905407148
231.924545988902
220.97920249267
228.938303695034
246.848332360763
216.999148642399
229.933338524285
223.962302992551
212.025476601311
227.944223385778
228.939368921389
195.110389265074
216.00403080958
225.954096450489
226.948594493848
235.903416518362
230.928554636223
205.059491805597
266.746592133189
244.857495281553
