286.886324568696
241.862284672724
244.354633318744
282.132298650602
253.922591279041
280.867117128986
246.985721940995
243.814286745245
223.35169262931
302.425532518584
330.107103311848
346.617060601692
226.22902736793
321.652034303361
348.60113138779
347.535370470075
325.153970355831
325.048463537182
317.687218581501
231.392567305815
265.270814640351
367.876158804559
355.504519275748
344.304769385823
237.793044834118
285.197852473721
285.083225426266
256.418402472601
250.019048657325
422.597782060304
247.6505838434
337.250083202637
365.934961970416
273.144373466814
302.442801483994
344.236178899934
394.179881655506
224.487479554312
295.649173679237
345.402292063302
256.867585233979
224.716508077649
312.706530945082
315.940678514762
297.00976356794
301.389909551229
262.888485555837
255.775039042742
265.220183834193
267.636074625665
232.958205581002
