2736.01032665576
2495.36360768233
2308.37190455403
2019.6821503842
2080.89974174098
2048.30155033258
2361.92584917903
2061.04969954239
1983.67584735688
2420.31609649687
2029.37854668502
2406.66555291227
1394.04040556846
2364.99234460482
2396.06487852723
2836.7123662063
3024.94052707943
1954.62148177718
2306.55807669108
2097.18912096452
2206.10514805715
2111.85065137479
2315.91115575368
2153.80972024393
2231.44204394475
1839.89271976993
2210.0603457297
1916.05541234108
2451.72513474929
1386.1920972918
2077.52147418671
3022.50248701906
1730.58035290133
2493.85672677192
2438.28929017753
2011.66618285032
1844.65841503476
2130.64638603371
1895.31982328765
2175.94713235555
2322.11559952006
1982.79954717459
2500.95017389812
1694.04462188678
1881.30210979964
2040.92110942233
2569.43183710567
2914.28634912451
1947.74953073381
2332.36731239935
2623.895108977
