167.274835690271
174.321131564501
160.858114270197
174.490953850717
174.035029349461
164.644510721059
165.019774198768
185.568898940736
198.621492039995
191.079526997154
168.421448436956
157.838700025043
150.202430083724
128.413917351692
174.769788531534
142.745784771387
175.065245328007
167.980896526926
144.808047736203
187.161681601777
171.24233337648
168.818911194201
184.315608235309
133.770184487048
184.102909256408
161.685227326204
158.840292903577
197.423763925712
202.292493330539
165.757859354303
178.48021190879
157.701708077587
159.097915376313
184.158131963056
176.710947550102
155.227564263233
165.157554583294
180.97461281479
162.24548006969
160.504743295553
218.147127481496
168.541193693176
172.849792851579
173.494893566392
167.237127640408
151.761981284602
166.127185286828
183.827994068903
183.514482797048
154.989911653859
160.771926475763
