606.458967927622
327.445348994253
514.05616973758
527.270239150381
355.513491014067
381.305695253225
360.421136766734
461.558475021443
318.087540846429
364.667647177739
622.28967202611
571.049105095525
295.263127793814
348.138981294486
280.445062782321
471.55959970672
301.452773405854
478.704673192464
248.842559122257
222.27119132701
201.858506195617
254.000332309122
336.597495721907
337.570296159272
290.946730152102
557.815334693461
225.536055434259
303.859565050923
374.256255699551
426.833417405241
374.100941157827
362.287098205749
325.148092250044
337.029049167011
237.427246046042
366.422843872039
411.837765784038
366.231187241219
493.147006886912
450.030450023299
404.306591540858
306.591277538286
231.928828030906
328.7654620487
232.313174804711
410.469902367448
455.011380711772
451.310145220613
506.850723510348
305.748624998103
241.558086663825
