4251.74268900288
4251.58272247426
4288.32907443815
4231.36984713914
4260.99383098044
4270.92559895418
4231.84772221758
4239.55508044344
4256.46162437965
4256.69752196856
4259.5183741855
4273.66785208302
4239.7496601297
4257.03976510406
4251.74154654522
4245.55384392409
4261.84766236008
4240.6306917709
4273.04089867188
4269.89776615265
4239.5923383863
4270.39767835921
4239.78824066696
4250.26013992323
4255.79774364166
4276.90641147085
4252.84337224974
4270.03788264044
4240.79126452847
4259.30412112857
4252.49669131922
4276.41163491183
4256.40619693707
4256.46621802769
4263.59190781147
4255.13199147649
4273.73365039214
4245.32646457244
4256.70213901431
4259.3056397063
4273.25192772965
4273.87969275092
4259.01269346226
4243.35793521507
4271.6175922712
4245.63214512752
4269.73509775153
4253.48036060749
4241.59412609128
4239.52113952335
4262.70508088333
