333.278342712402
349.619019154011
325.505952423211
374.776817537859
342.498505279561
344.971355934141
352.886186822501
337.569935712392
325.276069697782
354.322539331605
327.785954988128
347.990803528035
340.42080384416
361.171039862824
361.441343299624
348.990455566197
330.562608317216
336.472464902521
356.640758492784
323.035736379297
351.427770400244
345.751571032562
343.885165293932
350.546330144251
347.722879459273
358.522999811952
335.845389017026
341.958091050151
344.362039166367
341.209709210857
359.430202958255
332.962830311918
355.172080460173
366.428927853147
350.981567196069
315.784167120059
353.71135229965
342.004097730995
356.275884150623
346.835347777755
340.442740779839
339.600449840322
370.238102403654
331.426615768247
346.834512030332
334.317530902443
350.461680068378
331.305826464182
347.94476360029
355.902361714607
342.470602432867
