19395.8444536619
19491.1000762843
19705.4293572788
19583.8055213213
19436.0692753035
19419.2445621782
19491.1001247951
19491.100094851
19680.835041404
20018.8460356542
19307.5458157572
19500.2166281746
19319.3853994974
19301.1443517245
19662.3144157702
19111.3176669681
19481.6395283373
19307.9284282214
19662.3143775619
19464.6606165555
19582.1016396803
19491.1000908369
19491.1000401895
19669.6644698184
19447.3528255071
19547.3163771201
19429.7612218443
19798.4265809308
19436.069212358
19393.5522728915
19491.1000970615
19538.9856775331
19436.069343262
19632.8703612376
19422.2585000734
19491.1001069276
19196.0881358461
19607.757370148
19436.0692611019
19502.4964843253
19741.8310550391
19416.7672200588
19505.4609839609
19756.9478667105
19674.1017149805
19284.9474195465
19416.7672766347
19534.794753771
19450.3490279489
19498.4760281645
19426.7938562716
