5885.2550856565
5633.62593135588
5250.67126020773
5645.56874782422
5399.58150505659
5624.70240985676
5513.03775189852
5519.33540841896
5718.0818420666
5719.56979653167
5631.37523587445
5571.36970330618
5701.38288964677
5303.59997961428
5546.19799980857
5485.81610042764
5513.03774809718
5656.13457874607
5687.90788148378
5607.51250670535
5651.51874055936
5719.56978744979
5896.53686555964
5519.33540771936
5735.58415071245
5902.32933094768
5315.32196246111
5681.5886719467
5475.24363345892
5450.98193376513
5660.98768203589
5687.90787153849
5407.45806621324
5694.76069503523
5703.40875949337
5454.70621606724
5627.54231698298
5448.47905623314
5663.77788214874
5539.60797156808
5410.29156781582
5616.89205767511
5636.3231343344
5627.54234751899
5355.80378119875
5564.90727765464
5451.35221021657
5777.67210242947
5416.31846476949
5477.4774285309
5519.33540552346
