919.832970070528
953.838803127878
963.566210748705
890.884315666555
969.108296951838
884.003285218376
938.233315589628
947.554848340953
944.053711851022
907.275500327024
906.790052148584
970.036533116763
947.054312873468
876.429270580055
941.827215742118
935.677219903342
938.088296201379
921.773393197112
907.738044742149
940.943831914297
892.896148760818
918.467411962586
879.774637326042
924.560303304322
913.048510828373
902.185644476591
909.995923881081
898.779595788266
905.458982187542
941.580021333462
900.712923193806
908.630784345071
957.037546647141
955.109752101162
912.969263157148
876.902261514047
910.485040905183
922.628394600285
938.40681985429
917.500873388048
940.127410227653
957.013444690912
946.202886249906
903.8933054217
926.650341632452
932.798819435717
919.029712090207
922.897133666211
928.407669776432
891.631231866724
968.690510595838
