761.719993135183
698.01654697566
697.906162716735
702.77983398418
761.578826322359
761.672475838358
697.81256903099
761.638281994273
697.881210723935
761.807359315021
761.706409379527
697.867913533304
698.150455403155
697.878997375024
697.982371269098
761.728047317438
761.653422234684
697.951478973683
761.919182412311
761.549247921753
761.651506581087
697.900229518017
761.673667581013
637.278380975428
761.635195567616
761.712750767706
697.807765894458
761.655164576046
702.942437312023
830.028986707312
761.602114672341
841.736477064341
761.921393534033
761.612353419358
697.9541487122
761.73592577723
761.727523163202
697.814634571695
761.693081260263
761.719187266317
697.867551016243
697.939393592171
761.94816412505
697.934319608324
697.888792903139
784.866986967494
761.741911777982
697.839844403794
637.449770693243
697.881536307231
784.272563836766
