300.000000000009
300.000000000009
300.00000000001
300.00000000001
300.000000000012
300.000000000011
300.00000000001
300.00000000001
300.000000000011
300.00000000001
300.00000000001
300.00000000001
300.00000000001
300.00000000001
300.00000000001
300.00000000001
300.00000000001
300.00000000001
300.000000000011
300.00000000001
300.00000000001
300.00000000001
300.00000000001
300.00000000001
300.000000000009
300.00000000001
300.000000000009
300.00000000001
300.000000000009
300.00000000001
300.000000000011
300.00000000001
300.000000000009
300.000000000008
300.000000000009
300.00000000001
300.00000000001
300.000000000011
300.000000000009
300.00000000001
300.000000000009
300.000000000009
300.000000000009
300.00000000001
300.000000000009
300.00000000001
300.00000000001
300.00000000001
300.00000000001
300.000000000008
300.000000000009
