9360.99208807354
10236.8700150781
11578.8823885125
9945.8888314362
11672.2657347256
10032.4447179103
11507.4094695732
11675.0448030837
10104.581012043
11947.660114563
11642.3637327043
11648.1209670901
10490.4756519338
12217.3109388793
11572.2322224479
9178.01473098398
10563.5426275161
8744.64484401309
9960.61992249132
11140.1523934252
9591.25261192056
9804.26519470669
10550.4327390793
12513.0514971265
11288.6661838948
10453.7355301127
11916.2517759524
11547.4481188666
12086.1188621801
11378.2825013713
10348.8336015518
10820.7354013309
12243.5545877576
10617.3659384275
10941.3648201412
10502.3007594971
8919.42857379368
11954.9493707263
12278.892273685
9211.35536087587
9802.83960013455
9202.58902812186
11685.3822482307
11755.946276241
9678.68881195727
11537.1607399201
10739.1365074333
11673.9916806049
10248.7900568886
10839.3026602034
10274.3105851091
