541.810559711163
520.071565312139
537.016552620084
480.090960377862
590.115394376421
552.137609523582
552.080537791634
546.036136622509
629.152352762113
541.879009989081
554.772352971218
520.624814488106
552.757202689782
558.8042765502
590.115511615979
493.809101980641
555.793465181881
478.250011329121
518.810935112627
544.57771880533
541.345694524738
531.298444067777
541.444301159765
525.429925361404
544.626034093552
521.724924325708
555.422782801053
590.115394376421
633.674655355079
569.690334678475
541.159715079325
541.145255373825
540.42110655708
590.115394378683
520.26848270461
545.045310262444
543.843900660447
541.102761415445
521.700448462176
552.070546613968
531.848004949565
554.420925627036
556.164899074031
496.673375453686
520.190343044574
541.650653929113
554.505313382572
539.46476758382
553.035786931577
541.616912604187
541.634896433874
