3750.44548390405
3641.74845605173
3474.67195777511
3912.3542083322
3520.24498690516
3733.51327238699
4068.20182843355
3059.97849616627
3613.38124847721
3091.1388380728
3245.54968756981
3666.8148111012
3019.94535610529
3188.55292153529
3174.87972720883
4247.54218411853
3378.13473765889
3181.32143315183
4231.115457801
3035.02812473831
3349.57703144217
3386.97507023828
3267.76993318511
3670.72841215072
3348.65612586982
3259.64316523134
3168.81626298208
4044.3550998552
3472.75319814838
4105.94591593661
2861.65884355927
4058.29629289829
3458.95510393168
3308.47303586393
3045.75085855962
3324.91131049857
2958.05604635349
3331.08056184626
3870.3513059321
3433.04116201707
3681.82567790286
3789.57012541772
4309.8765162063
3357.92890418747
3647.71002519312
3659.36756034115
3564.96754442167
3528.45304163781
3557.68843046886
4048.24871673268
3773.86145581847
