79.5632092229852
184.183859772008
79.1012577633601
77.0087396687892
3.98662385470732
3.986623854301
80.3495556742859
5.6843418860808e-14
75.0907785167297
3.986623854301
82.547668302568
184.149742752172
96.6173750501058
5.6843418860808e-14
86.7088402866937
95.0245524414204
5.6843418860808e-14
187.962723609849
184.192125793094
1.13686837721616e-13
3.98662388276477
8.22778405159033
184.203452010303
3.987453785843
153.661051981762
85.7703883651747
177.631106252388
13.178754210453
80.9025007458098
3.98690546908909
87.7118399771099
83.6333410600296
81.8032469089786
88.3046580755939
85.2395490346217
3.986623854301
83.527450133354
77.8769618192962
80.3051830991565
3.986623854301
13.8247726929679
13.1764752897873
6.76784002078801
190.611664331157
103.065177059306
74.5883852944262
13.0773166773999
5.6843418860808e-14
75.0813483448445
3.9866238543737
141.626408362791
