853.661359232838
851.67144615647
854.656318289931
854.656318289931
851.67144615647
859.631088340864
859.631088340864
876.544664272266
856.646236404118
855.651277347024
856.646236404118
860.626047397957
850.676487099377
866.595669565473
856.646236404118
863.610919531418
868.585567482945
866.595669565473
878.534582386453
863.610797432012
858.636149480485
853.661359232838
859.631088340864
858.636149480485
858.636149480485
864.605878588512
863.610919531418
872.565398673499
862.615960474325
851.67144615647
854.656318289931
858.636149480485
863.610797432012
852.666405213564
866.595669565473
876.544664272266
859.631088340864
869.579981144966
858.636149480485
860.626047397957
853.661359232838
858.636129283771
852.666405213564
855.651277347024
856.646231366299
854.656318289931
851.67144615647
862.615960474325
860.626047397957
861.621001417232
855.651277347024
