66.7203515727323
63.5771371801337
65.198916884407
66.9511483052371
65.3222494951867
65.8311757705839
65.4146752100326
65.5474178082738
66.9806077809901
65.019178986071
67.3770058585907
66.9434968991676
65.1219788936456
66.7683038167451
65.3704236636129
65.2606465952438
65.2052792325271
67.3596754875094
67.0105803401435
66.6252516291328
64.9506725562605
63.8962975995532
64.6003136025888
67.6257765953031
67.1152138654982
66.8070836241376
65.372510566913
65.1480754415227
66.9982899580963
66.9626604877669
67.0518599235484
65.2032282468791
65.3681827367963
65.4078016224455
67.3995712191552
66.9246217387856
65.2817023776163
66.6118316113445
66.7296016656206
65.4751273706997
65.6242049200764
65.1485222298172
67.0910000906542
64.5994956852383
66.6198915858088
65.570089662389
67.1910880362311
65.0556373247045
65.3911367067394
65.2068043042992
66.7795681795254
