2604.85363084745
2590.18110704846
2604.51579075446
2622.17740175969
2629.88956210451
2623.0840945025
2623.0422933028
2612.1242750267
2640.84938158031
2627.00829215735
2622.61891792526
2604.85363084745
2617.3030748692
2611.22315865711
2612.12427502669
2603.45372963146
2623.3423545508
2627.07643739908
2638.03625687488
2623.0840945025
2623.0840945025
2639.83778277454
2621.60731911949
2613.13587383247
2620.85291001256
2613.13587383247
2604.85363084745
2598.97631509493
2612.12427502669
2591.81561735711
2614.82150887239
2605.00033811011
2586.76987445506
2605.86522965322
2604.85363084745
2604.85363084745
2595.05211744008
2604.85363084745
2612.12427502669
2598.74129273664
2605.86522965322
2639.92331805909
2600.29378993909
2604.85363084745
2587.78147326083
2615.81345032325
2604.85363084745
2626.30199402169
2597.72969393087
2620.74924678388
2592.80372179463
