1097.42104612297
1108.36543834142
1107.37047928433
1095.43112800878
1107.37047928433
1098.41600014225
1090.45666744184
1099.41095919934
1107.37047928433
1104.38560715086
1099.41095919934
1099.41095919934
1108.36543834142
1108.36543834142
1096.42621028607
1098.41600014225
1107.37047928433
1099.41095919934
1098.41600014225
1099.41095919934
1107.37047928433
1099.41095919934
1096.42608706588
1095.43112800878
1097.42104108515
1108.36543834142
1098.41600014225
1099.41095919934
1098.41600014225
1097.42116934316
1108.36543834142
1107.37047928433
1098.41600014225
1107.37047928433
1098.41600014224
1107.37047928433
1099.41095919934
1099.41095919934
1096.42621028607
1108.36543834142
1098.41600014225
1099.41095919934
1098.41600014225
1098.41600014225
1099.41095919934
1108.36543834142
1107.37047928433
1107.37047928433
1107.37047928433
1108.36543834142
1109.36039739851
