22235.6592440941
22280.1121638838
22164.659887334
22271.0236667051
22223.9330957924
22220.0226238737
22248.3860074291
22247.9331064295
22196.3860105397
22176.2965289431
22210.4755226802
22242.9325045446
22201.3854374145
22203.7487715058
22262.296493277
22245.2958650649
22187.7503805571
22258.8389196983
22240.022634863
22263.7487831508
22225.5697255881
22222.8429654197
22241.1127680099
22214.0226276945
22232.3860140999
22292.8389204632
22260.0226248209
22168.8405118088
22258.7494234972
22235.2959161496
22240.022634863
22227.5697228232
22240.022634863
22218.0226242799
22258.7493853334
22262.3860535358
22281.9331423663
22241.5697688152
22215.9330961442
22146.6598946243
22260.1122058196
22277.0232437419
22226.0226875846
22258.0226342761
22268.0226773862
22262.6598568945
22194.6598459806
22251.1127615978
22250.3860011999
22250.7493950257
22229.5697165941
