4711.74863631636
4651.87213424968
4711.74866874871
4651.87218696721
4711.7486719102
4711.74857664711
4651.87219005409
4651.8721072961
4651.87217207303
4651.87208174563
4711.74859696437
4651.87214121633
4651.87216457376
4711.74861240447
4651.872125006
4651.87218991704
4651.87212527231
4711.74862241719
4651.87211092333
4711.74863224582
4651.87220787592
4711.74858278083
4711.7486190083
4711.74862414042
4651.87212385016
4711.74860181215
4711.74862684828
4651.87217879895
4711.74862393136
4651.87213227466
4711.74863170588
4297.01265677298
4651.8721599276
4711.74860035967
4651.87215841355
4651.87209352796
4711.74858308093
4651.87209017147
4711.74863853198
4651.8721163467
4651.87212986306
4711.7486403626
4651.87209065086
4711.74860169301
4651.87221159599
4651.87210207106
4711.74867743432
4711.74859027354
4711.74869934746
4711.7486072184
4651.87214785017
