41.7877412375374
13.9293914891343
41.5093386574133
26.8637631481351
29.8485131821897
44.7725931742837
39.7978231233508
53.4488120323613
34.8234053325289
5.96974930474062
38.8031144236766
21.889033673528
57.428582449875
27.8587373641237
25.868804091042
38.8031144236766
23.6005492075906
69.6465208521001
42.5045430341067
8.95462143820146
3.97983119055402
56.7120259729056
52.7318239719941
38.5247118435525
13.9293914891343
24.5955234235794
17.909161906648
14.9243505462277
10.9445193556735
65.6665051149864
13.9293914891343
29.848635281596
14.6459479661037
49.4691855850813
36.8132778325705
45.7675522313771
17.9091619066483
22.8839927306215
12.6560500486314
18.9041615400674
20.8940340401089
41.7879865571374
14.9243505462277
47.479082924335
15.6409070231969
38.8028691040765
56.4336233927816
45.489354394527
39.5196709006459
41.5093386574133
24.8737229345422
