2082.32447634593
2252.62362826721
2398.46771277783
2538.31325000895
1551.47808200373
2394.91145159225
2850.07546528386
3009.00518743873
2483.78594530773
2777.20438434516
2231.22017336002
2457.20630539668
2926.73518979293
2937.05689436535
3384.94824995031
2219.52940892062
2178.18550490725
2060.25248168158
2221.14367501978
1800.14578805375
2759.84931397994
2977.40610740431
2753.64535715523
1961.42292640049
4119.99885777295
2287.38517315821
3052.37264767227
3033.40170702656
2308.41751656278
2557.00992010815
2302.53334880441
2818.01934012303
2137.71345242663
2943.55922262978
2821.60484998397
2582.53077556055
2875.90320174146
2857.48096574054
2231.5503205475
2336.68613906572
1947.58358578217
2718.09887030001
2036.24870259767
2010.59146388564
2242.74465018014
1937.39645988938
2610.00101068095
2708.36881072447
2762.96319316485
2052.42763510356
2576.58363133081
