197.830161565138
83.7202656516458
297.753267716858
9.89549179221626
146.173529638735
254.264662158126
216.024469360601
157.029039183805
382.898387666163
144.6145549768
237.378651960185
159.414050457713
360.139967648435
183.953811941255
337.428532336421
465.091773846861
247.235705603076
771.487932065751
285.661562872948
95.848565669527
311.963226778387
173.914276066657
412.603158209891
289.945517846426
285.285836356639
169.454320938011
341.659016245475
193.37944613701
279.297254782613
340.673827902335
33.8221912553627
8.07782286871657
159.209241629938
769.918442151788
489.889898628731
122.454280485818
24.7564224069524
286.596991353969
222.097654037849
125.377902442734
161.09789567629
221.565671449252
224.074390524485
178.457977047149
301.8084469795
105.185478924455
261.879833260018
207.47987326089
600.685460787951
689.517023485607
358.917256859124
