40.1366649669517
72.7967442812671
9.96914687592334
114.225002088249
19.6895886205527
54.9703858422263
33.1089516532491
41.2165729900139
71.1050840362388
48.7475137258934
55.5514920191883
62.5791198008383
44.0546505257159
23.1791402831107
49.8482203115091
74.0718146708382
54.0306975647561
55.5989756905615
13.5151885633354
135.517686604347
59.9137271107284
54.8929839680452
6.92945481070183
22.7371824393313
99.0160342090287
28.164936519709
14.7477528434208
87.0586180152923
15.743478153569
66.8202843676117
79.7615098236515
26.6185947539072
112.663822801412
35.3319851788656
57.5892514178115
112.074365407428
38.8624881815213
51.1877271028222
30.6660045206263
114.846434955797
37.9045158247686
47.5240833620112
22.9313590529878
115.003135563376
116.02233696694
32.59509570403
74.4363267806152
39.2722370047718
85.776750144661
152.152588662088
43.6577700415985
