1710.77522928787
1710.33244122683
1572.38248476997
1572.55178291281
1454.20187542903
1573.82851829609
1711.03032931121
1711.01984569423
1711.91264633443
1573.73330444044
1712.10184140707
1573.29282263097
1711.62238832449
1714.53504331051
1712.47062564176
1571.60454480367
1578.42132623185
1572.321982596
1711.19927304575
1592.4049164058
1710.70136982619
1711.54428791118
1711.63463253905
1711.79560312902
1711.65800354816
1713.03137246461
1712.34334040633
1573.25977367885
1710.99663365191
1711.9294822103
1712.02809251383
1591.09457976687
1780.14131961698
1710.27216047376
1711.82207950159
1857.76652740088
1574.7318632293
1711.49337845116
1711.50490910756
1850.88979806538
1712.01825173952
1572.50141600524
1712.50646996071
1712.7501068788
1713.30994327838
1573.83860637533
1711.35331897377
1571.72456561936
1712.38249571708
1713.59320614094
1711.68711021322
