123.992188515344
103.691549755929
113.259891393589
66.188944208204
85.9326799932589
50.0495036642465
184.751320380879
113.549549938936
55.8599056057758
155.448399113999
149.805571559001
90.6835717465292
122.662091799988
118.37675220997
65.4939113331427
121.394571003148
121.619165248072
82.9682138024286
151.309986662463
100.028323892124
101.933265956304
82.2730846550789
149.371528663886
42.336489525848
68.4961718940317
63.8177029069132
130.272173590522
89.1001117388753
89.9710176839992
74.4596569083731
59.3057484076865
66.1074926281135
56.456077516578
53.1762047807877
53.5710934888057
85.4079173149769
93.9066238142416
84.8277914325015
127.311181842769
104.340111683239
113.327494308292
32.4933697517595
73.9333869715108
162.267023367738
161.569103682978
146.526054990398
46.3074425543139
50.5771356684993
48.1697987825894
30.2485804043433
110.590803487421
