192.522142336339
169.375340276785
127.93091796396
184.710040343515
145.713707763123
151.538743179721
242.303851905385
90.646237755436
149.082832232267
160.520507030524
167.730602781651
169.983280906917
226.634044720437
134.464563899181
132.748440742025
147.235029435612
168.413988753578
201.04632536428
155.255002492951
127.37940073087
134.092141182246
122.595610081407
195.55782780425
194.037384533678
108.472711773435
175.927548200671
206.050201942317
134.877714097586
112.803229678733
100.481962918073
190.908895855927
127.739713863473
123.475339883227
205.892326376331
149.615193709966
135.058998839687
175.599715775552
168.518696653859
230.68914384808
136.148778322138
192.955388220948
142.156309502051
129.428224032935
152.828464784391
89.8489033713006
228.64123865733
124.839287931109
160.59346025946
186.091750568736
125.758630191932
132.411127724403
