3.85786817439248
7.99213907330864
20.9379034072467
10.6347920271971
21.4515732251321
21.5635680719772
12.1284820297415
17.823521602156
78.319074347881
17.3466009694218
9.75225648829019
12.93815993914
87.7511001395394
34.3304645696667
45.7166904758881
6.5490545405612
67.5276912143509
10.4425223838898
30.7017528073361
9.36231781908623
108.917939952744
28.9517860022754
38.6131245858032
10.4607439743816
12.0393856500336
20.3030333668653
18.4292438175657
44.9528981350616
8.0014120236001
9.02553190799813
55.6631266286699
12.7413745571855
18.0249700588038
11.8141067503827
6.4421656803554
88.5517509665422
6.58717216700688
4.21933658481657
11.3872869000365
5.55162365555429
13.6047077833409
11.2249914419219
65.3200237885417
4.85418084906701
5.67289681154898
8.50892013392922
14.9879213111553
13.3563257539249
38.9207667120781
29.9235606155964
8.50587686218705
