2487.13640312086
2572.86362730372
2487.13640550229
2407.79524202985
2534.29281714272
2408.37904828177
2264.21105724974
2487.13640709011
2440.27312553546
2407.79523806941
2349.16204550841
2534.47571362755
2407.79522141649
2534.47570204808
2534.47574834256
2487.13641598549
2530.6365908487
2487.13640087696
2534.47571150873
2345.43498597892
2345.43499455931
2404.30034251165
2487.13640266378
2412.91691496982
2264.21107338134
2497.54427761628
2440.27312086044
2485.54792444918
2345.43498937237
2285.51856450885
2487.1364047151
2264.21106374749
2572.86363898192
2408.37904661998
2450.84677145484
2487.13640340152
2408.37905301662
2487.13640467325
2534.47571224303
2345.43499257564
2572.86364310009
2522.46574705622
2345.43498535651
2487.13640577211
2450.84676846108
2345.4349863959
2264.21105342603
2345.43498295476
2264.21106444376
2572.8636416963
2264.21106240278
