475.536804220145
440.841928916211
419.78115935538
436.265555326391
425.777666269268
424.445817645031
447.992731901831
421.717422320788
426.843768155612
431.523294648499
427.302393430462
430.432169113558
421.104353892956
446.251324133386
418.688154512565
437.034707425592
472.129782052734
423.050977616728
427.954870674994
431.944104746042
419.570112109258
435.856745521046
428.155127699317
424.120920396949
436.009637192915
420.667116929839
429.367940737106
426.974375101475
422.319151096116
434.238323408085
429.583346458192
429.360266078533
430.23254952083
424.861086527224
422.844540548946
428.505844528514
417.179717020083
429.546807086771
423.856550909689
456.797830294301
442.544787136494
423.535287327674
445.240236883922
459.583466917628
427.263933505027
426.422068845307
415.773043219961
408.18359914231
435.857650676009
439.038396207676
494.982968245582
