434.821487910029
383.730723237019
383.754402916285
401.743368966513
432.985853728199
435.463292457549
387.320820113321
440.252833635326
387.071406983973
439.271728145686
383.599443661626
432.139039807985
432.081828695711
460.204547238338
439.561614011374
410.934488349312
410.770277581228
435.856326900257
440.678180639909
449.30815055958
383.585222946276
387.95092539323
432.230201272918
387.218631568701
436.412393284467
383.580713206592
435.760653732239
383.738421936835
439.629208589384
383.547660559826
439.868594918033
432.153162375212
386.916019485324
448.641365787714
401.299210296903
441.030582362539
423.313095151071
412.035472988626
432.848003460427
402.132148299073
438.813178791847
441.513411113863
387.143211530697
396.676457608522
434.193969216684
453.049132653398
410.499996419536
408.499913835825
438.136830618902
440.755176872242
435.740182463826
