560.765384224942
575.698843153162
584.404427950217
470.467164727262
616.185005137721
563.37045386847
568.238089491619
585.352972789427
563.774069519489
569.519172952047
569.100214934512
589.374895422814
568.991064939547
606.84581396598
562.130500547119
586.369879947581
567.535266637203
563.522516393453
584.26617006782
563.647261629667
563.486688431817
563.463976707254
563.437078653734
567.090925416951
568.132860452418
584.640273134468
589.328751402291
584.635626557994
584.126959528557
585.605205363885
569.093456486106
563.819893316223
587.629663863819
596.418465639235
575.677651504196
563.439229634172
569.780547126071
618.50373944237
561.383932543086
569.779414522821
587.468361878806
563.524964823636
568.950270295723
587.531591765774
609.156687640139
516.718832638962
560.097666950559
563.027644313934
564.725371359072
562.892278048074
576.053743031822
