443.372241311239
443.380657208129
443.390016110923
443.418306797753
443.390016110923
443.400499571746
443.345912887686
443.39964700114
399.584967871679
443.365113196086
443.398269678399
443.370438739579
443.3339087684
443.377146392626
397.742869469987
443.396721057493
443.400286008711
443.345912887686
443.365113196087
443.591331251213
443.372241311239
443.390016110923
443.394249413089
443.39964700114
443.538977598577
443.39964700114
443.429593094897
443.381760117213
443.403528498652
443.329950401073
443.377146392627
443.398997158436
443.394249413089
397.762446501485
443.378362334867
443.41819857079
443.427984863448
443.345912887686
443.39964700114
443.373603810603
443.329950401073
443.365113196087
443.381617989478
443.499160321795
443.377146392627
443.403134575976
399.630272095976
443.387623140664
443.385090538983
443.387711455026
443.406673063437
