8110.52745600923
10507.0050709538
300.000000000001
10167.840471245
9553.26952761199
9749.04542174014
9920.05253425433
9921.46917127139
10289.9392286801
8460.18554617332
8576.06331934511
9307.06627884499
3923.85181302743
300.000000000001
300.000000000001
10747.7015536259
8568.32887561143
8488.44189378038
300.000000000001
10690.9544002948
10018.4284922914
8993.89471992711
9807.73204083813
8799.79346549647
7168.92815268268
10107.9687607544
8014.56125556774
10471.7096952137
9425.86902044077
9564.86905634997
10231.3237967047
9260.7676978074
8000.70994947639
10146.4800323015
9120.76458570024
9090.85738650725
8866.99100360957
300.000000000001
8620.67253479744
7236.66271254546
8130.59389822614
7836.45139939802
8421.17041893565
10576.6152917111
10397.1463333935
9857.27958778616
10856.879070477
9641.61653986297
9667.55492738892
10094.4858535206
9363.46254456764
