682.355231557656
556.468657441124
736.938908940657
501.096147666254
736.938908940656
682.355231557656
574.264527324808
772.701312762539
772.70131276254
708.900259363594
523.139905967193
752.302485308756
550.819909362981
736.938908940657
772.701312762539
736.938908940657
708.900259363594
708.900259363594
556.468657180661
569.287921715199
736.938908940656
597.083391863312
736.938908940656
682.355231557656
556.468657222193
752.302485308755
556.468657196093
736.938908940657
736.938908940656
736.938908940657
736.938908940657
556.468657181774
556.468657193791
736.938908940657
615.899842744444
682.355231557656
490.442036297159
598.412986771049
708.900259363594
736.938908940657
736.938908940657
745.354924703073
682.355231557656
489.746961152957
609.970312962351
666.693538302296
736.938908940656
550.429468877697
772.701312762539
752.302485308756
538.106229295595
