4203.11793947181
4078.40565531084
4047.06460341091
4203.11788984235
4047.06467887822
4185.5304726104
4185.53032747844
3989.12884334673
4078.44409856084
4078.86190112338
4203.11786944743
4078.37426703164
4185.53030382465
4078.91741764032
4203.11812428775
4203.11792620885
4203.11802326173
4171.57780945802
4171.57784659216
4067.46195022448
4078.90179218403
3981.87310991007
4127.9535556821
4185.53028212321
4185.53025523844
4185.53035379375
4056.96514276487
4185.53060216365
3981.87245394484
4078.51500247346
4077.71264504294
4078.79441864745
4232.94171413698
3379.67400244913
4078.91734176001
4078.44349747491
4203.11805927447
4078.38497375967
4047.06468423153
3981.87236914613
4185.53026677285
4116.35331531759
4047.06476390803
4185.53036734339
4047.06474662418
4213.86218769355
4185.53021783992
4171.57788708624
4078.93122558125
4078.38043343831
4078.95377742402
