2102.8106718818
2278.59446666633
2320.29497338303
2346.74103373112
2322.40778477069
2374.28723373806
2357.7457986355
2370.7502336802
2479.60078176014
2155.1881675431
2253.32408517801
2152.03659318468
2587.91917139554
2053.27287734712
2509.97960726771
2167.46223900301
2385.27087173235
2310.82456953157
2443.33673562878
2230.68365082868
2259.90803835527
2194.6704651229
2519.0579959017
2424.86936102127
2226.26070472499
2560.11423855001
2110.62119732594
2124.12369820403
2587.10294109955
2417.97046942451
2157.82746437034
2095.40758550579
2337.75848867424
2416.34624489243
2350.94772120624
2248.11705919637
2246.76759878551
2394.93977247248
2561.34081849521
2253.74068381563
2429.31495997453
2330.54059739096
2370.40662279062
2312.08333397058
2339.28573452251
2505.37846198141
2273.03651657757
2403.88152785719
2451.96939478105
2422.35126971061
2255.00736039809
