706635.667847255
812325.12827977
688993.914222674
682869.284107366
945416.055749348
743331.51486115
776983.516704831
835332.444585562
981044.416774644
1062801.82443799
928987.878820717
748366.585111595
819408.547936168
1010837.45196811
685847.719331024
824892.24083411
800725.322423505
1094945.91315114
935537.169636382
744164.81034414
713642.253153406
854267.880141754
1321346.75660452
924335.508348455
765498.422531938
721615.910905453
869568.014430469
796824.236863829
956009.994160262
773208.192070147
721679.788372674
897273.285505482
831551.723981545
803338.940369545
801955.222414646
878411.558524589
698546.868408443
774940.272204346
1134155.08397564
1074955.74351492
1001909.5613563
744380.737573702
820581.328897574
1126445.98067216
728265.58711858
681186.800193755
653972.252810798
862614.961893064
642925.769475506
1225405.81151948
810264.217765985
