5.6843418860808e-14
114.011721632915
0
28.5131228142992
5.6843418860808e-14
5.6843418860808e-14
5.6843418860808e-14
5.6843418860808e-14
28.5131775486322
0
0
0
5.6843418860808e-14
28.5131623332969
5.6843418860808e-14
28.5128906212098
0
5.6843418860808e-14
114.011630151972
0
5.6843418860808e-14
0
28.5265561388507
0
5.6843418860808e-14
0
5.6843418860808e-14
0
114.011723951406
114.013932102953
5.6843418860808e-14
0
0
0
114.012008748128
5.6843418860808e-14
28.5199390856368
5.6843418860808e-14
0
5.6843418860808e-14
0
114.011654195172
114.011748481229
5.6843418860808e-14
5.6843418860808e-14
0
0
5.6843418860808e-14
5.6843418860808e-14
114.011879974415
114.011750509897
