67.0598880336606
67.2575693787206
67.0598880336812
67.152854812851
67.0598880336834
67.0598880336788
67.0598880336756
67.2575693787226
67.2575693787146
67.257569378719
67.0598880336743
67.0598880336842
67.257569378719
67.2575693787239
67.2575693787289
67.0598880336778
67.0598880336722
67.2575693787264
66.9553275279303
67.0598880336765
66.9907743261534
67.2575693787219
69.7798041399275
67.0598880336779
66.955327527931
67.2575693787285
67.257569378719
67.2575693787273
67.2575693787176
67.0598880336845
67.0598880336787
66.9553275279333
67.2575693787195
67.0598880336835
67.2575693787304
67.0598880336833
67.0598880336776
67.1528548128535
67.2575693787209
67.2575693787227
67.257569378718
67.2575693787188
67.4905519570141
67.0598880336672
67.0598880336765
67.5955293836848
67.257569378729
67.059888033677
67.2575693787212
67.0598880336768
67.0598880336842
