420.863754141735
420.863754141735
420.863754141735
420.863754141735
423.848626275196
420.863754141735
421.858713198828
419.868795084642
420.863754141735
420.863754141735
420.863754141735
413.89911159076
419.868795084642
420.863754141735
420.863754141735
423.848626275196
420.863754141735
420.863754141735
421.858713198828
421.858713198828
420.863754141735
423.848626275196
419.868795084642
420.863754141735
420.863754141735
419.868795084642
420.863754141735
423.848626275196
420.863754141735
407.929753293092
420.863754141735
421.858713198828
420.863754141735
420.863754141735
420.863754141735
419.868795084642
420.863754141735
420.863754141735
420.863754141735
419.868795084642
419.868795084642
422.853667218102
420.863754141735
419.868795084642
420.863754141735
420.863754141735
419.868795084642
419.868795084642
420.863754141735
423.848626275196
419.868795084642
