202.970070336391
202.970070336391
197.995300285458
197.995300285458
202.970070336391
197.995300285458
202.970070336391
202.970070336391
202.970070336391
197.995300285458
202.970070336391
197.995300285458
197.995300285458
197.995300285458
197.995300285458
197.995300285458
197.995300285458
197.995300285458
202.970070336391
197.995300285458
197.995300285458
202.970070336391
199.98519820293
197.995300285458
197.995300285458
197.995300285458
197.995300285458
197.995300285458
197.995300285458
202.970070336391
202.970070336391
197.995300285458
197.995300285458
197.995300285458
202.970070336391
197.995300285458
197.995300285458
197.995300285458
197.995300285458
197.995300285458
202.970070336391
197.995300285458
197.995300285458
197.995300285458
199.98519820293
197.995300285458
202.970070336391
202.970070336391
197.995300285458
197.995300285458
197.995300285458
