12295.7070455919
12198.7064329584
12236.6169022612
12306.2535220386
12235.9796687356
12304.1611628943
12260.3430498363
12322.1599127253
12248.2535216243
12268.7064330614
12381.4331941095
12306.8892981992
12294.889341983
12291.0698084633
12233.3436648012
12271.4331934968
12232.3430069204
12297.3436658132
12256.7064330999
12302.162577062
12365.0465673595
12245.0698122322
12251.4344013167
12254.9802805267
12281.4344002449
12233.5930550706
12272.7064302202
12173.5238867195
12313.4331941566
12301.3422031635
12247.8901404467
12333.0698117572
12265.3436613766
12216.7064321077
12323.4331936953
12250.1611225109
12198.9802842783
12232.706431093
12244.5259599632
12345.7759638497
12169.433192691
12229.4331869044
12245.3436656147
12268.7064330614
12291.4331900963
12290.7064301247
12279.0698092571
12232.7739352838
12245.0697660987
12251.5930542198
12242.6168993875
