849.748986735894
866.112367354191
883.22577111267
887.589174457558
849.748986735894
878.862367767783
878.862367767783
870.475770699078
883.22577111267
883.22577111267
866.112367354191
878.862367767783
866.112367354191
883.22577111267
883.22577111267
866.112367354191
878.862367767783
870.475770699078
870.475770699079
878.862367767783
878.862367767783
866.112367354191
849.748986735894
870.475770699079
878.862367767783
866.862390494373
878.862367767783
878.862367767783
878.862367767783
866.112367354191
870.475770699078
878.862367767783
883.22577111267
883.22577111267
854.112390080781
866.112367354191
870.475770699079
866.112367354191
870.475770699079
870.475770699079
883.22577111267
870.475770699079
878.862367767783
883.22577111267
878.862367767783
849.748986735894
866.112367354191
866.112367354191
870.475770699079
878.862367767783
883.22577111267
