4552.55693108339
4531.55431941066
4515.73660365379
4479.46641519742
4497.10443126993
4524.8305765991
0.447641252082235
4489.92095442925
21.4419358764753
0.973711595576901
4565.55596897325
4503.64698294999
4604.48965243878
4534.46719223795
4496.09977671047
4526.28512761137
4527.00963653487
0.99149352108941
4545.3740390126
4525.91928550252
4506.74125548774
4518.64851263319
4548.46720317283
4482.65011124655
4554.91851299162
0.0895282504164925
4592.01128052687
4509.10283670054
4481.49104394172
4566.1933531252
4551.55755130434
4596.01449179647
4551.0135173047
4533.46781176347
4491.57898352146
4542.73965687438
4485.91932009837
4547.2821167201
4525.28369711934
4550.92010122139
4571.39625548669
4502.49125083216
0.268584751249364
0.633380519423667
4505.64707545213
4512.00887313143
0
1.15276809640977
4515.37529224242
4551.03208985881
4524.10219669707
