199.981686472863
171.128882486113
174.113754619574
174.113754619574
174.113754619574
189.037417474609
189.037417474609
189.037417474609
174.113754619574
174.113754619574
174.113754619574
174.113754619574
174.113754619574
189.037417474609
175.108713676668
174.113754619574
174.113754619574
199.981686472863
174.113754619574
174.113754619574
174.113754619574
175.108713676667
196.996814339402
174.113754619574
174.113754619574
171.128882486113
174.113754619574
174.113754619574
174.113754619574
174.113754619574
175.108713676667
175.108713676667
174.113754619574
175.108713676667
174.113754619574
175.108713676667
174.113754619574
175.108713676667
174.113754619574
171.128882486113
174.113754619574
175.108713676667
174.113754619574
174.113754619574
175.108713676667
174.113754619574
174.113754619574
174.113754619574
174.113754619574
174.113754619574
171.128882486113
