243.946791234987
244.049542010651
249.965355751135
199.954625507416
238.640200807895
220.184657794703
199.954625507271
254.106949539536
243.946791234982
243.946791235034
243.946791235144
220.184657794725
264.058916491089
199.954625507146
237.727413097686
199.954625507745
243.946791234947
199.954625507213
199.954625507546
249.965355751129
199.954625507069
199.954625507483
243.946791235404
196.965571633859
199.954625507244
233.825904868497
245.358241139566
199.954625507398
233.822966683657
225.896123228395
243.802047144329
193.372025134692
196.965571634655
243.946791235075
220.18465779479
237.771708418565
243.946791234991
244.049542010658
207.121953002563
199.95462550745
196.605843119517
213.036201815014
199.954625507248
162.578593900079
220.184657794819
207.121953006138
207.121953001762
233.822966683751
243.94679123495
237.727413097685
199.954625507032
