1646.01885773432
1646.01885678991
1646.01885871072
1646.01886254789
1646.01885319722
1999.90159697788
1646.0188588826
1646.01885038399
1646.01885789198
1646.01885596779
1646.01886380221
1646.01886216771
1646.01885871758
1468.43120724655
1685.5708825877
1646.01886581113
1646.01885844845
1646.0188612214
1646.01886055528
1646.01886178369
1646.01885885803
1646.01885495993
1506.80046649654
1646.01885003413
1646.01885225825
1646.01885490003
1646.01885573174
1646.01885985711
1646.01885230723
1646.01885261128
1646.01886040119
1646.01886015742
1646.01886310824
1562.17208377829
1646.01885552385
1646.01886062001
1646.01885180361
1646.01885480974
1646.01885600827
1428.87918575668
1646.01886026693
1646.01885354047
1646.01885877104
1646.01885214442
1646.0188627971
1646.01886497172
1646.0188608035
1646.01885514188
1646.01886406461
1646.01885838399
1428.87919302532
