1460.89905435809
1109.90759642124
1421.34703426796
1460.89905646788
1460.89905424313
1460.89905235683
1421.34703183265
1460.8990563358
1460.89905559239
1460.89905599162
1421.34703278637
1460.89905400343
1460.89905638656
1460.89905723621
1460.89905542008
1460.89905422673
1460.89905238751
1421.34703459255
1460.89905698505
1421.3470344396
1460.89905684106
1460.89905405732
1421.34703425167
1600.11744311562
1421.34703457995
1421.347031831
1421.3470331556
1460.899053891
1421.34703207504
1460.89905374134
1421.34703255567
1600.11744435146
1460.89905679148
1460.89905322525
1460.89905447195
1460.89905469018
1421.34703321629
1460.89905536292
1460.89905573827
1460.89905724034
1460.89905466317
1460.89905393142
1421.34703191775
1460.8990557355
1460.89905477749
1460.89905654445
1421.34703349562
1460.89905485487
1460.89905742274
1421.34703201021
1460.89905580643
