2.27373675443232e-13
2.27373675443232e-13
2.27373675443232e-13
0.0423464503689956
0.0423464503689956
2.27373675443232e-13
2.27373675443232e-13
2.27373675443232e-13
2.27373675443232e-13
2.27373675443232e-13
2.27373675443232e-13
2.27373675443232e-13
2.27373675443232e-13
2.27373675443232e-13
2.27373675443232e-13
2.27373675443232e-13
0.0151187550973191
2.27373675443232e-13
2.27373675443232e-13
2.27373675443232e-13
2.27373675443232e-13
2.27373675443232e-13
2.27373675443232e-13
2.27373675443232e-13
2.27373675443232e-13
2.27373675443232e-13
2.27373675443232e-13
2.27373675443232e-13
0.0151187550973191
0.0151187550973191
2.27373675443232e-13
2.27373675443232e-13
2.27373675443232e-13
2.27373675443232e-13
2.27373675443232e-13
2.27373675443232e-13
2.27373675443232e-13
2.27373675443232e-13
2.27373675443232e-13
2.27373675443232e-13
2.27373675443232e-13
2.27373675443232e-13
0.0151187550973191
2.27373675443232e-13
0.0423464503689956
2.27373675443232e-13
2.27373675443232e-13
2.27373675443232e-13
0.0423464503689956
2.27373675443232e-13
2.27373675443232e-13
