80.8098122240121
78.6030594967744
76.4076739031759
77.1395587023812
83.6115212009086
77.4448272106292
88.9148606183699
75.2889955594942
77.5914363416655
77.2532754620968
87.7554815277949
78.4657449167319
78.7756798364521
105.03614180734
79.6557102790944
74.9955739966686
78.3309556854813
76.1109425180036
78.118566254672
77.3509620823545
86.81925187297
103.408880983938
78.3223453740309
85.9906064566701
78.6167686487142
78.9417690401842
79.5904862248067
84.8288380127633
77.0020377910255
75.404530198688
86.3387897023845
103.793354265687
102.031963002427
87.682447406813
88.4027929679869
75.567895058208
85.826751611585
80.3773903864153
102.845795521187
86.3793918658848
79.1528642310257
87.0059467524418
88.384513511422
75.9575891651664
88.3850250417941
88.0925663837638
88.1691682684054
77.2539139878909
75.4991875985397
79.0587529816203
86.1853049555073
