34.0057146940742
47.082987211905
40.9221867604244
42.7929608874433
44.5115012023141
41.4624355987899
112.948215451542
38.8913646984415
35.2142825035789
44.1765838229148
42.7128139612109
38.3493934313026
127.200210650462
42.4134502379843
41.7561117804457
44.5589531958681
47.5971225196463
33.2986143161697
42.7748136828568
41.0820658403672
43.7414756161072
40.6216374165685
41.1478103511092
40.9522712409125
113.836184935119
43.9774250905673
38.4124472937119
128.52434745066
149.262142207564
43.4740045480339
44.0950726412757
43.1033251725448
35.3392608961672
36.1225300637045
36.8332816196973
126.981736594845
153.686008694825
30.2193567651759
37.1158966457888
41.0688971184579
38.0972624858784
47.2909818200292
96.2223033949249
45.1431590778313
39.2220296708954
37.7984856102976
47.9295127171683
41.0923526571189
40.3311110571181
43.1844148565747
39.4485589766182
