1.9995843207189
2.55619600519185
2.55175850062642
2.13265963120284
2.76099274511307
2.32246859348243
2.60546767398569
1.79645510610339
2.73215824265731
2.58186040215605
2.43708417782614
2.2815800975286
1.97541700190595
1.5957855068616
2.51071570285876
2.40611933973014
2.81250756894269
2.81764651060075
2.2914233339211
2.49010615768589
2.59096012420196
2.31397430261836
2.10162502702701
2.09676669090845
2.20701158840802
2.49240134448178
2.33812950832134
1.9333558398971
1.80673864747587
2.15103115411534
2.58410106079236
1.97093679968816
1.74966227113009
2.17102256708813
2.65851855337314
1.63088412904335
2.28547364042743
2.89440747700291
2.26918142325781
2.4951903527899
1.64874691990303
2.0045449170284
1.45005143427898
2.32260606295858
2.43734242405685
1.75741637347028
1.99474135939181
2.65637520280075
2.51609489774705
2.1293424811463
1.99984648601958
