4.23989305908071
4.26828690563434
4.32802570510376
4.04930972041711
4.14090668057452
3.99091760552346
3.74015741552785
4.01779679812216
4.21084163691512
4.16579104234552
4.05538365595748
4.00141651675358
3.99679343739172
3.8982090639347
4.14819382399855
3.70172520794858
4.30096377306199
4.15311556809411
3.92822229020476
4.16822116798357
4.13663609947616
4.25102386677281
4.02152245745037
4.14817700480307
4.03985494663084
3.96330136029519
4.02618129469556
3.68053760951989
3.70181849169103
3.85379333168339
4.06639092856494
4.03314070592523
4.24089345296989
4.02492791731356
4.25682582277022
3.93837017757187
3.87110838366971
4.14087922440876
3.79342733636804
4.37955891732145
4.19703940032332
4.22444125256334
3.75399714825426
3.82261198661945
3.90993897024418
4.27526190231856
4.30371871461512
4.03121323722462
4.02212039150254
4.03394402656522
4.06488041066677
