2866.73651174664
2866.73651174664
2872.46606133171
2849.42742517187
2879.77204064206
2862.91186711513
2879.77204064206
2877.35647645349
2866.73651174664
2868.7454428766
2866.73651174664
2858.08292914807
2849.47719617835
2872.97136594387
2864.32087061927
2840.24599636386
2867.36054200992
2866.49773745545
2875.87631069298
2868.54212141547
2879.77204064206
2860.03397042676
2848.21678946723
2879.77204064206
2879.77204064206
2867.04625022064
2879.77204064206
2866.73651174664
2866.73651174664
2867.45517923619
2873.06133514062
2866.73651174664
2872.9910934121
2863.19995112493
2879.77204064206
2859.44086443723
2873.94484531604
2853.07206128693
2866.73651174664
2879.77204064206
2866.49773745545
2866.73651174664
2855.78485607473
2879.77204064206
2879.77204064206
2857.9167439381
2858.61004940491
2870.13034287615
2879.77204064206
2866.73651174664
2872.2750218149
