2452.33819637204
2452.33820009469
2452.33819978847
2452.33819679254
2452.33819826349
2452.33819916525
2452.33819945585
2452.33819981097
2452.33820080067
2452.33820002465
2452.33819953268
2452.33819721484
2452.33819934557
2452.33819982751
2452.33819654061
2452.33819674538
2452.33819747569
2452.33819636687
2001.70169108312
2452.33819781277
2452.33819639214
2452.33819752227
2452.33819682115
2452.33819930262
2452.33819812704
2452.33819491259
2452.33819790108
2452.33819632613
2452.33819621502
2452.33819616006
2452.3381968817
2452.33820460032
2452.33819724072
2452.33819745502
2452.33819884355
2452.33819926102
2000.85979452333
2452.33819722791
2452.33819873192
2269.13657223195
2452.33820315578
2102.83034301444
2452.33819778325
2452.33819775951
2452.33820252183
2452.338200006
2452.33819919047
2452.33819718886
2452.33820046786
2452.33819898721
2001.70169062218
