348.522610126606
348.523142794211
293.381028214377
348.522607313725
348.522612777515
348.523200322198
348.523333789792
293.36161255439
293.361314160985
348.523153483115
348.523144593872
348.523205738803
348.523202807637
348.52523161723
319.166720769249
343.436029145897
348.522607313724
348.522607313724
348.523142794211
348.523332770955
343.435322683804
348.523332770955
348.523200322198
368.868159204939
348.523201125417
348.523142794212
343.435458758267
348.523197793141
348.525221853726
348.523144593872
343.437910121362
343.435013894167
343.437835361108
348.522610337237
348.523462056029
348.523475036049
348.522612873168
348.522526964146
348.525303057563
343.435022693798
374.7140444846
348.523778244744
343.435027198572
348.523775358753
343.435283897074
348.523200322198
374.711856279752
348.522607313724
348.52314994679
348.523142794212
343.464134423431
