287.185470656178
287.177449083631
283.280999180538
287.177449083631
280.383556322906
287.177449083631
287.177449083631
287.177449083631
287.17744908363
287.17744908363
287.17744908363
287.177449083631
287.177449083631
281.410189667931
283.235731653331
287.177449083631
281.813250187744
277.84616365139
287.17744908363
287.177449083631
287.17744908363
287.17744908363
283.18779941117
287.177449083631
287.185470656178
281.307351703956
287.177449083631
287.17744908363
269.733413521602
287.177449083631
287.177449083631
282.328592582398
283.280999180538
287.17744908363
287.177449083631
283.235731653331
281.861176674136
280.411165773037
287.177449083631
277.260284804981
283.150001284733
281.857481765701
283.280999180538
287.17744908363
287.177449083631
287.185470656178
277.492721625551
287.296262245635
287.185470656178
287.177449083631
287.17744908363
