1158.74353512208
1144.61402300643
1158.74353546144
1202.46616392392
1202.46616416388
1158.74353513238
1158.7435353231
1202.46616441516
1158.74353552518
1158.7435356035
1158.74353508468
1202.46616410397
1158.74353516315
1144.61402298099
1158.74353535303
1158.74353517087
1158.74353560814
1158.74353531398
1158.74353529228
1202.4661640198
1158.74353516586
1158.74353555453
1160.57064737146
1144.61402346557
1144.61402287392
1158.74353530646
1144.61402310916
1158.74353523461
1205.9276409993
1202.46616426477
1202.46616390394
1158.74353520738
1202.4661639278
1158.74353551111
1158.74353527251
1158.74353506542
1202.46616337395
1202.4661641763
1158.74353504924
1158.74353522963
1202.4661646974
1158.74353529961
1158.74353516367
1205.92764180646
1202.46616460613
1158.74353514187
1160.57064648447
1144.6140228503
1158.74353536613
1202.46616405276
1158.74353529852
