6.25074108029366e-08
1.38196583066019e-07
5.89781166127068e-08
1.37819029077946e-07
1.05267758954142e-07
1.51142899085244e-07
1.0363817182224e-07
4.20500327891205e-08
1.29661884784582e-07
1.52424149746366e-07
1.1674990219035e-07
4.7152525439742e-08
8.71551719683339e-08
1.795081061573e-07
1.10288169707928e-07
9.67380628935643e-08
1.14801764539152e-07
1.21738253255899e-07
5.71388909520465e-08
1.53979158312723e-07
8.74875922818319e-08
7.01965063854004e-08
1.23206064017722e-07
1.5774060102558e-07
1.03024603959057e-07
7.91673073763377e-08
7.20019670552574e-08
1.46268348544254e-07
8.90105411599507e-08
1.77306901605334e-07
1.08581957647402e-07
1.51455310515303e-07
5.72405269849696e-08
9.3327003014565e-08
5.5822056310717e-08
9.17141278478084e-08
1.20258050628763e-07
8.42869667394552e-08
8.14536633697571e-08
1.07952814687451e-07
1.77929223355022e-07
1.43429133458994e-07
1.48254912346601e-07
1.55368638843356e-07
1.11499389277014e-07
8.11052132121404e-08
1.10370024231088e-07
9.96553808363387e-08
1.1254348919465e-07
6.33854142506607e-08
8.94874574441928e-08
