1.13686837721616e-13
1.21894104267994e-05
2.84795339666744e-06
0.00012844982381921
0.000338202382749841
1.13686837721616e-13
7.30939443656098e-05
3.59372961611371e-07
2.84663553884457e-06
1.21653741871341e-05
1.13686837721616e-13
9.36800648787539e-05
1.13686837721616e-13
2.8496606319095e-06
3.56859800376697e-07
2.84228406144393e-06
2.56779750316127e-05
0.000109518742306136
2.85405883460044e-06
2.84373538761429e-06
1.21736452456389e-05
3.58234728992102e-07
1.13686837721616e-13
2.84388579530059e-06
0.000373705724427964
7.58915315373088e-05
0.000102714532545178
3.57500539394096e-07
1.13686837721616e-13
7.31258895712017e-05
2.85688361145731e-06
7.50976633980827e-05
1.13686837721616e-13
1.13686837721616e-13
0.00010279708658345
8.38234177535924e-06
3.58722786586441e-07
0.000372933645280682
3.74946632746287e-05
3.57634689862607e-07
9.25214623066495e-05
1.13686837721616e-13
9.23463404660652e-05
1.13686837721616e-13
1.13686837721616e-13
7.14057547384073e-05
0.000102809147165317
1.22155796589141e-05
2.84420491425408e-06
1.13686837721616e-13
7.60427619752591e-05
