20.5061232332388
20.2932776725866
20.4477690496078
20.2568324494733
20.4371621812119
20.4312029280667
20.3736542481838
20.3818023189664
20.1893994091294
20.3646781317093
20.3112356773167
20.2455886789232
20.4757578299115
20.3443828219483
20.3758025529978
20.4996390674552
20.3702470522735
20.4471296096468
20.3190058802038
20.5143849981538
20.3524307416533
20.4729078890746
20.32951814425
20.4708597961392
20.2999760101369
20.4417466662395
20.4471721854982
20.4652728398625
20.4844828639648
20.2994912991506
20.2468281623758
20.493633626917
20.2903969502039
20.3984274145025
20.3625585366301
20.5186031205091
20.2186941771854
20.4172156104461
20.3234245783188
20.3378870375207
20.4654622972317
20.4781618177833
20.5069450897827
20.4774090204733
20.3030313082521
20.5274170058124
20.4220556907057
20.4923043609041
20.3609122286321
20.4424531177073
20.4055479843452
