13.0944967605882
13.0914392162171
13.1178870570715
12.8334064711835
12.8334064711835
12.8334064711835
12.8334064711835
12.8334064711835
12.8334064711835
12.8334064711835
11.8045858602213
12.8334064711835
13.2166461340312
13.5249252511484
13.0914392162171
12.8334064711835
13.0914392162171
12.8334064711835
11.4538750348001
13.0835868327068
11.8045858602213
13.0914392162171
12.8334064711835
11.8045858602213
13.0944967605882
10.5915098516041
13.0284747710338
12.8334064711835
12.8334064711835
12.8334064711835
13.0979316928508
12.8334064711835
13.0020269301793
13.0914392162171
13.0835868327067
12.8334064711835
12.8334064711835
13.6183024771175
13.5249252511484
12.8334064711835
13.0914392162171
11.8706147584277
12.2572739599749
12.8334064711835
12.9126146441415
12.8334064711835
13.0944967605882
12.8334064711835
11.9624976368594
12.8334064711835
13.0944967605882
