7496.49022628823,14239.6972948931,16036.8864162238,5664.77098545989,13212.5899606138,15872.4359207573,11941.3481214913,16297.4827322104,14990.2524065976,6204.64788953196,9929.10366365765,9257.39469837835,4692.5674529276,5040.93136101944,16502.4255822146,16069.9228664591,15362.8604900161,6019.4019884362,14917.1229829966,17380.6636267456,9124.2098056277,5167.83352635838,7991.81159948425,15694.4193141225,16126.159424182,16528.2484378777,14264.5271239125,5578.97865929378,12978.142097374,8651.26796223743,6324.52814287488,7669.17136225089,8608.42375971547,13592.5311290409,15038.2824581759,5266.72932901813,6790.46856798418,13773.673828097,5484.77799076942,14593.0395449033,15161.5585962722,9161.04818621309,10517.1457140676,13580.8561003666,12719.8865523151,6400.19760085044,12224.5839162185,6720.84461572662,15876.8544360944,15315.3992821748,14192.9655772975
1520.21732500572,5778.51055426465,7195.08109856849,1282.71168194813,3936.22380388916,4010.20070851676,4283.83158444777,6512.38120649612,3029.77757153558,1212.00688233795,1711.29105074771,2226.73570476049,1621.94644336771,967.589160975012,6878.62787304312,8022.30073315821,4177.0930011947,1025.69863017979,3723.8821211359,8223.15720647488,1746.19190339389,1145.90596601013,1107.73094193559,5611.41285136189,3614.40489294479,3552.08768213678,4298.57965490691,1190.62409789358,3495.76784205183,892.122195800683,1287.42355298931,1253.24661651422,827.363018325617,4867.38312168197,5426.78533603339,1370.79729911558,1103.92692441765,2384.47144295011,237.172128660114,2355.86455432733,5305.72568326164,1100.25732428885,3031.93769864628,6114.2866896039,3465.52451771577,1535.47050753619,3133.90365342175,380.61346646191,5116.38974246434,3105.4614608322,5249.91893165354
49.8671558569728,750.408654717091,3756.77463676294,156.216876669653,992.459107427059,1343.96497304238,303.301428671896,3234.06207185528,281.934877594871,317.107373269158,391.406130539599,249.908999736399,38.1218203909954,150.648110377682,2293.52872565523,2428.36171595553,855.55852675033,153.460891706774,1325.00026647945,1672.50074771694,554.787703561078,57.7351633458938,134.58793664776,1427.44842796607,453.076904023542,412.444053577002,973.253491987627,126.693710794545,466.667205936577,268.349918452014,581.986208480741,212.714397128868,128.160611700935,588.657207945054,618.733018534688,337.23980299855,212.418375501525,140.967751637563,13.4467602849837,680.430111800467,250.742666427305,349.11843676531,496.541607266157,700.048577727194,817.870262445406,43.1568355595342,1012.77805347739,30.5112676640838,1155.70667937435,1652.95712024205,142.056360197844
1.05748933693076,23.218979715381,878.756944831729,4.53100897343279,85.2543159279265,221.085754085712,19.1632953080396,539.100360818466,4.54028228288684,2.96341219928081,13.3546613865264,11.839923028803,0.196675452388718,1.70057181269198,81.5896476111463,125.72347379094,86.7883732074426,0.204067570114887,23.4281175394354,30.5289866655909,5.22235075763251,0.635927521275164,0.708952819084516,180.949056456937,22.5225860539132,4.27642307420246,69.7630356534797,1.18716667846195,14.799435994146,5.2101884355402,0.456080369598567,0.0255998472205761,0.336491323190671,12.8107175564111,37.353132653148,31.241762716397,0.290420778188434,1.81427300303176,0.0203125454272026,15.9280547437874,3.78582122618616,1.47594486427226,5.9629869690113,14.3877841610441,12.3759620447301,0.818592789794309,7.94856080294375,0.0314809654137775,13.6331225722457,119.347649336253,3.75570620258094
9.21069158721366e-08,0.0019155635302468,0.417039041496992,8.43683966422759e-06,0.00251865752699132,1.25313073270542,0.0246958613155357,2.1144596346864,2.03591307581519e-05,3.93360721773206e-07,0.00940208780735929,4.54178916697856e-10,0,5.6843418860808e-14,0.00127110487187565,0.0120043196844222,0.241278043199543,1.99520400201436e-11,0.00592611586534986,0.235522185124637,4.10977918363642e-11,5.6843418860808e-13,2.67103354190112e-06,0.849511476122927,0.00705965043954393,3.30774469148309e-05,4.79035088574165e-06,0.000465154959158554,0.0375836865806605,3.71375108443317e-08,0,5.6843418860808e-14,0,0.0587774007416328,3.5223305872023e-06,0.00082372410707876,7.38964445190504e-13,3.32983063344727e-09,1.70530256582424e-13,0.00128952089869472,4.72831539468643e-05,4.43378667114303e-12,1.44108128097287e-07,0.00365065864497183,7.77085987806458e-05,1.47792889038101e-11,5.1506912370769e-05,0,0.0498480455735262,0.155434589545905,4.64083314000163e-08
0,0,0,0,0,0,0,0,0,0,0,0,0,0,0,0,0,0,0,0,0,0,0,0,0,0,0,0,0,0,0,0,0,0,0,0,0,0,0,0,0,0,0,0,0,0,0,0,0,0,0
0,0,0,0,0,0,0,0,0,0,0,0,0,0,0,0,0,0,0,0,0,0,0,0,0,0,0,0,0,0,0,0,0,0,0,0,0,0,0,0,0,0,0,0,0,0,0,0,0,0,0
0,0,0,0,0,0,0,0,0,0,0,0,0,0,0,0,0,0,0,0,0,0,0,0,0,0,0,0,0,0,0,0,0,0,0,0,0,0,0,0,0,0,0,0,0,0,0,0,0,0,0
0,0,0,0,0,0,0,0,0,0,0,0,0,0,0,0,0,0,0,0,0,0,0,0,0,0,0,0,0,0,0,0,0,0,0,0,0,0,0,0,0,0,0,0,0,0,0,0,0,0,0
0,0,0,0,0,0,0,0,0,0,0,0,0,0,0,0,0,0,0,0,0,0,0,0,0,0,0,0,0,0,0,0,0,0,0,0,0,0,0,0,0,0,0,0,0,0,0,0,0,0,0
0,0,0,0,0,0,0,0,0,0,0,0,0,0,0,0,0,0,0,0,0,0,0,0,0,0,0,0,0,0,0,0,0,0,0,0,0,0,0,0,0,0,0,0,0,0,0,0,0,0,0
0,0,0,0,0,0,0,0,0,0,0,0,0,0,0,0,0,0,0,0,0,0,0,0,0,0,0,0,0,0,0,0,0,0,0,0,0,0,0,0,0,0,0,0,0,0,0,0,0,0,0
0,0,0,0,0,0,0,0,0,0,0,0,0,0,0,0,0,0,0,0,0,0,0,0,0,0,0,0,0,0,0,0,0,0,0,0,0,0,0,0,0,0,0,0,0,0,0,0,0,0,0
0,0,0,0,0,0,0,0,0,0,0,0,0,0,0,0,0,0,0,0,0,0,0,0,0,0,0,0,0,0,0,0,0,0,0,0,0,0,0,0,0,0,0,0,0,0,0,0,0,0,0
