17.3176797512576,49.7055665139471,40.1115222366363,24.5008735950627,88.8023886339861,86.4187035750784,14.7125406097269,71.7540417712181,12.8484298010034,44.4152218970552,52.4964938450152,28.571535352157,62.6508331209302,60.7517829169037,14.6047891776998,35.6958101683451,8.996109253893,80.226384197069,35.7405715352827,11.8424218673299,14.8363820944924,24.6032358707655,64.7934873757849,98.5155419005733,22.6629849206696,9.04585091554753,83.5192659805369,39.6463426406675,60.3173471373985,47.6681215559092,69.9319037757073,63.4194491965462,72.7916880876335,9.23974929856377,72.5281244716456,79.588886000636,12.145397788932,25.7272709139248,72.3889336624126,33.7899035780554,56.7360461000309,20.0418580873045,20.5719534701362,39.1769004765987,16.237545067771,31.8613097498319,19.2363060127012,9.73277939807639,38.0481510085363,55.2389376924313,16.4437339817174
8.06644005120467,7.80796337699786,8.38711425267957,7.66272021000879,27.3322520906557,14.0524717926346,6.80325137215158,8.30687684031818,6.14130622289571,7.72398298670385,7.90435988673011,8.53592604008202,9.038623518588,6.37066741896012,7.77202118480915,7.90346906585887,7.7210968443589,9.71026874269069,7.66222879194004,7.00573425077761,7.54081965909609,0.537861314407451,13.2436412783563,55.8842770370063,7.6818215555611,6.17861238951377,9.43202061470396,5.41342401649251,5.06210794045967,7.58879332108415,15.7209097439266,9.26696808932115,9.16427314244424,6.18760318256727,68.7468252531364,7.73547173935395,7.48279893925837,7.97693390510017,11.6851006021762,8.03460305474243,8.04019016927089,6.94532893955636,7.71728573935542,5.02972176924118,6.83998920013096,7.64740436156444,5.50822032112279,7.38245577368633,7.25364465445261,6.904602913524,7.82601711562307
7.42506691825241,7.47755164972745,8.0747490344188,6.72008433554902,8.3173247962925,8.14049700826496,5.63048519330061,7.71696696671694,5.03834308302902,7.21149930179621,6.82484137995829,7.95129245548679,8.19323536759543,5.9473988640359,6.86569193551122,7.18984600520002,6.73425689581376,8.01068412135572,6.59072080156307,6.09201993834228,7.00355803956302,0.331381427997428,6.69773838836215,19.4336743450867,6.71423985132435,5.58548240864764,8.08245362589344,5.21008673848064,4.68717976393316,7.15221484920238,7.60397475210942,7.74909013654599,7.83498647274735,4.95497553798862,65.6935676347817,7.35181776844735,6.9970552926352,6.91989909319489,8.18289297030708,7.55045266826431,7.74884052234199,6.1524720667266,6.9397637347908,4.39536303512693,5.76959226617441,7.10880363882438,4.44905376046898,6.1886506256435,6.61946720242508,6.60082014448932,6.80175643677057
6.60293097447982,5.46679679651203,6.17399865295056,5.18563673298041,7.82954633898765,7.48377349366734,4.34652727765302,6.26375551836657,3.74217639679262,5.38922218968952,5.58928528313731,6.40029186151844,6.53506443652731,4.52640197709064,5.23384108754271,5.44597282402316,5.11057619599558,6.38809554018917,4.61918802327614,4.36397753704045,5.06331093106496,0.0321924229581896,5.2016388630679,8.11227802286379,5.37017902961827,4.14986903026096,7.34000453445395,3.21303973319101,3.22618765851308,5.93242118660095,6.80712876193206,5.98237631299037,7.19331828856554,3.09467461337988,15.2708724086624,5.3406086701728,4.98221690038855,5.44674366202452,6.99773209574704,5.89741937222249,6.5048838925448,5.27649362101317,5.81022859088426,2.75521651801688,4.44145096315805,5.91248705633279,3.24948358118496,4.47641736263006,4.82198583491697,4.96699274149529,5.19581235514875
3.54796109816954,2.6866307018646,3.13412950530108,2.2031695799518,4.08049758001971,4.85570940912419,1.03832224186283,4.4715605826342,1.19797724964201,3.02947084249922,2.41912033804545,2.6152858513363,3.74230901736837,0.962101324961225,1.38646866194324,3.07683713527319,1.72107982267579,4.50742191096043,1.73089654234076,2.72806504914041,2.91565169588125,7.46695150155574e-10,2.60027968966943,5.86282125114559,2.3510846665759,0.698757674635317,4.40963819371007,1.04040360212895,0.762615325018089,1.83466279625583,3.37715657411246,2.69739292975214,3.24677263038865,0.489313466446106,6.08459516180727,2.38290954924696,2.51310075855469,1.97916509734443,3.56199129654772,3.01494458870354,3.26249991235704,1.13846874755342,1.46455533991809,0.7283951106171,1.47546959610963,2.79141668347603,0.398101265926186,1.99188276078547,2.69492978653284,1.79111697988549,2.88966509352889
0.0375158881315087,0.000394256710535501,0.0111792464764449,0.000371210731657357,0.0673443444451891,0.335674123352135,1.24302113704289e-05,0.0218330328979164,0,0.000650648882356109,0.00133436755703542,0.000737073634525132,0.00420085176136809,2.1032064978499e-12,0.000122804712930247,0.0125409256798434,0.00108683500798179,0.0029052519850552,9.85266979114385e-10,1.33354660647456e-10,0.00293683505083209,0,0.00556548800199153,0.502497263054408,0.00366058632073418,1.85732460522559e-08,0.0454073766213696,6.06637466376014e-05,0,0.00426388548947898,0.147633912780464,0.0111498047127156,0.0567671871065158,0,0.712657535298092,6.73736053613538e-08,9.76875298874802e-07,0.0142743195459616,0.00133962604115823,0.00640844340841795,0.00094310230059591,1.53437497374398e-07,9.94041899389231e-05,3.22961568599567e-09,5.6843418860808e-14,0.000812322965032308,0,5.26963043512296e-06,0.000174715261380243,0.0511324522005907,0.000232086462062853
0,0,0,0,0,0,0,0,0,0,0,0,0,0,0,0,0,0,0,0,0,0,0,0,0,0,0,0,0,0,0,0,0,0,7.05259139976988e-06,0,0,0,0,0,0,0,0,0,0,0,0,0,0,0,0
0,0,0,0,0,0,0,0,0,0,0,0,0,0,0,0,0,0,0,0,0,0,0,0,0,0,0,0,0,0,0,0,0,0,0,0,0,0,0,0,0,0,0,0,0,0,0,0,0,0,0
0,0,0,0,0,0,0,0,0,0,0,0,0,0,0,0,0,0,0,0,0,0,0,0,0,0,0,0,0,0,0,0,0,0,0,0,0,0,0,0,0,0,0,0,0,0,0,0,0,0,0
0,0,0,0,0,0,0,0,0,0,0,0,0,0,0,0,0,0,0,0,0,0,0,0,0,0,0,0,0,0,0,0,0,0,0,0,0,0,0,0,0,0,0,0,0,0,0,0,0,0,0
0,0,0,0,0,0,0,0,0,0,0,0,0,0,0,0,0,0,0,0,0,0,0,0,0,0,0,0,0,0,0,0,0,0,0,0,0,0,0,0,0,0,0,0,0,0,0,0,0,0,0
0,0,0,0,0,0,0,0,0,0,0,0,0,0,0,0,0,0,0,0,0,0,0,0,0,0,0,0,0,0,0,0,0,0,0,0,0,0,0,0,0,0,0,0,0,0,0,0,0,0,0
0,0,0,0,0,0,0,0,0,0,0,0,0,0,0,0,0,0,0,0,0,0,0,0,0,0,0,0,0,0,0,0,0,0,0,0,0,0,0,0,0,0,0,0,0,0,0,0,0,0,0
0,0,0,0,0,0,0,0,0,0,0,0,0,0,0,0,0,0,0,0,0,0,0,0,0,0,0,0,0,0,0,0,0,0,0,0,0,0,0,0,0,0,0,0,0,0,0,0,0,0,0
