2780.5790915702
3091.55786327821
2861.29734530736
2471.24890926689
2652.09363852506
2762.38447165133
3416.97058976621
3013.69796578889
2720.12507479649
3861.86991178159
3700.85626085837
3034.28355222754
3660.77919947019
2795.68873293103
3275.29249995883
4086.57272677459
3852.72471493217
2376.12397793706
3142.66171640116
2399.44069024914
3273.2772789641
2660.40619766288
3812.85328659895
2429.51521808728
3004.41313749206
2806.30197259826
3358.91247109177
2555.25705392381
3563.47303268872
2399.18544629908
3246.62207299226
2619.4525965334
2833.19668688062
2931.25235723295
3403.92702684154
3512.44033165555
3040.32993309864
3054.46147010972
2724.93768046756
2814.1186906667
1875.66366104081
3993.44253787313
2264.15756696412
3239.07256048113
2518.59789033969
2130.48882015982
3710.00232815333
2225.77146485799
2157.35229870154
2905.99464362041
2748.45157664691
