2006.10701185609
1409.77875985549
1589.25496153685
1744.69362431859
840.847549586733
664.795966139289
2083.81953341396
775.739793209961
347.866361183645
1314.68549271973
1095.28093756384
1665.51660941922
1733.84017258199
467.752368151147
1510.27958329265
938.592423290362
1727.42758655948
1290.79668657672
2044.41825085126
1371.02669135734
1533.92219352516
916.628961750881
1841.03654891401
1566.20289920843
1449.05825483081
1446.27540828941
1198.43606803486
1548.63682432176
1200.33135084284
1479.40714702221
779.395374141792
775.739793209961
1553.48418155961
1457.19403204511
1468.29457611694
2522.51041027398
2170.06754810759
1207.26880616811
979.606465727067
1531.17186770216
1312.34750349935
1098.6682064228
1707.77413135964
1549.61147264297
1499.60263165072
1383.71968910838
982.693942789902
1198.59065178639
1664.93984489225
1300.96081338062
1965.06158880186
