104.567891266561
85.6658804680458
88.6508347056449
93.6256314591831
95.6160911115578
100.584195427781
102.579872753367
82.6799876516493
99.5956179403304
105.704488220096
110.5289357019
101.584487388548
122.480346582122
85.6669914101396
94.6208031573758
103.575119398613
102.578855507588
90.6365724335099
110.538333583687
89.6452403551739
120.489196948549
87.6483414086063
118.499450652025
88.6509710290993
98.5952125485801
101.584678541435
95.6135327752572
102.634104341302
116.509576021323
101.581711720549
93.6257933465249
131.434666412124
118.499274699346
109.542954903488
119.462575218771
97.6062095740417
98.6011484874386
111.754560207371
95.614404958962
110.535959448225
123.471994090575
93.6250185096742
89.6454698814709
78.7018710909122
110.538582658273
113.524611547229
101.585383425172
109.544184724749
121.501511347434
92.6274143266398
92.6275066302701
