24.8738666454242
41.6527431812569
52.733767835816
74.0197849183564
50.1006673526167
33.9292875545345
35.9773395400493
92.6304519315411
26.7106005444855
40.4044472623796
69.7473828519123
69.7474575073188
32.9305655268229
33.2348311410199
52.8320695647794
32.307012018475
32.9344279463508
29.9020213948872
39.8896480716985
52.8333368748627
70.0325890595441
40.489744747686
33.924146490149
76.708416156632
53.0432896726518
45.1939501711524
33.5080203068489
67.7576784082985
26.9647082112756
32.9127264322374
29.9495126836687
41.8886664877082
54.146840300144
74.7190341475421
74.7215683609561
49.8462584233935
26.3455682373231
36.9142021338496
36.9142281647155
40.8928882742803
31.9393877501902
52.6916776975993
29.4435350935771
59.7870513844998
48.8404849837952
41.7886251374202
28.9542198655272
56.5008983334305
49.8484311847571
56.4995651198992
29.9495588252066
