153.582560736255
203.317820248591
226.390195122395
189.014953074795
165.182349279301
203.975393419333
201.181673232128
208.959739731282
281.737084083022
125.793466033489
161.569883316399
311.231615917064
222.872473331113
273.982552326509
223.761470301436
197.71044119436
275.531899105587
251.7160822322
208.170634886409
170.584440001392
195.723944732764
199.923119103686
285.912365683971
314.43776731784
223.649395144933
303.431713738412
149.869354016911
220.557649683368
290.125889830969
322.721984770581
301.100420109894
230.727246910225
220.867608464675
173.144101547393
180.904350882832
302.455023667011
169.347108738324
218.124781616296
246.741154973428
170.411621883675
229.06062889677
168.371510509514
188.457992716397
203.584680701956
289.364766582681
213.911834476861
264.845408810751
192.451986512832
151.395710447512
161.479748979831
210.198475210905
