182.936719037661
154.182682915726
144.619361582117
199.483640807079
124.209202715736
234.577922336008
153.951486161192
105.413353707016
152.201729885427
142.618462014205
146.773569512452
93.2209548047626
127.544390907992
137.835087448405
189.572634044393
184.565242921289
152.69786928316
211.574367265848
151.193694435775
181.450069789635
210.831135215253
127.947115900364
155.537873468765
111.423431457801
162.8974521478
152.821275702564
171.38876230085
169.439676885629
157.806799229662
133.756020865429
170.041218030212
139.725552624786
176.203196980172
172.762912685177
139.793757287483
174.892590411367
162.645293028513
227.552230249468
151.931924383636
143.018266915358
204.541018555366
111.812174905828
98.2432489003045
168.73025328224
134.724047626276
157.910305673107
110.178711261421
225.25090645744
167.04446934005
153.008121419164
214.121391710444
