15.6792252751025
44.7973742508045
21.7883747133715
4.24137451646402
58.8044012560501
23.4516315239753
3.51692510444923
5.03137516674451
22.5995955684421
13.9868006656172
17.9550407151783
6.22940380869636
10.577947847456
10.1792389472496
7.13527695493644
6.32764147741705
9.47981024805108
33.6273927394166
13.9102432509658
8.58818423996763
8.61390261730662
5.10934836122146
13.296586724608
21.6786642302613
44.3823061684259
11.5964075781637
6.97581257432853
6.45023578354176
64.8506916131817
4.20715062855811
6.6159631050175
21.8977304849282
15.3412268185862
8.46685398584464
36.8779179664768
31.4066835251608
6.14582539766252
7.83193444320864
6.2058829545806
9.05153564495458
51.0871707673634
28.883997124593
47.1128732620689
17.2655614018481
12.4593095309478
20.7639283088174
19.1406189792656
3.64142262770224
62.7097244013091
11.0551175343123
12.1989171098951
