203.795572582884
234.872216889037
233.860875771202
236.410581509023
229.573456110065
203.014800707454
227.992633474381
342.855020635167
233.981788669259
207.427976883751
228.444896982308
187.499479526448
234.590973140087
202.574603621077
203.014800707454
234.83280855253
205.264039221253
228.85497648792
229.255234061051
231.708384437326
223.238604600768
249.679379089675
206.003582990923
234.819135164427
206.325555361981
233.180488250811
312.581662329941
342.855020635167
233.767619720154
273.84208074347
231.727237347385
298.192771995848
207.08457544522
278.047738905831
232.88848022865
273.697392431326
222.094479440873
207.693224517
257.314976059692
207.318678946518
225.914898012834
229.438737228245
229.924888745627
299.13859856104
234.803411532167
275.560834862558
210.875020206663
236.09728373056
207.152154529909
293.016951240018
230.399496429535
