496.618281755053
496.828510264177
534.613403422825
553.341656170899
502.256398842023
501.120302524223
504.138568064311
559.154611249895
544.895629046628
505.170742370525
535.637295958376
506.599711002362
497.064880561755
498.24300394604
502.426944342878
523.60347186694
553.293920224288
525.096095623125
548.425229878458
512.804578854654
506.901763773364
522.328338110486
517.430336557341
546.897349441316
508.30021494264
541.539044937192
509.538887286728
503.889831634417
512.717723698811
562.69363969854
518.377124192238
499.211233098227
521.187619238976
508.908338281975
556.434271966641
506.196693299898
564.207904237177
528.310378262204
495.800238913382
576.715950687836
528.002345358208
514.253326187867
500.669325176295
555.464620684009
551.030272040513
510.998268332033
521.033438463243
507.874861672338
536.875982660076
526.945446080386
523.555264875608
