2388.05583246227
2388.05583246227
736.213851350843
2388.05583246227
2388.05583246227
2388.05583246227
2388.20104127278
2388.05583246227
2388.05583246227
2387.95818507627
2388.05583246227
2022.33689879057
2074.8319156931
2388.36387660045
2388.05583246227
2388.05583246227
2388.05583246227
2388.05583246227
2388.05583246227
2388.05583246227
2388.05583246226
2388.20104127278
2388.05583246227
2388.05583246226
2388.05583246227
2388.05583246227
2388.05583246227
2333.04133661105
2388.05583246227
2388.05583246227
2364.07656976987
2144.21225537327
2333.04133661105
2387.95818507627
2165.93558162967
2165.93558162967
2165.93558162967
2388.05583246227
2388.05583246227
2388.05583246227
2388.05583246227
2388.05583246227
2388.05583246227
2388.20104127278
2388.05583246227
2388.05583246227
2388.05583246227
2388.36387660045
2165.93558162967
2388.05583246227
2388.05583246227
