583.745226295983
583.734047925121
583.745226309217
583.745226351364
583.745226336002
583.745226280322
583.734041475404
583.745226284763
300
583.745226363137
583.745226367472
583.745226275802
300
583.745226313106
300
583.745226274501
583.745226349839
583.734041528469
583.74522632235
583.745226303876
300
300
300
583.745226365088
583.74522630374
583.745226367319
300
583.74522629869
300
583.745226416079
583.745226308696
583.745226346929
583.745226316839
583.745226327038
583.745226363295
583.745226321688
583.745226298982
583.745226344157
583.745226352647
583.745226290444
583.745226304956
583.745226342154
583.745226309549
583.745226353351
583.745226317261
583.745226328881
583.745226307674
583.745226291914
583.74522626613
300
583.734070800615
