496.671550401036
496.719000288929
496.817764331487
496.821891602404
478.467467554245
458.848722725817
496.817391143331
496.670146137935
496.684026633638
496.793896993694
496.805737867371
496.757454488821
496.802144643947
496.819600047404
496.80476980777
478.467464443358
496.806113867189
496.776361381372
496.806778867048
496.794749795048
496.817502765874
496.807876709052
507.694693261916
496.817147873178
496.778705731929
496.801177624095
496.814841520965
496.805136996355
469.617296490267
496.81683961921
496.822479556299
496.815856798248
496.711808695718
496.819235571063
496.807757986605
496.813577400624
496.820203295144
496.746935096429
496.815429595011
507.694693643411
496.81260719376
507.694699677039
507.694721505585
496.669731380725
458.848722725712
496.810380504663
496.816500448878
496.817401160168
507.6946931148
496.789431918592
496.803867134382
