343.045202219097
408.669264185205
347.715094282767
367.473042159196
329.73752364859
279.63138916566
283.329457261763
332.697446776717
302.249986902458
345.248965094206
305.016504559931
278.160624316404
374.479081483537
355.767947017547
354.208062686896
258.083252168019
400.982559015129
358.952395974155
292.413717224726
328.732832377708
298.440939210642
300.385746939694
394.066396921502
324.719700908235
339.404145282525
329.693574046039
348.143554955343
348.582327816838
319.699155024566
342.406932002324
356.016052195267
344.406106942639
367.079473296756
352.120703958669
297.754670242806
366.310767903039
455.374457423725
281.676791462397
359.817861267764
310.970487287856
309.341249949733
358.961929863284
342.143103629908
373.866295171129
360.705314121631
352.346432654306
518.426479089545
350.040670499824
352.18793112541
343.182238694164
370.98336083876
