440.339496118304
1232.74742323087
1190.25402875641
1209.48880821844
1634.02173882389
1665.34969667643
445.123658110281
1722.06538775981
1366.13726600207
1526.05346371541
1403.25745615374
1381.42903894825
461.699799056834
543.284929434876
1270.6842822682
1422.60476603423
1507.20688888973
1801.23739806301
1691.52143827459
1560.33322275426
651.841748243449
1228.99491639636
1325.60948668241
1474.67619893385
477.11339582074
1378.50473720061
1547.24976247536
1391.88651842063
1481.82190514532
568.307845692199
613.590690554693
760.689432910795
1175.35082852275
1546.31717675352
1378.85090873089
1237.79470738817
1362.23171389162
484.43108966024
1159.3940849252
1628.88132924442
1758.02586837459
1479.89416493622
535.063331373028
1092.99897057109
1794.89435225515
1347.15783501339
1625.75501686837
1175.93843187459
1548.22425082353
602.529112752638
473.166263138515
