486.546851293298
519.307133013414
497.344642582506
501.120167895388
417.78995190352
519.495140431638
495.133992316795
558.991414256409
507.254253195803
485.613607639163
453.62515807217
487.226761500571
527.866753127253
491.220792890036
496.783643326169
525.895657764946
548.018684510557
502.993605678128
516.293150231688
530.590640274599
464.70147008485
506.578904114111
489.146122886671
495.450096290007
457.577899628242
482.058175127858
490.759464723698
530.29642672004
511.714251865708
510.083561658223
486.528726599627
569.699300849406
504.925468748553
429.020267201389
536.945133029205
497.559674109466
532.313177344932
516.356622246856
475.794997423433
448.26600595916
468.019136120267
486.941264105221
523.169656998718
470.783058559762
473.762505322117
487.752828114722
493.446529034628
489.604537629227
535.958644265751
479.66238788705
487.653470006193
