0
5.6843418860808e-14
0
0
5.6843418860808e-14
0
0
0
0
5.6843418860808e-14
5.6843418860808e-14
0
0
28.5127825068334
4.01882971345913e-11
5.6843418860808e-14
80.7341682976632
0
0
28.5148253543587
114.01164280459
44.9437888883587
5.6843418860808e-14
54.5257191357068
0
114.011719507307
0
0
5.6843418860808e-14
5.6843418860808e-14
114.01321504154
5.6843418860808e-14
5.6843418860808e-14
114.011596797036
5.6843418860808e-14
5.6843418860808e-14
28.5142148871548
5.6843418860808e-14
114.011841076918
5.6843418860808e-14
114.011594789442
0
0
28.5128224580806
0
0
0
0
0
5.6843418860808e-14
0
