384.050833424197
384.050833424197
384.050833424197
371.116832575554
371.116832575554
383.055874367104
383.055874367104
383.055874367104
384.050833424197
384.050833424197
383.055874367104
384.050833424197
384.050833424197
384.050833424197
383.055874367104
378.081104316171
384.050833424197
384.050833424197
384.050833424197
384.050833424197
379.076063373265
382.060915310011
384.050833424197
384.050833424197
384.050833424197
384.050833424197
384.050833424197
383.055874367104
383.055874367104
384.050833424197
383.055874367104
383.055874367104
384.050833424197
384.050833424197
384.050833424197
384.050833424197
384.050833424197
384.050833424197
384.050833424197
384.050833424197
384.050833424197
384.050833424197
384.050833424197
384.050833424197
384.050833424197
384.050833424197
384.050833424197
383.055874367104
384.050833424197
384.050833424197
384.050833424197
