132.327659803074
132.327659803074
132.327659803074
132.327659803074
132.327659803074
132.327659803074
132.327659803074
132.327659803074
132.327659803074
132.327659803074
132.327659803074
132.327659803074
132.327659803074
132.327659803074
132.327659803074
132.327659803074
132.327659803074
132.327659803074
132.327659803074
132.327659803074
132.327659803074
132.327659803074
132.327659803074
132.327659803074
132.327659803074
132.327659803074
132.327659803074
132.327659803074
132.327659803074
132.327659803074
132.327659803074
132.327659803074
132.327659803074
132.327659803074
132.327659803074
132.327659803074
132.327659803074
132.327659803074
132.327659803074
132.327659803074
132.327659803074
132.327659803074
132.327659803074
132.327659803074
132.327659803074
132.327659803074
132.327659803074
132.327659803074
132.327659803074
132.327659803074
132.327659803074
