653.156818307986
630.500250655221
653.156818307986
639.573588784319
633.905923988071
653.156818307986
649.775641545483
643.805369414501
630.500250655221
659.127090438969
639.573588784319
653.156818307986
647.489153511738
628.857476233504
661.22641072308
635.066952098741
646.238600913357
629.399287302494
645.206663301566
647.643181199413
651.176935432549
641.093845358972
639.573588784319
659.127090438969
638.137704618253
653.156818307986
653.156818307986
639.573588784319
628.857476233504
659.127090438969
635.066952098741
649.775641545483
630.500250655221
651.906265709604
639.573588784319
638.137704618253
623.189811437256
633.905923988071
649.775641545483
653.156818307986
639.573588784319
629.160083568239
653.156818307986
639.573588784319
654.845772364865
653.156818307986
643.805369414501
659.127090438969
653.156818307986
653.156818307986
629.386780075703
