419.868795084642
420.863754141735
420.863754141735
419.868795084642
420.863754141735
423.848626275196
420.863754141735
420.863754141735
423.848626275196
420.863754141735
419.868795084642
412.904152533667
419.868795084642
423.848626275196
421.858713198828
421.858713198828
420.863754141735
420.863754141735
422.853667218102
420.863754141735
421.858713198828
420.863754141735
420.863754141735
422.853667218102
423.848626275196
419.868795084642
420.863754141735
420.863754141735
423.848626275196
420.863754141735
420.863754141735
419.868795084642
420.863754141735
419.868795084642
420.863754141735
420.863754141735
422.853667218102
422.853667218102
421.858713198828
420.863754141735
419.868795084642
422.853667218102
419.868795084642
419.868795084642
420.863754141735
420.863754141735
420.863754141735
419.868795084642
420.863754141735
420.863754141735
420.863754141735
