4524.55692691799
4594.55695492796
4497.64707279475
4547.73500709487
4513.28348783457
4467.64687154554
2.3544655768618
4507.1949572776
0.543852269007289
4510.83058336857
0.633380519423667
4509.28348919358
4507.55594153612
4505.46793632916
4507.0134100519
4520.92011157023
0.268584751249364
4604.85286220063
0.633380519423667
4541.73660177683
4510.92011161899
0.812437020256539
4501.74006902685
1.4280356141677
4568.74105535215
4545.76350888597
4504.03574290374
4545.92174200122
4494.46740259898
4539.19395770719
0.0895282504164925
4545.67031216957
0.179056500832871
4.42877416186616
4475.64686803032
4592.01128052687
0
0.0895282504164925
4515.19407216956
4444.28402455272
4530.10221439712
4528.55692483207
4537.65090657001
4543.55724123207
4556.19175230232
4526.37465586178
4484.03368801135
4505.65090722965
1.44581753968021
1.08770453801446
0.72290876984016
