3948.55134289056
1875.32508407487
662.674684819177
2596.65032966901
1844.99938708425
2167.70088952751
907.514970943241
2986.04694546555
2683.08850851434
3579.73658272185
1470.8939237513
1128.6892740267
1527.95830298126
1014.01536891823
3097.43437753535
1762.48922568642
939.482187438913
1314.44148626909
3940.16703724835
3044.96232619855
1662.36998829979
5657.81126892157
698.951369237571
2631.09839591843
1022.84684382191
1477.02336660604
919.247184841785
2033.39890043844
3330.96577773921
4120.24402818766
1261.21929724951
1855.53331203765
1100.17001647693
2943.42274168883
149.407590263251
2003.09086289613
303.154593839401
1044.85819701891
3747.11009037649
3160.28713413363
3206.1391561393
1439.458604515
3895.93153782815
2400.37857519472
2499.48227605585
3063.59895302856
1264.98194363083
3126.96755943329
673.4496891682
1294.50559228966
606.691548848287
