2178.05274725943
2316.16910467503
2000.29248960064
2355.72112640351
2356.16961516742
2138.50072553095
2237.7424275857
2118.81155569707
1980.46632067774
2158.13469982182
1960.74046787215
2297.43210791197
2158.36357742556
2039.7075122401
2316.16910467503
2079.25953396858
1591.02426837238
2138.50072553095
2159.08687289264
2277.06557171045
2079.25953396858
2178.05274725943
2395.273148132
2198.19040585722
2237.7424275857
2158.63838412873
2079.25953396858
2178.05274725943
2138.50072553095
2316.16910467503
2375.8587850013
2039.7075122401
2079.25953396858
2079.25953396858
2198.19040585722
2178.05274725943
1941.05129803828
2079.25953396858
2198.19040585722
2198.19040585722
2217.37589138418
1980.46632067774
2039.84451132912
1842.25808474743
2020.01834240622
2138.50072553095
2316.16910467503
2138.94921429485
2099.39719256637
2138.50072553095
2039.7075122401
