30.5650696591588
31.5600287162522
20.8940948131492
41.5097060764197
21.8889930972023
17.9092226796886
13.9293914891343
50.742527025584
20.8940340401089
51.7373639832711
9.94956029858031
38.8031144236766
34.544900849713
40.7927821804442
44.4942107908741
53.7271538394448
12.6560298519171
42.5045430341067
24.8738652306631
54.4433395060566
17.9092226796886
58.4231706966107
36.8132778325705
45.489354394527
25.8686819916356
72.6309429226867
27.8587627815543
27.8587627815543
60.6914863531022
44.7726133709982
29.5701106020656
29.5702327014719
30.5651917585651
48.7526291081119
48.4740419814282
57.7066142196416
11.9394935716623
25.868804091042
62.4029816904504
34.544900849713
24.8737229345422
35.8182422902159
47.7574855044591
31.8384875849231
37.5297729831736
14.9243505462277
17.6308200995645
46.4844761273525
17.909161906648
31.8384875849231
34.544900849713
