108.49048192333
129.547182738319
149.773340334064
162.069078451811
104.521724560262
58.5840533271994
142.953656629243
149.62350406661
86.3872062721803
141.028871456603
154.531609839526
110.074449031655
81.5829258126769
95.2867125889861
107.571733550365
115.211964682277
154.129966279631
74.7702736598026
130.131020950668
159.80962179426
146.771897694791
80.8174913498456
150.17577032351
79.843003953074
70.0478272072392
156.381531437911
106.965236057563
156.528870217226
128.138466775123
108.572676434022
112.460795470874
155.801114775111
96.0040913985963
129.186761468477
144.888920055972
80.5670526472982
139.647364256748
126.956424176558
145.371055640631
145.083777259275
64.2878061713352
129.142966722465
70.6986581991339
127.056351378993
82.6215077609481
144.55713231863
125.286162112965
111.624337327484
83.6374285690308
147.207735774225
124.563166135731
