7908.09080184225
10603.3267255868
14673.69500665
4228.20488289209
33278.449210042
8162.7612699375
14930.9628178892
23240.6051063001
63125.7186744125
22797.8508429144
13377.2606955757
18154.5538581973
12852.7987028354
11501.8610973153
24706.3745630823
13960.6441423669
10515.6607793196
12025.5248345315
29606.7788751915
12818.9694050842
23773.4899740419
10387.6932759886
20565.2665102172
7881.40373134138
24509.2820416973
14725.872131973
21820.4649174528
12524.2004575873
10664.52267689
13740.1779454906
13776.7632476732
12031.7315414211
11836.0737317137
19895.3196630937
1743485.70174498
17565.1058692227
21398.7930454601
5625.80353272883
18115.3627402555
13878.5146183845
12572.3979498576
34815.4530401314
14286.7552151264
9024.24047169082
18497.7080510342
19016.1325148509
11254.7387512452
19742.3946070434
10806.5815028851
17779.7283977726
29521.09534209
