552.717673395584
119.946015600415
516.169818407773
711.352442390313
349.674394347868
406.07288213354
784.553904239268
1011.38961141946
513.454526133736
118.646477599083
448.375729124003
118.646477599083
119.946015600415
1055.62500682286
340.00912024967
129.611289698612
729.753839394624
118.646477599083
437.202774039828
1000.23493071324
366.520860405054
118.438334614438
811.307320208446
145.822738704808
484.959195019492
335.786146989657
1566.98049581333
592.224574549755
514.637799665135
513.454526133736
666.260577161348
228.520767459393
513.246383149091
631.684717763529
524.419338233266
338.709582248338
1501.99479340652
713.158312014799
556.940646655597
713.427397734137
684.393789215376
448.196046771401
603.38638260121
541.694011140445
2391.38679281324
615.171174683266
480.076279337369
476.92138710428
516.377961392418
336.877542006343
476.09766594738
