161.357381471214
324.19814461456
146.449971573588
286.68922193164
320.254684153791
210.176860716385
341.557038474309
505.584204825433
441.232361527988
145.14570028565
249.223157133414
257.488731719782
343.645957701844
851.548790170297
440.521761603974
417.539441649173
312.166599434203
576.764376753556
464.964036024992
300.289533366123
337.158454501012
230.378029131202
301.922462935199
224.200791192476
341.563997525774
302.074404194098
376.015389130439
191.375699110497
60.6790202147949
129.339843335612
175.251077296389
197.415217696199
344.96706985569
409.077539455094
259.941394967289
267.474122451975
713.081189096732
427.261772378662
408.102735950104
267.807555643643
449.488515313639
234.692993621568
227.822737973267
213.564529841215
274.834408765494
208.240625254853
308.578365881659
220.705575126349
337.664745100911
656.237469709411
777.750178369778
