3168.14899845702
2369.37364705731
1950.04579335304
2344.57084509295
2949.19679133345
2094.70670495479
2283.32369174575
2565.59514685012
2140.84899844242
2263.55844233633
2288.71388636535
2152.25657524918
3407.62605656737
3036.6797730296
2432.14603465729
2366.27370968639
2978.14616138992
3077.38072085021
2807.95968753327
2933.31673167024
2853.83490955374
2142.4612718761
2530.46651043927
2179.27746979037
1983.30357347156
2206.92231804111
1897.1689487749
2366.56019641645
2233.41827038743
3306.92237969783
1699.90853677383
3226.33367859073
2839.04521451661
2733.88184531378
2567.7931684238
2413.46047413503
3055.08384340801
2112.01109783933
2495.07766495365
2978.91665473769
2129.82280975082
1960.8238987157
2732.17824348045
3180.60336183178
1997.79409802095
2394.48441880584
2976.18686615608
2935.84641113461
1723.79115731544
3213.02906779782
2690.23610448164
