124.454702576844
117.28488015375
200.303676916496
108.784291878438
303.948028235469
194.790134270563
231.224872064236
328.652842449367
490.007286400674
192.290452193532
347.165993189023
249.712748622858
275.10902290329
92.5123702909832
120.054664605526
188.174105632652
236.782360760695
363.638860736859
126.886399385173
189.489446704262
925.543145059964
144.513118075007
243.815552400607
574.9082532615
542.310636711631
98.5226354149975
118.50955628096
121.216457080146
140.601772764302
150.209103833313
206.314810146913
227.490065598898
358.645528005867
132.402804996714
236.83588839477
103.547462436351
345.037487514783
130.465251500775
338.822428372195
188.818207025706
258.192950060979
146.337201169075
264.497165079335
118.029375757608
213.417471757111
234.555920979378
115.912743817473
314.079342809285
116.772146296338
107.929786268277
262.237480966659
