40.3824728737654
65.0429780256404
57.3066150649747
39.0072240159436
49.3173690525655
31.8905685822383
55.8180705547868
89.2690629231874
49.4463508126441
39.7827407928521
42.3808535740357
36.9163028822652
61.793130726913
51.4536956773463
39.9522433974494
53.8292888114961
71.5088088911493
49.8467031048801
41.9152309261674
33.7450052214158
49.7754947081146
34.729867138391
43.8467461311823
59.7230408874216
29.8139221873109
54.2439824180153
61.4503183303757
28.9000915825993
35.901679158696
38.2774089363993
45.8688889602283
34.9270579561755
117.945151558391
45.6452929387483
32.6871548826477
53.4166344175142
53.438307626195
46.8640756706225
58.7738208022565
45.0703293760696
46.5642330083053
40.8990651688057
49.9957601084996
50.8018933850724
29.2754030541441
39.3663101768748
31.9762716902553
58.2936415108541
69.9251290706118
49.7026257451632
45.8668669138119
