121.792383009503
116.78865289932
138.63152054734
80.7156089663104
183.502535004502
212.051181422476
28.2858353190391
54.7100306367886
199.33596169662
76.417615078223
71.5267975803272
35.9927116955873
91.6519752141869
57.7674987995063
47.0098549450679
69.9718735683052
51.2990728710708
150.163295645155
145.041359471907
63.5389378215402
69.1660827538344
68.1630361236284
97.2766608764434
128.952517622261
91.3745557295335
171.259128424857
84.1031438027121
46.8330879623445
189.712558198835
278.716958214756
83.6632684788449
234.317742833134
85.5038117595191
77.6315471691112
87.2676795930731
97.3973939754997
152.089512658278
115.430909840039
48.7777949704539
76.9139153306655
157.588643140889
97.3825844424821
68.5343329776488
87.2373359606031
137.122919500589
110.178238188031
122.378625816692
152.95634195384
178.428866219475
221.365918924677
97.2611112203824
