484.744336357901
384.316059557181
244.656211626593
402.056799991194
323.087565507187
694.850925749819
422.049684862273
461.666598955165
405.765456055016
372.061530909311
324.417853564225
497.832178440218
570.654122641018
594.669695759775
561.917635593521
494.587247858712
545.857170836809
348.143030493854
323.787732146227
590.317026503664
440.347729121653
456.936922043383
558.078341931749
464.317235282561
741.48661640018
343.485813586244
451.30788086631
340.214968234237
514.60838956743
341.447585063439
568.418965728804
481.212028630487
571.960330785883
574.158337700755
325.280850552844
329.580855692008
292.658565887681
363.58238759301
434.270263718301
353.299218065751
308.795192736087
480.524075063444
331.198019416007
320.460852538112
333.801106347953
468.168244756194
300.451382923689
382.172125106064
715.587017038176
581.27495291398
335.49556856052
