1653.10889299168
1004.71612417761
1271.262797488
1934.83382784033
27.4446151764821
1380.89145193311
1844.81970003902
1520.33040270911
1269.034381149
1720.45006161456
1737.26931925074
1336.36590039541
1415.94670156572
1113.76997174194
1809.24185256077
1198.93636584128
1466.37568140599
1683.84213832466
1603.95790229036
2245.40442896413
1370.69223417643
1009.71313108818
1329.64228465378
1254.018024753
1555.13105473649
1852.18872865701
1877.39609707462
1664.88653496388
1194.72354234214
1474.05262073778
1406.65015937043
1801.14327361423
1134.99843946932
1550.50129920769
1590.92296808183
1470.55972321751
1463.41371902348
1409.05597680359
1673.94585879662
1723.35063854951
2021.6184628005
1999.77905446674
1373.61604335263
1284.13232563298
1174.02845333116
1254.6763982961
1702.66623207561
1021.36729111808
1281.65760163507
2049.41634887391
1090.56002719596
