674.991566864283
667.349669113206
678.515189511084
685.592565984731
685.001161940084
676.029267007961
684.646883086112
682.832474391597
681.292120363405
679.505103689534
674.771766989252
673.764936588668
680.852456319015
678.862989888194
675.461767825527
677.094435861431
681.790442171889
671.105686843719
488.582478465087
686.889627571272
678.087275207538
719.831609528196
673.044799180821
668.616170767639
687.121950264488
720.356488728388
681.354650120411
683.264460283435
676.338421116493
671.713797613988
672.592415768277
669.255220009738
696.526120709065
678.146950092075
678.539773187353
674.134563582322
678.979616252666
667.444690396879
676.727136202176
698.854201416284
685.582478164476
673.0400225521
686.236097928687
677.260469736273
678.673751658161
686.506384239493
671.538090789943
678.61899274214
679.756233580998
678.061988501538
679.154523133119
