1039.91249164156
1033.02986173719
276.950392376735
277.231380939138
30.9142927173125
297.097782874806
890.418289984176
379.976818741725
301.727683017458
286.375886464999
1030.59469534095
1251.99875433778
45.2339957135844
369.589357394533
1030.56109119841
196.262597292195
65.3188062908675
819.182847553782
47.9153153050879
1051.32902564118
58.4724363503422
34.9583313731293
1067.5855463126
44.9624795473733
433.423848678297
62.284739151128
1272.67330867335
301.819505120307
247.302379483542
605.549609490709
60.8734140199119
1291.62849221216
276.084806926827
1169.04818255391
49.7162651493809
205.623255616271
423.868659690887
705.652165049878
322.064580812006
464.173518387634
1254.32013346482
60.617292826222
53.9931267751306
186.533288137795
1075.91958809029
65.4697764095758
178.770250861116
396.330601729469
45.4189006931194
244.493176891939
64.8622799099244
