54.3860996940816
288.92906225587
56.5811591204945
61.7523410972583
81.8730064621698
58.6229553677163
62.0888940953739
56.0491051857143
64.6192162325531
53.0651376007918
285.011593420572
63.8605263056231
288.207828069147
59.8307857277944
51.7301654324799
69.3317962836538
46.7468103090448
51.5186428385307
293.039377704944
66.2717374732329
290.154068774165
51.7193692363544
55.9743782194798
77.5044913262607
47.2321255623253
287.036922509131
96.7516230260194
46.5286425416493
56.952585529476
53.8877476710954
58.0530804310135
292.829594971264
61.373117555283
46.1458641207705
82.272119028996
44.8603199092613
285.607907137505
87.4706182706916
75.322158448944
55.4408172011995
53.5345274749386
53.3647156272434
53.3488185546823
56.3604507709974
83.535394741961
61.3975912024657
78.9708247899591
54.2807825503423
50.6674628943908
57.6832080351774
51.0142097569462
