200.673084457504
215.729161582141
307.073009865478
340.573434278651
371.292936963129
181.732679283167
288.425360707135
198.768408491265
264.235063765298
167.025078452854
224.811390351398
130.876985227897
299.226157563728
196.722510586688
268.80926531163
176.804179409615
316.240417550955
272.074255175921
359.33814377433
281.492599960285
204.956051870921
180.148772356456
215.890999019927
163.684224876911
262.1146545967
121.75621397336
275.625390926284
180.423027557899
248.969526826601
272.711586872758
150.29236115391
215.920417245064
132.646854377849
233.812005244025
174.303141567657
177.484561974621
174.206950393808
214.182458514626
229.547398178408
246.28118508673
276.572526316461
219.066423649677
254.209654740881
239.20837991519
221.324460349933
180.219195381642
232.388594572117
164.482616907492
364.98081666091
209.682642733829
301.833402000123
