38.4038640037752
28.8704615845152
5.49206380780038
12.7916068181094
13.9432731863776
14.7376862881633
24.485387120131
18.8716661965632
39.629674796709
12.6693597141664
7.47720758190781
35.8377263635111
55.9328834649345
10.7194728697245
14.1867447258687
12.2578272557791
14.1922421607578
8.00190272450573
13.4202592423283
5.98047999081564
17.6705227336806
32.9506458340109
7.66501867142392
5.64272552076477
7.77543636589076
8.24684078104815
32.9327991082744
18.3139508891231
36.0629111976004
8.04008944218276
8.06436952877766
9.88808756194271
32.4770898424199
20.4970828972816
13.3363618139435
12.29866957833
7.08590778780308
14.543306070761
23.0052356866647
35.9983917027957
27.4838394877897
10.9953639740063
5.83647265279797
7.18173346804224
21.0581119691376
12.7089544537582
29.4144904513166
12.4946746375822
10.4107218704096
35.9399081547388
13.975803160173
