279.133110885372
76.1741048948386
296.865582271444
795.957298860061
256.331384270161
426.689741560691
2726.09110711457
416.644738975383
1111.13883067692
158.972758049596
632.402945877924
165.807939599298
1471.60838882606
347.232797775637
144.538696034273
161.004383943186
121.251246501289
195.297407274069
156.311393288259
2745.35857992523
123.93599403476
567.923546009179
2041.57555065002
1521.96697886957
129.057648367032
209.792953283807
3233.26920128645
122.001145236372
1271.76469055656
139.986825423039
2182.21747479722
133.018068369858
140.34733045075
163.207264976652
1688.94788727486
2676.25911068087
1262.77486347214
2038.33731286225
2233.69101112328
1091.74941340633
4191.05772594442
1998.70669085891
989.237092377838
3586.15878277228
994.669747411845
791.396833893065
169.896889394074
2043.45186357087
3112.64668857206
1805.84927088588
428.250740680068
