1271.73326824164
1259.71303276519
1122.18058620935
1413.78488028488
1379.85666206732
1233.48463841964
1389.8922276253
1102.19272749594
1103.58130488868
1104.54381375355
1262.29922399878
1385.28944563908
1103.30647545082
1411.2463460243
1105.25374578073
1247.18769975672
1122.6582578942
1244.19742426439
1408.2271913681
1258.06118166393
1252.79584596536
1113.58583728259
1259.170582379
1124.56512421533
1110.55660084006
1389.61662760956
1395.56129334144
1390.88213785441
1413.91925293356
1225.63754067339
1397.35005039223
1103.21452836564
1264.77361514218
1105.98928158374
1106.25629958135
1401.17924641672
1248.68521133765
1259.4745831287
1106.71615419446
1252.71397864277
1418.94188713616
1236.70880042785
1261.08131914772
1240.58559657717
1405.61423101939
1240.27880323465
1264.3094698978
1242.22622491991
768.220214538078
1266.42461231261
1240.36635293876
