443.182504800131
443.176725513507
443.267475704208
443.261712369061
443.194764551906
443.181965334094
443.2640069179
443.182164082222
443.213743926856
443.183795609709
443.185038274026
443.375344798507
443.37248800665
443.317099942225
443.276325128456
443.175463412402
443.2115418116
443.214406873652
443.1749653012
443.180836370174
443.199826671236
443.252909631397
443.282805350398
443.19365565313
443.204337845505
443.313748554235
443.183243710138
443.470163827486
443.203966791827
443.20897678095
443.182388747015
443.205338167286
443.209523390928
443.355649467748
443.260104056357
443.228487368471
443.175615697195
443.19173059091
443.177220553341
443.178210337996
443.219934921393
443.181126940004
443.207042683421
443.178990262131
443.208089100041
443.175764016292
443.175879424276
443.314996896856
443.206305563747
443.24299333925
443.175818231869
