494.071651054887
535.983527258384
568.378352578271
501.498355879055
527.070356658953
525.161127155538
534.876255568582
524.325937908776
515.674334817744
469.83172385042
552.957063163768
515.25919285277
463.201779024775
533.141855244719
545.720350676807
540.336051516707
563.546651826254
511.309145812113
544.609902354552
551.260367640275
494.951331743671
466.061083176025
523.187501886599
530.484668666585
499.516246857669
504.58738481202
550.607230796481
531.501593680809
535.894431313548
544.534325879425
558.497586078974
227.836394917721
494.889580319417
546.425252547835
542.840559090988
530.490746065818
540.908757774621
458.476555847747
582.179240648934
567.783636614069
550.596860285233
444.407643727176
490.295873714702
523.151206399384
543.666884534546
577.539007399767
531.377020659925
567.838772599747
507.662388545296
567.715382614922
535.233575731866
