254.156750141872
203.264293551947
230.75856187876
204.44223730078
207.500826918551
206.299272967146
291.460094828761
312.581662329941
204.182633612072
206.197955238412
203.792935895668
295.78417062123
209.234618840667
206.528130704894
207.577489578167
328.998749871572
270.106674937429
206.69193426479
207.204545362883
205.588886912093
231.808210011252
203.081664715242
204.474646449331
205.478257174201
206.034664927613
266.407031765563
253.347560330165
203.014800707454
203.613009864393
213.522721251851
289.633685316079
205.877960819452
205.595615591638
208.101779788501
246.174606011406
205.171904061697
206.070036295413
209.552253020805
222.998015291452
240.047073962633
202.843825748058
202.374853316173
206.656478102648
254.223929699544
206.531362368685
208.04121179013
203.193198642649
201.956919281587
203.067049461572
232.357467033022
209.424448477524
