5740.86530951541
5730.86420260176
5730.79498586701
5573.38732089923
5627.98195549006
5579.67699212913
5828.94208885749
5789.03290467741
5567.34167956148
5593.4396763814
5929.98384230183
5361.9573666446
5627.38526100888
5452.39345264003
5841.71163129911
5578.72093543369
5685.52094561579
5614.37791185805
5358.4706128474
5772.51782581852
6029.44846886766
5740.00031637132
5414.40215550131
5544.80044808153
5635.37522297478
5315.22617636444
5867.26125261582
5729.49424696725
5562.79765732483
5291.67646062211
5887.96162674875
5841.47798808421
5581.46434126319
5641.20138915734
5446.419399086
5637.31975361285
5628.02928915138
5787.15531725109
5545.70930909956
5628.75286892327
5768.10846602184
5471.84270465721
5657.65353632931
5830.48765349456
5578.67293891071
5560.55074633029
5363.07415437003
5579.3929732547
5831.21144530424
5780.99495985251
5470.56590932789
