101.947989763516
100.954141751363
101.67192689007
100.286376883042
107.647224904817
101.407093752268
101.415613662123
102.023907971605
107.543672615934
100.821573998488
100.637948383153
100
100
101.562255058726
2002.90183437532
100
101.737520159641
102.217180348372
102.944492305835
105.534388704262
102.091902533311
2002.90183437532
107.620310683662
101.059867308995
100.593102306898
1776.57399082942
101.015373972151
102.062474909992
2069.5879500924
101.770330217104
109.193184890151
100.535361548307
101.369031861908
102.8856694011
100.854692263487
2002.90183437532
2002.90183437532
100.398195642903
101.099681093661
101.676100997464
101.775391888811
105.51595884352
102.905723992116
101.198057232544
101.911576566379
107.751337589061
100.347391282769
106.232421432122
102.664387779544
102.249776059347
104.39782171323
