2408.72684046874
2490.12056934728
2535.27662013255
2524.51812734732
2409.00074609688
2344.5189607896
2466.51096941935
2457.22269908907
2321.49508884727
2308.52328995325
2487.46175318527
2351.61618595036
2440.77120425368
2492.33585895697
2452.85742167788
2412.2003610424
2274.41953751985
2536.17006931383
2409.15558955448
2345.75094019505
2436.78338629867
2408.45087201401
2572.93431834305
2434.08323434801
2278.38925608256
2489.1587927094
2523.21196619629
2409.63260768432
2501.21406192979
2283.40060193866
2264.52916831267
2468.29739892742
2266.49137373141
2487.8369250815
2378.694295814
2326.92344222951
2440.541478061
2487.56554627674
2381.1253007007
2345.54738695284
2274.38601785265
2452.13496746761
2265.09305438854
2267.86122781481
2241.0648584316
2405.02017919842
2409.88499656226
2487.18795398693
2266.49285490496
2322.46242518106
2426.15255105276
