618.808088128488
509.63868817507
451.273169647307
460.669834078579
466.860398697499
535.27547083969
433.399434098165
482.949264584346
530.226174504926
412.733573216272
435.47150226889
424.809484115874
500.269783340605
446.622430248144
423.258814917209
455.290811534502
487.798083152074
442.638523470535
429.267626541472
485.10616758225
454.780779263993
441.09107788909
427.222597279478
488.097830299802
430.435928065349
420.810324388144
577.058946583727
438.217208618516
427.175810432488
505.088703745194
446.910114135724
475.668073716231
446.235782234955
460.358847438667
445.723058269157
457.444158864577
418.187087973447
432.562700283983
426.948512681977
461.894617838276
549.407340034055
430.717588609466
447.693085222008
456.349465252226
493.581578038278
412.108304229721
459.250458363278
449.785146106492
424.027008346094
516.045002313569
422.752338623219
