443.400227792618
443.665109677706
443.767808524773
443.436144981601
443.622087799013
443.398060748689
397.742869469987
443.432558583223
399.584967871679
443.474114985792
397.837580086322
444.012840735401
443.445959500048
443.609442757121
443.418446199695
443.451521003221
443.650381396008
443.813105812908
443.387711455026
443.700228995579
443.36990163253
443.533603623321
443.68848562326
443.446700159149
443.373089982857
443.491644549312
443.371896677518
443.355837720998
443.36990163253
443.347028304239
445.639101883763
443.566570445192
399.609990033281
444.008640375678
443.377146392627
443.377212913269
443.470148159145
443.689146025972
443.460579008148
444.083447109221
443.705804505131
443.618640579661
443.418169150108
443.526488945878
399.802314963394
443.455830515073
443.518910993261
443.496593841098
443.688205497175
443.646911871801
443.85521422974
