434.785290879887
445.244113196004
442.067430146629
450.732225024562
445.961093675881
440.75321463144
440.579864931063
436.595233896016
435.906096847633
422.914828067914
441.335299616613
429.272218797928
448.367763624982
442.40522431353
445.660881928537
443.242394156644
441.487087737779
436.813434640364
436.609644665469
440.952945485951
437.555735669095
447.791690962045
438.704067264416
440.092322715999
446.759568860809
435.808433916915
447.365055194796
436.453267212812
435.759132866934
444.581933066021
434.676139718465
441.984891874421
442.099034876907
448.010278145514
449.067353319784
452.86120023156
449.384240117938
436.469242934724
426.481936517671
445.098435343579
410.930635847063
457.367056043176
447.892263149211
399.779171665354
449.595929560434
441.375811826207
437.094003225271
438.205647726016
433.703746165735
435.399597503466
427.331545771644
