2389.14863041583
2388.05583246227
2167.03656250619
2276.42534135894
2388.05583246227
2388.05583246227
2388.20104127278
2388.05583246227
2388.05583246227
2388.05583246227
2388.05583246227
2388.05583246227
2020.75465137142
2167.46709471317
2388.20104127278
2388.05583246227
2174.64549372126
2388.05583246226
2388.05583246227
2388.05583246227
2388.05583246227
2388.05583246227
2388.05583246227
2168.12522006564
2227.31008867434
2340.56453084873
1714.87622755403
2391.57562370629
1783.65865401985
2333.04133661105
2165.93558162967
2333.04133661105
2388.05583246227
2388.05583246227
2148.14602144175
2388.05583246227
2388.05583246227
2173.54712283915
2388.20104127278
2388.05583246227
2172.97442108847
2388.05583246227
2167.46709471317
2388.05583246227
2388.36387660045
2388.05583246227
200
2388.05583246227
2388.05583246227
2388.05583246227
2388.05583246227
