4583.01732068152
4057.8977529947
300.001079368149
300.003104949688
3160.9171459608
3835.86957141414
3558.59421569336
300.026232582957
300.167706570392
3571.10044798557
3838.59496200281
300.02547572027
2116.45008946226
4151.51926579254
300.045387461695
2888.11939095768
5295.32747860003
300.024633820987
300.001635810014
300.003918034263
2897.99530684224
300.020110140742
3720.20672671804
300.027731697017
300.010583195647
4466.65028722682
300.573721384099
300.002995857205
300.00407771405
300.001508639538
4905.68699766529
4693.4317027931
300.000943894427
4007.35333803678
4350.70892268734
300.009169618687
3202.57596780433
300.007934536741
300.000617866413
300.001916721397
3080.22395966604
300.000577910331
300.000958638686
3088.71374032714
3910.2915980526
300.009590639591
300.054769766855
3347.06780092015
200.000774615783
4256.96092521924
300.003355147198
