524.698126629023
504.933331988968
682.355231557656
565.609497142073
736.938908940656
519.228304368225
538.106231430935
572.207545098037
488.914130075589
517.884000202689
603.791117565514
596.95269977879
488.497704259377
568.289962563888
670.160424261793
560.427015797303
433.047413842049
527.260894115187
609.970436352145
557.944652297982
598.952448215307
507.711509108311
507.68775453629
498.413433700372
708.900259363594
550.575844642573
708.900259363594
731.066994575463
517.249985104989
504.486377695684
569.03630361156
671.130029641624
531.841060438135
582.342960256815
626.632460812056
736.938908940656
526.306646664939
550.351597810555
482.006015296149
541.348169188577
546.121961608105
682.355231557656
522.212090851539
507.778052140312
556.468701233056
514.991684639401
621.921513827634
577.795448637384
682.355231557656
564.829522205039
514.73195988849
