3996.91387260031
4080.34813862899
4227.37220290478
4228.0765289325
4081.15745706956
4226.77541935385
4081.58920266622
4229.70704823948
4081.01102203598
4075.29424567496
4210.50584185615
4081.34413578733
4082.60484781036
4228.86116618457
4064.67313151526
4146.89459418313
4228.47996523062
3985.48365108882
4079.7244754002
4014.73943492337
4081.72817217418
4130.41447328174
4072.28082972216
4222.77004307012
4216.40006474476
4086.3142031493
3992.82727964924
4079.92792081491
4228.07241657845
4062.89056061528
4091.69866452754
4085.67818097128
3996.4137398246
4228.00176855997
4145.71168760184
4080.66652515306
4080.79612428537
4079.36934068964
4234.53058697956
4107.87576497537
4226.11206881323
4007.40084815873
4148.29266730261
4068.08136892723
4079.78613961569
4002.12036828157
4150.48784305016
4234.57209671524
4059.52150130225
4068.97666170937
4066.46115676641
