416.434095955278
300
583.745962479795
583.787656545145
583.801225505554
583.764773922934
583.917470985375
583.775282910304
583.786166534673
597.080491416344
583.871618632541
584.528671771081
583.75299831134
583.855342938179
587.010541825431
591.638620586767
618.639969164104
583.774604667153
583.766152737518
583.756964031877
599.688953590089
583.787971499548
584.082695461602
583.748352522852
583.809648653889
583.767264526343
583.771471524109
583.765006422492
586.123827838342
300
583.747238712944
583.766552282481
585.0560173125
585.639442876337
583.759276982705
587.309863029024
584.677193873844
584.148318154869
416.827310937741
583.832308604241
583.963082591618
583.741210893431
583.96784055381
583.995812928159
583.74736930415
600.144271684709
585.271578051008
583.82598484555
588.690379396883
605.861954364032
584.329411258564
