315.315806090238
288.209441275582
285.718093161979
832.0669488764
292.083432134139
280.96794828549
433.577460398173
325.933430737316
450.777678321566
305.992129042861
373.370411155019
505.775088445916
268.894494795329
411.345786112504
295.730655654123
250.954867046488
281.988879606737
323.072096474282
384.264451068013
421.776625806196
307.525477754969
371.343281444839
454.855890810361
298.893197961272
300.76909915452
369.118739408984
282.357695760895
626.04167764261
295.076344507716
675.159498917442
585.298533351303
278.264263426385
284.107859061663
422.709993102987
313.136085914144
345.573742910406
777.14973123152
297.529588272526
403.755221725114
349.302127352102
544.847326522022
590.204492450971
633.194714329437
260.374549681008
317.407970463916
278.028358537887
334.333723673705
297.909333571241
259.132549695001
396.719213004117
494.876035865443
