645.336963502157
865.684959858429
580.560989203762
1428.75327509577
605.552587860081
614.96777322624
1235.11456252107
529.177332852983
600.63685440746
459.199980258251
738.731358596388
558.729510287947
511.219568824138
1073.25352835129
460.525222228124
1004.29312054718
622.904151219587
1273.17277261635
749.442154382299
543.965183738739
932.638784791659
1517.16833585017
613.896609137488
805.539416737263
1128.75564800577
610.997090011169
814.495033952382
1675.55037718606
1579.92809121326
1209.30686194317
722.667244004522
1542.19446272215
1213.83070725153
578.398634573248
1309.69402137496
1608.56532318486
1439.634987894
454.069411094924
713.867019307635
1213.64999879974
681.427615923573
1190.46563493059
567.419821111994
1417.27852230442
1039.73104951698
537.595509559592
592.388532441722
1283.86278335507
1869.00583171128
790.259622235157
564.878755656057
