0.238966738419492
0.125017382669967
0.0265512464694098
0.00464165208688883
0.171336216029601
0.0308143512615402
0.0255212852031832
0.05528963753585
0.983141690671346
0.599226385790701
0.148447965349305
0.0261877321210591
0.0176767181582704
0.15248436243354
0.0939256468038252
0.0107996026562773
0.222941871041087
0.110431684076786
0.0760984657590598
0.0193192781266021
0.10040000617397
0.0486368320746351
0.0288117884715575
0.0169665285310998
0.0117192117677973
0.00323524746562498
0.0126154523808282
0.284446489332197
0.0909247563745907
0.0256532153035209
0.0342774047581429
0.125132535944772
0.00752977746122951
0.00638264253865373
0.606794892287894
0.215379528179483
0.00919761644206574
0.0591538002607308
0.152218479015232
0.00417958087143688
0.00885973247346783
0.0181053370126278
0.0298812571589906
1.12544753550918
0.126743039787243
0.162724111181262
0.00711011213758184
0.434865203680886
0.173382642260151
0.162975362017221
0.0622890197911943
