1532.13769323101
29999.1555117499
920.623161651355
1348.33646188288
587.912334584973
612.799299458613
2014.51503937712
540.922627750309
588.805069861397
608.318430544718
914.858141775759
11849.9633381574
579.417085330662
777.124670277287
629.171566609834
1947.28427132668
682.622542886876
465.922847284257
394.819985860899
2619.65409297696
2971.00433807201
694.449956340446
731.221262180744
745.618193904395
560.207547301213
8083.84076073499
5357.5696348647
633.434269736897
2779.1676555438
694.809088421393
6310.30686459913
492.595677417259
2251.66554589753
977.751739877455
811.04190310282
569.386963306012
2816.34785527982
706.069168831094
4722.45531506511
7792.06726568986
793.641692172036
1328.20171971923
1422.36350515206
1823.75354511302
2419.76095385625
6901.99767972709
683.53142943116
772.948920262942
1271.77215629336
1360.18206537222
588.307851492901
