73.0793670126964
111.558135545084
115.8683783263
112.942717397444
118.394306705988
113.39531141291
114.109386557192
112.733874481876
113.758205947349
114.097375866002
115.319385468267
115.823445957521
118.890800941245
118.264399986941
112.26812379173
74.330069352578
115.845058973244
116.300551396744
116.704958995306
87.9298902977167
118.573746361956
114.896212144126
71.5201226541976
68.9114124141474
108.639758825195
116.195029825867
117.830566376795
117.491371954343
115.072281576194
73.0846459287359
113.912774482351
113.27849214361
73.8414307281739
112.839181304003
114.198367328193
112.936364621504
87.0205956312707
73.2535342218608
114.269044690678
108.049014695639
124.807787423509
112.603056487301
117.289294917889
74.0504618720801
111.690417010962
113.555870082415
73.3660358340317
114.512979403256
115.358787013653
90.8528937264848
68.0264509399223
