303.459141617063
303.459141617063
302.46418255997
303.459141617063
303.459141617063
303.459141617063
303.459141617063
303.459141617063
302.46418255997
303.459141617063
296.494499066089
303.459141617063
303.459141617063
303.459141617063
316.393142465706
303.459141617063
303.459141617063
303.459141617063
303.459141617063
303.459141617063
302.46418255997
302.46418255997
302.46418255997
303.459141617063
299.47931042676
299.479310426509
303.459141617063
303.459141617063
303.459141617063
303.459141617063
303.459141617063
303.459141617063
302.46418255997
303.459141617063
303.459141617063
302.46418255997
300.474269483602
303.459141617063
303.459141617063
303.459141617063
302.46418255997
302.464182559972
303.459141617063
303.459141617063
302.46418255997
303.459141617063
303.459141617063
303.459141617063
299.479310426509
303.459141617063
302.46418255997
