632.623124896482
636.839736851161
635.066952098741
641.262542841198
639.538998505318
647.489153511738
622.901400010118
623.189811437256
638.29078969273
636.812527284869
645.206663301566
639.876196119054
639.573588784319
643.805369414501
643.193165643083
639.573588784319
641.262542841198
639.573588784319
628.857476233504
635.123573227989
645.543860915302
635.123573227989
639.573588784319
635.123573227989
617.23373521387
624.350839547926
639.529706079164
645.206663301566
643.805369414501
633.83000461218
638.29078969273
633.544949272898
590.783813677735
646.360382107824
633.089256863686
647.489153511738
627.001323507192
638.569843070315
647.489153511738
638.29078969273
624.832585858973
653.156818307986
628.162339815932
629.399287302494
639.573588784319
633.964251128527
653.156818307986
639.573588784319
629.455908431742
647.719617973888
639.573588784319
