34.8234863022836
34.8234863022836
34.8234863022836
34.8234863022836
34.8234863022836
34.8234863022836
34.8234863022836
34.8234863022836
34.8234863022836
34.8234863022836
34.8234863022836
34.8234863022836
34.8234863022836
34.8234863022836
34.8234863022836
34.8234863022836
34.8234863022836
34.8234863022836
31.8386141688229
35.8184453593769
34.8234863022836
34.8234863022836
34.8234863022836
34.8234863022836
34.8234863022836
34.8234863022836
34.8234863022836
34.8234863022836
34.8234863022836
34.8234863022836
34.8234863022836
34.8234863022836
34.8234863022836
34.8234863022836
34.8234863022836
34.8234863022836
34.8234863022836
34.8234863022836
34.8234863022836
34.8234863022836
34.8234863022836
34.8234863022836
34.8234863022836
34.8234863022836
34.8234863022836
34.8234863022836
34.8234863022836
34.8234863022836
34.8234863022836
34.8234863022836
34.8234863022836
