878.862367767783
866.112367354191
883.22577111267
883.22577111267
870.475770699078
866.112367354191
866.112367354191
870.475770699078
878.862367767783
876.498780198983
866.112367354191
883.22577111267
883.22577111267
880.862183543871
866.112367354191
883.22577111267
870.475770699078
878.862367767783
878.862367767783
870.475770699078
870.475770699078
870.475770699078
866.112367354191
878.862367767783
870.475770699078
870.475770699079
870.475770699079
870.475770699079
866.112367354191
866.112367354191
870.475770699078
878.862367767783
876.498780198983
854.112390080781
883.22577111267
887.589174457558
874.498964422895
883.22577111267
870.475770699078
883.22577111267
883.22577111267
866.112367354191
883.22577111267
870.475770699078
883.22577111267
854.112390080781
883.22577111267
870.475770699078
866.112367354191
870.475770699079
870.475770699078
