2138.50072553095
2079.25953396858
2039.7075122401
2039.7075122401
2178.05274725943
2178.05274725943
2138.50072553095
2138.50072553095
2217.60476898792
2177.96086874472
2079.25953396858
2178.05274725943
2138.50072553095
1842.25808474743
1980.46632067774
2277.06557171045
2217.37589138418
2217.37589138418
2178.05274725943
2178.05274725943
2118.81155569707
2079.25953396858
2138.50072553095
2178.05274725943
2138.50072553095
2039.7075122401
2198.19040585722
2178.05274725943
2198.19040585722
2198.19040585722
2218.328064455
2138.50072553095
2138.50072553095
2355.72112640351
2039.7075122401
2178.05274725943
2158.63838412873
2138.50072553095
2138.50072553095
2178.05274725943
2217.60476898792
2178.05274725943
2138.50072553095
2138.50072553095
2138.50072553095
2355.72112640351
2178.05274725943
2079.25953396858
2059.98216992691
2138.50072553095
2020.01834240622
