4651.87216925344
4711.74864000726
4711.74860937586
4711.74863476262
4651.87208291809
4651.87213294199
4532.0466481411
4711.74859391614
4651.87219536955
4651.87213520582
4711.74862486952
4711.74863762625
4651.87217414923
4651.8721243826
4711.74862176414
4711.74863118195
4711.74863804708
4651.87207642538
4711.74859656461
4651.87214278647
4651.87211457541
4711.74876878951
4711.74861920805
4651.87214251806
4711.7485810469
4711.74857973473
4711.74857937776
4651.87215038667
4711.74861422306
4651.87210513322
4711.748633668
4711.74868621682
4711.74863269491
4651.87210066635
4651.87214819619
4651.87214487949
4711.7485979076
4297.01265371383
4651.87211401297
4651.87215645115
4711.74861235615
4651.87210727219
4651.87212004525
4651.8721035671
4651.87208888158
4651.87210908279
4711.74857046441
4711.74860245453
4711.74862464036
4711.74863690113
4651.87211254226
