21.6105905170782
16.6358812391857
54.7222361167319
23.8789061735697
16.9142636225952
30.8434722392828
14.6459479661037
32.5551048349328
64.671546057893
28.8536762245026
21.889033673528
16.6358812391857
14.9243505462277
54.7222361167319
40.5147064430005
61.4084542167548
29.5702327014719
57.706594022927
9.6711779151708
59.4184955262424
31.8384875849231
43.7776543139048
19.8991205971606
42.7828848411903
91.5334174653906
43.777654313905
65.6662564040353
45.7675522313771
22.8839927306215
25.5904217076322
46.7625112884703
38.8031144236766
24.8738652306631
30.8434722392828
21.8889930972023
33.8283241760294
17.6308200995645
34.8234053325289
22.6055495741714
28.8536762245026
50.742527025584
19.8990749830157
36.5348139260805
24.8738652306631
17.909161906648
18.9041209637414
34.8232832331225
54.7217420861807
38.8031144236766
19.8990749830157
21.889033673528
