555.641108654266
458.456838676957
118.646477599083
480.284422322015
228.312624474748
593.74165696067
355.556048305525
813.804746896299
336.877542006343
238.601875305302
337.085684990988
129.611289698612
238.60187537903
118.646477599083
301.0054115226
118.854620583729
414.753191357601
338.709582248339
414.545048372956
430.964640363797
632.98425576486
355.347905320879
238.393740183166
118.438334614438
119.737872615769
118.646477599083
238.393735745321
558.564543912948
118.646477599083
238.81001862489
675.596505630908
338.709582248339
632.385398022368
118.854620583729
480.076279337369
236.876669228876
339.800977265025
238.601875239393
480.284422322015
632.385398022368
238.810021956848
338.709582248339
118.646477599083
238.393735278122
513.546404648449
458.456834475326
129.611289698612
335.786146989657
129.819432683258
593.949785470441
118.438334614438
