460.286925973894
667.568487160217
666.402994009359
666.376360086566
664.384549476662
668.152944396543
359.399684355622
717.792505180167
667.145889264248
669.372983039856
718.897829651013
718.713960254453
711.520536361577
129.182554960241
665.043625041705
537.046084568113
718.048835733446
664.467568889648
704.131950769144
664.338898694813
664.11113631273
360.504443808575
135.331671980746
668.283099524498
674.762178283291
666.270850171883
668.507784777022
664.967734877868
718.017029057693
537.023170873776
188.719562153448
665.285882262602
701.207651832145
666.752718256848
716.50232953812
596.189310140039
665.002473507009
664.518194948349
667.695275113974
666.364164202173
719.320165547188
664.347632880942
665.308770849116
668.051194530016
718.132277182523
665.814528069848
241.829919542219
201.507624659124
177.217239283203
719.511846754672
664.66586266552
