252.679327633819
172.63774423714
102.331964599952
156.00719418182
265.287240923277
141.360749167525
217.346175153121
120.737747805941
161.71820369527
130.016381513515
155.755107941993
144.734300479342
198.69502548746
150.622678935459
128.105238574672
107.590940909144
217.19793267802
123.101593375307
127.698502037459
154.809016290879
174.529002205727
124.915025741979
118.025746375757
215.099620822667
144.871140329523
118.69086988462
190.273033552095
127.171348476944
207.680451087482
104.842268987517
202.838896062355
120.076990513863
112.797107212559
151.491141137232
153.021304784809
215.028179482044
127.830788062637
122.612103026489
141.36501243708
207.381908130947
247.10218517173
121.149212305173
160.484915459634
120.6702536789
192.722738636392
162.741468639981
143.945719937131
188.490921680254
151.933047289975
144.596237313332
121.105298753023
