443.175252176529
443.175051106594
443.174728204846
443.173173136036
443.173331469538
443.175208100343
443.174877124491
443.173818087109
443.174112166492
443.174765505933
443.174729341507
443.175752103739
443.174914345451
443.174346584881
443.17339806756
443.174391796638
443.175366195354
443.173877387115
443.174711885124
443.173408693017
443.175059206961
443.174908447599
443.17452098133
443.174901408873
443.175759905776
443.173658310697
443.173257468578
443.173399685577
443.174554507423
443.174951926994
443.173671450243
443.172829134562
443.173740377516
443.173878248286
443.17472720337
443.175258627683
443.173635328572
443.174561172984
443.174382562448
443.173207030067
443.174340296101
443.174900794878
443.173656262993
443.173282427739
443.174713032545
443.174893417803
443.173914953178
443.175084132492
443.173110280651
443.1743415832
443.17570917772
