2388.05583246227
2388.05583246227
2388.05583246227
2388.05583246227
2388.05583246227
2388.05583246227
2388.05583246227
2388.05583246227
2388.20104127278
2388.05583246227
2388.05583246227
2388.05583246227
2388.05583246227
2388.05583246227
2388.05583246227
2021.88819025023
2388.05583246227
2388.05583246227
2388.05583246227
2388.05583246227
2333.04133661105
200
2388.05583246227
2284.01353273811
2388.05583246227
2388.05583246227
2388.05583246227
2388.05583246227
2388.05583246227
2333.04133661105
2029.04997246184
2388.05583246227
2388.20104127278
2388.05583246227
2388.05583246227
2333.04133661105
2166.37412022173
2388.05583246227
2388.20104127278
2388.05583246226
2388.05583246227
2333.04133661105
2388.05583246227
2388.05583246227
2388.05583246227
2388.05583246227
2388.05583246227
2388.05583246227
2388.20104127278
2388.05583246227
2166.19019031672
