736.938908940656
772.701312762539
682.355231557656
682.355231557656
752.302485308756
736.938908940657
736.938908940657
708.900259363594
708.900259363594
556.468657198863
556.468657222822
772.70131276254
526.30477840639
560.427015797303
708.900259363594
736.938908940656
535.523079022264
682.355231557656
682.355231557656
575.604359524088
708.900259363594
736.938908940656
682.355231557656
556.468657287409
752.302485308756
550.350973819561
708.900259363594
682.355231557656
514.988365797506
736.938908940657
736.938908940657
708.900259363594
736.938908940656
736.938908940656
587.375240006427
756.695633420065
643.567146631513
752.302485308756
575.604359436165
682.355231557656
736.938908940656
736.938908940656
708.900259363594
682.355231557656
512.328688774561
772.701312762539
524.698126720515
772.701312762539
488.497535284248
736.938908940656
700.360925381616
