219.880487734319
212.915845183345
207.949345294698
212.915845183345
217.890615234277
212.915845183345
217.890615234277
212.915845183345
219.880487734319
212.915845183345
204.957387888122
219.880487734319
212.915845183345
212.915845183345
217.890615234277
219.880487734319
223.860114181599
223.860114181599
219.880487734319
219.880487734319
223.860114181599
212.915845183345
219.880487734319
223.860114181599
212.915845183345
223.860114181599
212.915845183345
230.824756732574
207.941075132412
214.905717683386
212.915845183345
223.860114181599
212.915845183345
212.915845183345
212.915845183345
212.915845183345
228.834884232532
217.890615234277
223.860114181599
223.860114181599
212.915845183345
223.860114181599
223.860114181599
219.880487734319
212.915845183345
219.880487734319
212.915845183345
212.915845183345
212.915845183345
217.890615234277
219.880487734319
