634.772842340838
604.925599018953
715.361740450555
691.483855426338
786.993856748491
685.51449712867
547.22037126433
628.804178349842
722.766287771974
611.890410404266
599.951926399428
691.483855426338
722.32638300153
691.483855426338
645.717111339093
648.70261125581
650.692190874017
608.904840643552
668.601254655427
604.925908502944
646.712949249418
628.803158846957
685.51449712867
705.413140528287
684.339524092515
715.361740450555
519.361776196327
620.844947552132
638.752468788118
615.869157998314
581.047638656047
722.32638300153
602.935157149671
604.925029649712
657.656833424992
634.772842340838
665.615853729052
723.320760754615
648.70261125581
635.767801397932
714.365823344415
628.803158846957
702.427739601912
681.53525550407
668.601254655427
695.463097050937
685.51449712867
621.839150976187
691.483855426338
631.789286394384
627.808199789864
