876.539345775734
866.591531741272
825.801626765061
835.749040075016
841.719525936868
846.695147698691
853.657998359178
830.776026005636
849.67828926803
832.765898505678
867.587247552191
858.632768410111
858.632768410111
858.632768410111
828.78618941453
853.657998359178
823.811419363597
825.801255954703
843.709105555076
801.922939372873
854.653911029853
866.592308691812
858.632768410111
862.612477501258
837.74066855661
843.708560160004
840.723810125949
862.612477501258
837.740668556611
828.78618941453
849.67828926803
809.883049023815
838.735627613704
858.632768410111
837.740668556611
828.78618941453
849.67828926803
837.74066855661
817.842235650643
862.612477501258
819.831897657034
849.67828926803
818.837113184656
813.862526559495
858.632768410111
849.67828926803
858.632768410111
861.616761690339
846.695147698691
823.811419363597
853.657998359178
