41.3232031892057
38.4893040065492
24.8603929859237
38.4657156498574
38.2055616804701
33.286334234341
25.7360358356516
32.7190033081979
37.209036185172
26.7767357923854
38.6894624916424
34.3302930463551
28.8472922182309
26.2749701000741
34.0815470530777
40.0869467277207
22.4536754717965
39.1365683631595
28.7783859329511
183.296920060146
20.9091025741609
31.4002676674718
23.7604932614859
29.2235419926737
34.5717319490159
26.4282574767192
26.4228315759105
38.9009105533967
21.8749691942844
32.5794234250416
37.5919580712432
31.7540816634387
33.4179317574683
37.1815349293777
33.2027247293322
30.8881388999016
22.9315693935455
27.2479672959405
31.0829982154037
31.0475250434681
31.3272975169873
28.7960057426562
36.8112493006147
34.8568342502692
37.1615648113373
44.9168894912605
37.3143291280917
30.3869942037695
36.4937452977019
38.7770111448569
29.5666918968036
