8920.10090546908
8801.21980998717
8699.20469130528
8801.2188777005
8818.99760187192
8663.23992921843
8641.71085969206
8544.36751145174
9018.27927136434
8699.20466131192
8819.1602016504
8406.38615095651
9117.22175383782
8761.50537417072
8584.21712532299
8819.16032318439
8464.04437514256
8997.26174211263
9077.60014585753
8939.77190978432
8801.14045226843
8878.71348662297
8761.66787480153
8246.73979224447
8761.66956480998
8641.71167970445
8641.49176989654
8641.49184423162
8917.95366741668
9018.35930154261
8699.04168612944
8446.10021902924
8481.90202287183
9174.71009382986
8641.54801809909
8722.40985333989
8801.3572726329
8521.53629786418
8521.37329710141
8741.06496431027
8704.17354609961
8584.21756710095
8978.80762093778
8819.16029877941
8681.26440913499
9036.30003827078
8641.54992624137
8366.69765767673
8704.01167783813
9214.40110423431
9036.30053124546
