4990.88145053684
4637.46769832501
5030.43347254355
4580.9512594436
4637.46769826156
4990.88145072147
4990.88145121425
4637.46769910356
4580.95126370354
4755.97676412159
4773.74178211925
4990.88145073553
4990.88145098317
4773.74178138954
4637.46769890535
4990.88145096703
4637.46769854697
4990.88145204206
4990.88145160506
4990.88145206129
4990.88145094384
4990.88145077981
4990.88145080167
4773.74178239578
5030.43347266082
4499.25946252617
4637.48851743096
4990.8814512383
4990.88145091646
4637.46769811285
4990.88145072071
4773.74178140341
4420.32803041962
4990.88145233514
4580.95130001616
4990.88145106092
4637.46769865946
4677.01972080457
4990.88145154114
4990.88145139071
4773.74178199066
5030.43347268181
5030.43347263522
4677.01972019191
4990.88145114741
5030.43347275518
4990.88145079061
4990.88145072585
4420.32802928873
4717.22535224884
4773.74178218654
