0.0137451260318358
0.0107052005419064
0.00332343584591399
0.00611235060296167
0.0131763409513042
0.0122792198469597
0.00923089510320096
0.00368476541143536
0.0158001126935687
0.0116433044665882
0.019845087353815
0.00896276960975229
0.0114792476849743
0.0118559935294797
0.00288321652487866
0.0116166303484988
0.00974614389951967
0.0102450772265001
0.00828699245766984
0.00762065036133208
0.00608552196558776
0.0193253458976415
0.00990890329239846
0.019838722013219
0.0131759682631127
0.020728105515218
0.0113790178052113
0.00711953942436594
0.0101821004611793
0.0119827497946972
0.00818619899632722
0.0114452481525404
0.0082099828985065
0.0159599258422531
0.0071357032134074
0.0111198500731007
0.00604014740906678
0.00646580565626209
0.00613286067004992
0.0146430052955111
0.0142952219350718
0.0163981540079021
0.00714394367423665
0.00783718626917107
0.0145135447235134
0.00912731664857347
0.00769869429723258
0.0118893196213321
0.0153194320162129
0.00805794503185098
0.0132595377676807
