408.664741543374
418.189247717103
398.138526692256
395.237701936142
403.884301197407
399.321156489754
399.094628456205
395.248156376555
405.634068079213
416.411287259638
370.707356035833
408.351509956155
401.284278077625
397.273156809645
383.191058553532
400.889782897746
408.120263475481
387.172150255249
380.132360421253
384.549999818506
413.502985407727
405.523340855512
376.795288554131
386.326251944406
384.193945713159
382.990654698732
400.877177443448
400.106780198838
385.555871767818
421.800038257376
409.498650084697
403.141370657674
405.392556197566
383.549549811239
397.732890862306
394.344907370667
393.947898133988
399.51821963397
409.163980189415
403.412932900802
422.996008943892
401.563535708291
391.3169958866
417.591938355667
392.749994091765
368.743530180071
408.595908378303
397.405450944389
400.395570979305
380.340749293463
400.385670722098
