13681.8156932857
13677.9553956928
14081.1267720546
14029.2365005747
13733.6660689184
14038.3108900578
13879.766479739
13262.7530228504
13692.6480747284
13734.3569844754
13692.6480304632
13681.8152117781
13578.8352161181
13677.9558069967
13692.649069333
13891.2280467392
13937.2906900805
13969.6593426226
13986.2779651922
13681.8154205815
13692.6476497136
13692.6477297716
13681.8158869034
13634.0497944824
13724.1905906353
13717.9261801152
13668.2942089932
13674.7240673481
13634.0493476514
13677.9559836265
13592.3409865333
13677.955038784
13879.7656250897
13931.9914178065
13578.8340576808
13685.3541411205
13993.3487620688
13677.9557342842
13677.9547249568
14129.2212830815
13668.2940625629
13976.6821743944
13369.7477918395
13990.9043838288
13593.6818867525
13668.2942061547
13744.9931370124
13920.4878125775
13415.3903349137
13573.5315531187
13681.8166827182
