2452.33819437403
2452.33819510752
2270.12510566442
2001.70169027811
2452.33819653653
1993.86646812327
2269.13657223195
2000.85979449547
1993.86646812327
2053.03615864207
2001.70169022794
1993.86646812327
2001.70169041606
2001.70169037809
1993.86646812327
2001.70169033334
2102.83034059659
2001.70169036248
2452.33819390786
2000.85979449788
1993.86646812327
2001.70169047329
2001.70169028685
2269.13657223195
2452.33819506456
2000.85979451218
2452.3381947392
2513.62064862228
2001.70169043647
2000.85979449872
2000.85979450087
2053.03615864657
2000.85979449709
2452.33819435102
2001.70169044291
1993.86646812327
2452.33819554683
2000.85979450146
2452.33819536432
2053.03615864889
2452.33819582345
2000.85979450184
1993.86646812327
2001.70169023069
1993.86646812327
2452.33819651119
2452.33819506016
1993.86646812327
2000.85979449217
1993.86646812327
2452.33819344612
