6947.36143599337
7224.81451238198
6815.97139715637
7247.19511319789
7224.8144815561
7551.2705397446
7393.82815873711
7224.81447602891
7242.6492372124
6817.45482417413
7133.46015362263
6686.80579693531
6731.06700039461
7075.01372055141
6750.88230803484
7771.52291440782
7224.81459613927
6990.57654501613
7121.56318646556
7359.21464317046
7310.72212396225
7090.51403473401
7319.1494516825
7088.03522447759
7224.81448384541
6924.65950285541
7186.69130654702
6929.04765691168
6690.94728007497
6942.32831008467
6940.66938117427
7124.93093142702
7186.18992988856
7284.07823145465
6724.11043471586
7105.23170332423
6929.04761990989
7795.66078858829
7310.72216790169
7560.5163933252
7090.51403035349
6678.15056835259
7310.72209632722
7359.21462748214
7102.61926649773
6899.5247513555
7150.85211360256
7301.19411579298
7052.8686528403
6597.03355628611
7248.52937288458
