679.79311130979
685.765046301674
681.183898232171
673.358602103877
700.025688558315
673.457999640363
670.641949216455
746.236452290823
684.650841626058
697.18354668467
671.427617295206
683.263458104024
667.354900072875
686.917154995085
746.247229161525
671.392745497573
678.335863552663
679.772807823106
694.056211545414
678.327865379795
673.314772933475
681.42704023589
687.566521261001
696.495895107217
686.889583059459
684.530348284831
670.355666795684
685.749675645438
685.755484717015
676.337369662047
736.588206047453
697.503893265263
667.604432491887
678.338543509769
686.497336396587
694.076746093536
694.025896742847
700.244577935538
670.660033574473
678.32959068524
701.448560957552
684.514436581741
678.280882571148
678.347597800476
682.988807363618
674.75129060199
701.952258516675
686.899192348971
694.059098960914
701.851471402681
678.375946223688
