281.888948112728
279.068752173228
287.17744908363
281.876338701007
269.773988802049
269.736825507865
287.296420773627
287.17744908363
281.857481765701
287.17744908363
269.74456802767
287.17744908363
269.840988953647
281.850984823629
287.17744908363
280.380609246162
275.947972913501
269.746386520869
281.056697140586
287.185470656178
284.921904019465
287.17744908363
269.736825507865
287.177449083631
277.446526923406
287.17744908363
281.860378974907
281.844809223728
287.17744908363
287.177449083631
269.7999841322
284.921904019465
260.048807684634
287.230363262212
258.534237284236
281.864019302436
287.17744908363
287.17744908363
269.733413521602
269.769076107259
287.177449083631
279.053777509581
284.921904019465
269.746386520869
281.404407873124
275.93372093937
287.17744908363
287.17744908363
287.296425688811
269.770478378362
287.17744908363
