437.746455383281
437.78120536184
437.783035918707
437.802884979153
440.576329232028
444.359228110578
440.635742644559
441.823323123591
437.892941146542
442.57624720911
437.798561668907
437.780551994862
437.798971750693
441.217154243006
437.838238564927
441.469637117445
437.819349982528
444.654595615411
437.789614427429
441.178578750959
442.01747319869
437.820288451398
437.71816227132
441.518358389483
437.719935582233
437.788636703946
444.258936323472
437.771440874822
441.282187067336
444.6545127699
441.514722858644
437.815091379711
444.766735029569
437.770795456518
444.591902136551
437.818912673239
444.639306006268
442.481272078503
444.705986235642
437.78160293218
444.624656483785
444.786476280673
444.788262707942
444.778071616858
444.702348591872
444.668298149737
444.627743868792
444.878166802913
437.762490907666
444.615958220314
437.935955730464
