4856.82994560149
4304.34827111353
4608.94694439947
4727.70689583567
4864.02395259395
4236.76601697092
4784.84278751118
4688.32041870492
4243.66638062419
4566.24863255007
4562.95588292288
4829.25405951916
4294.11171610368
4338.18029857887
4378.79440566918
4772.54947529477
5053.705935486
5054.35739703977
4617.47877395708
4508.7424577014
4378.62732237491
4822.40796723121
4451.94026510325
4734.09913847266
4994.51989156636
4858.02402118423
4778.42999771919
5042.35934592438
4566.44646778534
4305.62656528991
5084.6579662612
4696.21471354491
4642.3386106156
4690.92798207609
5051.15172103032
4554.8345842303
4885.87152680666
4707.77036435867
4290.63417944857
4294.87792055609
4699.24658519981
3976.86725959899
4759.78706145232
5017.44463808281
4813.29675508858
4471.33510345162
4986.22824779213
4463.64568146308
4028.7796164164
4672.25523875752
4704.17954364337
