0
0
1.22659912449308e-07
0
0
1.22659912449308e-07
1.22659912449308e-07
1.22659912449308e-07
1.22659912449308e-07
1.22659912449308e-07
1.22659912449308e-07
1.22659912449308e-07
0
1.22659912449308e-07
0
0
1.22659912449308e-07
1.22659912449308e-07
1.22659912449308e-07
1.22659912449308e-07
1.22659912449308e-07
0
1.22659912449308e-07
0
0
0
0
1.22659912449308e-07
0
0
0
0
1.22659912449308e-07
1.22659912449308e-07
0
1.22659912449308e-07
0
1.22659912449308e-07
1.22659912449308e-07
0
0
0
1.22659912449308e-07
0
0
1.22659912449308e-07
1.22659912449308e-07
1.22659912449308e-07
0
0
0
