7.00465534464456e-08
1.25907718029339e-07
9.32645889406558e-08
7.54879465603153e-08
1.08769654616481e-07
1.43483816827938e-07
6.59445049677743e-08
1.15984107651457e-07
8.16402234704583e-08
1.60712147589948e-07
9.55834593696636e-08
6.86889052303741e-08
9.13516942091519e-08
1.01823275144852e-07
7.95200776337879e-08
1.06786501419265e-07
8.26231598693994e-08
9.9760654848069e-08
1.2383338798827e-07
9.326288363809e-08
8.83452457856038e-08
5.58003421247122e-08
6.99228621670045e-08
9.74802105702111e-08
1.0466555977473e-07
7.28585973774898e-08
1.1006454769813e-07
9.96526523522334e-08
1.08006929622206e-07
1.42931185109774e-07
1.03521870187251e-07
1.27479552247678e-07
1.76304070009792e-07
1.0682913398341e-07
1.0896030744334e-07
7.54716893425211e-08
1.19142896437552e-07
1.08862877823412e-07
9.11793449631659e-08
9.22381104828673e-08
7.92017544881674e-08
8.39544327391195e-08
8.88195472725783e-08
1.05737512967607e-07
6.94748223395436e-08
9.42326323638554e-08
8.11635345598916e-08
5.24072447660728e-08
8.5856072473689e-08
7.69209691497963e-08
9.70940163824707e-08
