9.81242280401864
9.81242278793297
0
9.81242285738927
9.81242280031745
9.8124228229259
9.81242282792323
9.81242280626589
9.81242281141033
9.81242284490168
9.81242279599621
9.81242281176799
0
9.81242288649901
0
0
9.81242283041672
9.81242279829723
9.81242282218648
9.81242280221647
9.8124228126286
0
0
0
0
9.81242279858873
9.81242282578035
9.81242278604998
9.81242278274556
9.81242280265303
9.81242281104426
0
0
9.81242289213048
9.81242282822927
0
9.8124228481488
9.81242280132403
0
9.81242280464278
9.81242280621518
9.81242280997276
9.8124228243347
0
0
9.81242283058054
9.81242283025404
9.8124227851913
9.8124228259536
9.81242280216941
0
