43.4473315350275
43.44733153503
43.4473315350169
43.4473315349954
43.4473315350361
43.447331535017
43.4473315350245
43.4473315350064
43.4473315350147
43.447331535021
43.4473315350289
43.4473315350239
43.4473315350021
43.4473315350202
43.4473315350127
43.4473315350107
43.447331535027
43.4473315350338
43.4473315350052
43.4473315350078
43.447331535035
43.4473315350158
43.4473315350086
43.4473315350186
43.447331535017
43.447331535006
43.4473315350263
43.4473315350322
43.4473315349987
43.4473315350102
43.447331535009
43.4473315350614
43.4473315350169
43.4473315350318
43.4473315350174
43.4473315350472
43.4473315350023
43.4473315350425
43.447331535012
43.4473315350042
43.4473315350314
43.4473315350237
43.4473315350127
43.4473315349985
43.4473315350054
43.4473315350098
43.4473315350127
43.4473315350215
43.4473315350178
43.447331535011
43.4473315350112
