0.140819542070858
0.246482916723949
0.42471407701214
0.611002577189993
0.24853323435957
0.476830019839895
1.38369792272999
0.958984717509907
0.748719418211863
1.05634112352982
1.24796313490333
1.42913763844808
0.260480562179623
0.59453987525751
0.865275025893197
0.783707753001295
0.75500829909106
0.961726874281908
0.646268131139095
0.238878852847051
0.57018660704091
0.847545851278142
0.209698175686299
0.532148889386804
0.262254805071279
0.984250855054938
1.58928146929657
0.513919073802072
0.303405994229479
0.201894043638504
0.931712298049206
0.680048086193096
0.141161886058626
2.16556775739764
2.27659352069372
1.95264764616979
1.03484168260218
0.729618648603491
0.438950849844559
0.116276050817305
0.289431196656324
1.02398370950084
0.710314323380885
0.742671861017811
0.767494565329571
0.345131163066526
0.748016143680957
0.128456984347167
0.928790416282595
1.25084491175153
0.327356639577943
