1.13686837721616e-13
0.393234449386227
0.486720392044049
0.00581352618939945
0.101150695924616
0.06720699287564
1.13686837721616e-13
0.0549626867451707
0.0792872773523641
0.110054159623019
1.13686837721616e-13
0.202977164009553
0.124384280098297
1.13686837721616e-13
0.0652220516772104
0.0492303754421073
1.13686837721616e-13
1.13686837721616e-13
0.500926410765828
1.13686837721616e-13
0.02417067851718
0.0242222477488667
0.0232790302490002
0.492675778077
0.141270809286311
0.0836184502493325
0.256794452889153
1.13686837721616e-13
0.564880174502832
0.310222416825809
1.13686837721616e-13
0.124005740663165
0.240528698784942
1.13686837721616e-13
0.0717639570415258
0.0692814035769516
0.00259645010112308
1.13686837721616e-13
1.13686837721616e-13
0.000299512751666953
0.0398098365915303
1.13686837721616e-13
1.13686837721616e-13
0.00291821273788173
0.131463166718504
0.043081049018042
0.25505208849188
0.0714568565434774
1.13686837721616e-13
1.13686837721616e-13
0.196343691417837
