21.1947764512887
21.2014759291565
21.2319433428125
21.2055086164809
21.1991784267307
21.1579833627416
21.1862980500139
21.2195475109818
21.2038460961735
21.1499354007065
21.1750133741901
21.1989048734953
21.2056374459692
21.1405706984057
21.1903818806752
21.2105366150736
21.0863589455656
21.1798334393447
21.231117973444
21.154023688287
21.2050426937923
21.1433308231577
21.2011157972557
21.196917313006
21.1658762346391
21.2052438651332
21.119202148065
21.1635114193625
21.1819312743189
21.1660459773688
21.2046792029041
21.1897109175748
21.1685035995944
21.1683642524436
21.2234265426358
21.2073422573077
21.1820092996487
21.1932026916924
21.2489607490922
21.1932971972952
21.1846516198145
21.1934755610719
21.1788788319502
21.2119259457646
21.1768425934149
21.1782980821687
21.2161641441863
21.1344325918623
21.1919463794344
21.1981209353308
21.2367768999732
