40.7961405656883
43.2405169169733
39.2436870013071
36.5256288063241
43.6381527459182
41.0834745781008
40.8864809939483
43.1249127966519
45.5321705245478
42.1598180343182
42.3062776928241
40.9130747216904
39.7353074564558
37.205654519949
38.3219575488424
45.3551356252069
37.260047880535
40.7509528644546
40.5772811418541
42.4827424815455
40.7509568283303
44.0657218741468
41.0247731912389
40.3593645620474
41.6808695005079
41.9168522125981
43.4151322837422
40.7516055659953
39.1097893135877
42.1514595463181
40.254420066115
43.2913153444503
39.0011023913627
45.2420127406813
42.8982277706911
43.0796292926196
41.2471467301818
40.6173702882165
45.0960038236424
41.7307562528682
41.0533589240592
40.685562647262
40.5876376051438
42.1150454448505
45.3259610400225
38.6593000822591
42.6110766538818
38.5941572840948
39.3794499576471
40.1442334101049
41.834082405507
