534.082049682987,53.148464344639,1011.96347155999,4.24897266076846,1.87868555576779,84.2936140614195,2.38450674572027,141.503512934803,152.157617921022,97.7592191722356,50.2947413723334,40.5111406599749,2.01776154616618,1.40400256405246,14.1718237727225,315.045228640765,269.027754105792,2.22381934309897,48.2743136172141,2.75854613593265,3.43150320392942,10.7300696943701,10.0158623134041,3.72206282965362,10.8162633149648,2.8796259986575,1.74407171490247,22.160104057712,2.07780517083734,153.305394650235,1.28342628615269,572.816653510096,24.9408492977916,9.05509488388157,3.7798504344355,24.813749078832,46.8601382205231,1.82714187341071,2.7322580460791,3.42907992793039,384.426492633402,1.61355161629717,0.769333560245514,1.30293821175064,116.43622268686,112.578392820995,1.19588282644895,175.32174710915,1.49546729008534,5.77020997072896,3.66254480746375
0.847706234431143,0.00703182922211454,1.00158520165905,0.000241805245650539,3.61183549557609e-05,0.0177383065456524,9.54712118073076e-06,0.0553483440755826,0.0681104731636424,0.0319572097325818,0.0528163227513687,0.00404372388629781,7.01819974437967e-05,3.56567370545235e-05,0.00250995267379039,1.29743096549328,0.972210671433686,2.17663177863869e-05,0.033679560434166,4.62562275060918e-06,5.31638734173612e-05,0.000369427347095552,9.7465390808793e-05,3.04324612443452e-05,0.000149827520317558,3.64664842891216e-05,2.54588917414367e-05,0.00390624748411028,6.21567976395454e-05,0.0590833400435713,1.22525855204003e-05,3.77719849055529,0.00398342977655375,0.000695339436788345,0.000232358937182653,0.00269854261978253,0.0647585256319871,2.9667640774278e-05,6.92668043029698e-05,3.92826639199484e-05,0.417995270698611,4.15175577472837e-05,7.69038365433516e-06,1.42110100114223e-05,0.0978445079363155,0.0107788941772924,9.15837381398887e-06,0.208864111571984,4.04213367346529e-05,0.000137848142458097,0.000456526200878216
0.00169692223244056,2.7635824153549e-06,0.000478220409149799,4.93309926241636e-09,1.14027898234781e-09,3.76210748527228e-05,1.02090780274011e-10,0.000195442982203531,0.000106469807633403,4.78843298878928e-05,8.25188089947915e-06,1.296174559684e-06,1.40403244586196e-09,4.72482497571036e-10,3.08920789393596e-07,0.00362673434210592,0.00191633391773394,1.83035808731802e-10,2.84126667793316e-06,5.11590769747272e-11,7.98536348156631e-10,1.11142526293406e-08,6.32780938758515e-09,2.94903657049872e-10,3.28930127579952e-08,5.26142684975639e-10,1.55978341354057e-10,1.70680323208217e-07,3.45380612998269e-10,3.68738647011924e-05,3.46062734024599e-10,0.00239301905980938,2.59181433648337e-07,6.06210051046219e-08,1.49332208820852e-08,6.54285940981936e-08,6.93566712470783e-05,1.18416210170835e-09,7.12589098839089e-10,1.29148247651756e-10,0.000955710926973552,5.94582161284052e-10,2.3919710656628e-10,8.48785930429585e-10,4.75857996207196e-05,1.93231926459703e-06,7.29869498172775e-11,0.000286971914647438,1.69302438735031e-09,5.55905899091158e-09,2.48337528319098e-08
5.1368260756135e-09,2.27373675443232e-13,1.26465238281526e-09,0,0,2.50111042987555e-12,0,1.63254298968241e-10,1.36424205265939e-10,2.00088834390044e-11,1.02318153949454e-11,0,0,0,0,1.6960484572337e-08,4.38649294665083e-09,0,4.54747350886464e-13,0,0,0,0,0,0,0,0,0,0,1.20508047984913e-11,0,6.36896402284037e-09,0,0,0,0,1.18234311230481e-11,0,0,0,9.48602973949164e-10,0,0,0,2.04636307898909e-11,2.27373675443232e-13,0,7.73070496506989e-10,0,0,0
0,0,0,0,0,0,0,0,0,0,0,0,0,0,0,0,0,0,0,0,0,0,0,0,0,0,0,0,0,0,0,0,0,0,0,0,0,0,0,0,0,0,0,0,0,0,0,0,0,0,0
0,0,0,0,0,0,0,0,0,0,0,0,0,0,0,0,0,0,0,0,0,0,0,0,0,0,0,0,0,0,0,0,0,0,0,0,0,0,0,0,0,0,0,0,0,0,0,0,0,0,0
0,0,0,0,0,0,0,0,0,0,0,0,0,0,0,0,0,0,0,0,0,0,0,0,0,0,0,0,0,0,0,0,0,0,0,0,0,0,0,0,0,0,0,0,0,0,0,0,0,0,0
0,0,0,0,0,0,0,0,0,0,0,0,0,0,0,0,0,0,0,0,0,0,0,0,0,0,0,0,0,0,0,0,0,0,0,0,0,0,0,0,0,0,0,0,0,0,0,0,0,0,0
0,0,0,0,0,0,0,0,0,0,0,0,0,0,0,0,0,0,0,0,0,0,0,0,0,0,0,0,0,0,0,0,0,0,0,0,0,0,0,0,0,0,0,0,0,0,0,0,0,0,0
0,0,0,0,0,0,0,0,0,0,0,0,0,0,0,0,0,0,0,0,0,0,0,0,0,0,0,0,0,0,0,0,0,0,0,0,0,0,0,0,0,0,0,0,0,0,0,0,0,0,0
0,0,0,0,0,0,0,0,0,0,0,0,0,0,0,0,0,0,0,0,0,0,0,0,0,0,0,0,0,0,0,0,0,0,0,0,0,0,0,0,0,0,0,0,0,0,0,0,0,0,0
0,0,0,0,0,0,0,0,0,0,0,0,0,0,0,0,0,0,0,0,0,0,0,0,0,0,0,0,0,0,0,0,0,0,0,0,0,0,0,0,0,0,0,0,0,0,0,0,0,0,0
0,0,0,0,0,0,0,0,0,0,0,0,0,0,0,0,0,0,0,0,0,0,0,0,0,0,0,0,0,0,0,0,0,0,0,0,0,0,0,0,0,0,0,0,0,0,0,0,0,0,0
0,0,0,0,0,0,0,0,0,0,0,0,0,0,0,0,0,0,0,0,0,0,0,0,0,0,0,0,0,0,0,0,0,0,0,0,0,0,0,0,0,0,0,0,0,0,0,0,0,0,0
