427.759682076784,848.641782298201,552.771006144853,647.448723496535,864.66009760561,783.534936718311,446.033577926585,795.782960313249,765.701631462649,523.877276047775,718.935399472249,439.892652111293,744.581104602944,508.687780504987,572.988307770632,819.438592279986,420.938114834988,554.040042000712,656.641620008784,793.077288859829,589.178175556159,582.686984209017,532.97980935306,663.496592015347,411.846792093424,491.750395698254,790.146299015696,432.660773480926,551.157393657601,477.180500120684,446.406803112087,473.163619217324,546.845955636212,439.490735888754,349.503360777219,870.991408257224,536.713536658047,952.502177940584,682.569818318152,512.17263702678,810.205344562217,416.948946824243,866.989118738564,678.907628693635,438.019709650639,554.268865123803,499.777348775659,715.91246739514,539.176819289796,480.922347427021,454.658891656366
300.419645504016,708.074133685485,301.271712646543,301.450475041199,766.206305146555,625.82021815155,300.626485391467,308.322935307041,308.911269592869,301.813074982447,682.304696718966,300.533328500821,744.581104602944,301.226624127596,302.088541276554,641.963681395401,300.356567390404,301.255656547242,301.753897385129,304.186287795431,301.800352728084,302.075745492576,301.014039963071,301.50837454844,300.303188182733,300.84091231244,321.443719247231,300.628874270198,301.296744781386,301.93596882648,300.781896616182,300.71122781903,303.206073890375,300.7347920016,300.191196179419,584.283320958719,300.929321318138,317.172765843733,302.495538505919,301.79966511302,432.292302980978,300.528209505527,316.082813430283,306.644912116308,300.978958468967,302.437341511196,300.845404220815,303.321629197317,301.386986832646,300.77610169125,301.454776462394
300.002519932627,640.193238205081,300.002958062445,300.004093877725,614.029978421512,408.318955939721,300.002226582723,300.0175946195,300.013183142988,300.009866618667,668.778346433791,300.002705977768,662.195784830925,300.007108619907,300.015171711542,558.652102700522,300.001055071898,300.003236948354,300.007793285035,300.019386866963,300.007872831371,300.007367600595,300.005686618596,300.003691265353,300.001284849883,300.002405339778,300.046461509932,300.002359869181,300.003655615524,300.006072056537,300.002032945459,300.001924457542,300.019321641597,300.002559012252,300.000471147958,301.582050579104,300.005098516785,300.021444357522,300.01194799263,300.004490243074,300.956195299912,300.002021566815,300.077311209071,300.026643830376,300.002348457942,300.006505051561,300.006586138133,300.013832723652,300.002814003617,300.004295710569,300.004532944422
300.000000025996,400.165689528438,300.000000066807,300.000000060508,400.079525348026,400.00028799857,300.000000061038,300.000000193337,300.000000317598,300.000000143031,668.418894034352,300.000000029568,572.170173167841,300.000000057728,300.00000008867,400.032699722129,300.000000012659,300.000000053543,300.000000113406,300.0000002557,300.00000013602,300.00000014087,300.000000073047,300.000000167478,300.000000025081,300.000000011754,300.000000341341,300.000000016437,300.000000021299,300.000000091625,300.000000020888,300.000000019233,300.000000307351,300.000000051568,300.000000005839,300.000031041671,300.000000060953,300.000000356661,300.000000125473,300.000000147104,300.000027418018,300.000000012002,300.000000394682,300.000000632503,300.000000029358,300.000000087484,300.000000062478,300.000000111452,300.000000037523,300.000000042395,300.000000045934
300,400.000000000015,300,300,400.000000000001,400,300,300.000000000001,300.000000000001,300,668.41889391667,300,572.143904872854,300.000000000001,300.000000000001,400.000000000001,300.000000000001,300.000000000001,300,300.000000000001,300,300,300.000000000001,300.000000000001,300,300.000000000001,300.000000000001,300.000000000001,300,300,300.000000000001,300.000000000001,300,300.000000000001,300,300.000000000001,300.000000000001,300,300,300.000000000001,300,300,300.000000000001,300.000000000001,300,300,300.000000000001,300,300,300,300
300,400,300,300,400,400,300,300,300,300,668.41889391667,300,572.143904872854,300.000000000001,300,400,300,300.000000000001,300,300,300,300,300,300,300,300,300,300,300,300,300,300,300,300,300,300,300.000000000001,300,300,300.000000000001,300,300,300,300.000000000001,300,300,300,300,300,300,300
300,400,300,300,400,400,300,300,300,300,668.41889391667,300,572.143904872854,300,300,400,300,300,300,300,300,300,300,300,300,300,300,300,300,300,300,300,300,300,300,300,300,300,300,300,300,300,300,300,300,300,300,300,300,300,300
300,400,300,300,400,400,300,300,300,300,668.41889391667,300,572.143904872854,300,300,400,300,300,300,300,300,300,300,300,300,300,300,300,300,300,300,300,300,300,300,300,300,300,300,300,300,300,300,300,300,300,300,300,300,300,300
300,400,300,300,400,400,300,300,300,300,668.41889391667,300,572.143904872854,300,300,400,300,300,300,300,300,300,300,300,300,300,300,300,300,300,300,300,300,300,300,300,300,300,300,300,300,300,300,300,300,300,300,300,300,300,300
300,400,300,300,400,400,300,300,300,300,668.41889391667,300,572.143904872854,300,300,400,300,300,300,300,300,300,300,300,300,300,300,300,300,300,300,300,300,300,300,300,300,300,300,300,300,300,300,300,300,300,300,300,300,300,300
300,400,300,300,400,400,300,300,300,300,668.41889391667,300,572.143904872854,300,300,400,300,300,300,300,300,300,300,300,300,300,300,300,300,300,300,300,300,300,300,300,300,300,300,300,300,300,300,300,300,300,300,300,300,300,300
300,400,300,300,400,400,300,300,300,300,668.41889391667,300,572.143904872854,300,300,400,300,300,300,300,300,300,300,300,300,300,300,300,300,300,300,300,300,300,300,300,300,300,300,300,300,300,300,300,300,300,300,300,300,300,300
300,400,300,300,400,400,300,300,300,300,668.41889391667,300,572.143904872854,300,300,400,300,300,300,300,300,300,300,300,300,300,300,300,300,300,300,300,300,300,300,300,300,300,300,300,300,300,300,300,300,300,300,300,300,300,300
300,400,300,300,400,400,300,300,300,300,668.41889391667,300,572.143904872854,300,300,400,300,300,300,300,300,300,300,300,300,300,300,300,300,300,300,300,300,300,300,300,300,300,300,300,300,300,300,300,300,300,300,300,300,300,300
