68722.6860480781,66003.786433083,64741.8600385601,66148.193008504,67431.7074418126,65149.2012335947,69650.623670308,68351.8370719868,69425.7581316338,68020.6508881162,67386.7338293496,67996.2360504428,65474.0756140046,67943.6874584145,67914.142426235,65685.1813951841,64621.8670924172,70015.0512656314,66403.5347077097,69428.5096559628,64673.0750806824,66374.0575319437,68327.7964737529,65672.5531162704,67519.5385606371,66702.7143769337,69484.3172030754,66027.8924128405,68868.5443578918,67537.582601802,67916.0360408705,67420.2978651939,66091.6456765117,67655.9766129833,67870.4269532629,69573.3289538459,66206.7072743239,66522.5869661892,67265.6665402847,67648.4951021878,66068.3063890272,69300.5945955794,69221.521076019,66640.8153068001,69991.8053905237,68642.8051189429,68250.3784793116,67018.6208188045,69350.2781735394,67087.9272148402,66349.2124514282
68722.6860480781,66003.786433083,64741.8600385601,66148.193008504,67431.7074418126,65060.1582929725,69650.623670308,68351.8370719868,69425.7581316338,68020.6508881162,66408.5063119192,67996.2360504428,65474.0756140046,67896.8768317726,67914.142426235,65685.1813951841,64621.8670924172,70015.0512656314,66403.5347077097,69351.3147469923,64673.0750806824,66374.0575319437,68327.7964737529,65672.5531162704,66730.1679866127,66691.0999795443,68860.4589021349,66027.8924128405,68555.1814079887,67008.2845821819,67916.0360408705,67420.2978651939,66091.6456765117,67655.9766129833,67870.4269532629,69573.3289538459,66206.7072743239,66522.5869661892,67155.8057922105,67648.4951021878,66068.3063890272,69300.5945955794,68807.2301734039,66640.8153068001,69252.9360204012,68642.8051189429,68250.3784793116,67018.6208188045,69350.2781735394,67087.9272148402,66349.2124514282
62816.2640062213,66003.786433083,61177.7382457733,65242.3215884671,65951.7232475983,59856.7547049077,62779.7685215382,59270.6455576794,58649.9013300365,62725.1066023037,61578.9037877669,57967.2873933009,60768.0455871494,63022.6120249744,65827.5424952988,61389.3032674264,63013.1345777991,65204.8828418558,59308.1827462285,66747.767799176,64647.6891891806,63471.2004031995,63767.3786099293,65672.5531162704,63388.0679740753,56656.6874834494,60470.457637682,61491.9602529998,65245.9870923948,62504.2621297618,65292.6787836547,60996.7931692257,57250.2544621525,65222.3877605605,67660.7998846148,65392.4496794409,50447.1508543316,58927.1544341486,60861.6469948719,62653.8603468,63827.8284861556,65251.6236046248,60659.6637585153,59614.2767707435,66619.2345567461,59090.6004209627,60392.1973192678,61853.4292074378,62118.8386432426,63394.1506855337,61569.5225851
22677.1170304914,22423.9104510337,17767.9600765592,26852.2052017351,18377.9424181894,16833.1485433027,24446.1909392796,21929.5863027164,17341.5199271906,20243.2904282434,19155.8769610911,18905.5479088941,22607.3630956043,17624.9781338127,23170.1738487666,22540.9557800047,15444.7427029065,15682.2204339533,17758.5945009723,22674.5137639577,31473.4529890668,24924.1614855044,17246.0276936093,19446.4447523007,17256.8536827613,8723.25184679846,16655.8685095017,20555.5234737264,32890.984942846,19082.3142844719,17907.2620487147,25986.5096117478,17917.6361244269,22439.9514615825,21779.6715416014,15716.2307063464,14152.4221821387,23566.6912400026,18828.1106002323,15507.9045625469,18310.6415484324,28121.4235398697,18948.5337602636,27558.0108372951,19359.7668650096,10695.9189591262,18296.244078608,19820.7418588801,17849.060210791,23080.962323004,13421.1139190791
3800.57016039863,10974.9999827841,75.6128878092061,157.787576510371,8968.28863859215,79.7595830788754,5.60082419539594,10914.7030134722,248.254999501398,15276.6182011961,8254.18063781198,24.3353457939493,1.37798244387409,8924.0806950534,6777.79510158041,57.9434904315358,31.9579696274554,1.03290566672968,424.271011900494,375.678257883,30.3185080670912,310.058156448158,17246.0276936093,0.876549875254568,0.281661686810821,1.14180320169908,1.07652478108184,1641.49981337023,27.4649634894938,2.66449645500415,0.22668839339849,16991.1870794092,1219.80266254062,4769.66174234156,7340.75727100902,2.51151507296368,6314.25827820188,4706.81420389452,1.52963172125783,0.701211459892875,0.87505168085022,1420.89424889279,13545.2711432631,27558.0108372951,1.67844387807986,560.851283486139,13626.6761618212,289.021756231935,0.677221624041522,18503.3182223645,2.09637597800202
3800.57016039863,9.09494701772928e-13,0,0,8968.28863859215,0,0,10310.5440325279,0,3839.64484672968,2.17937667912338e-09,0,0,0.000448079140596747,6777.79510158041,0,0,0,0,0,0,0,0,0,0,0,0,0,0,0,0,0,0,3.97225517190236e-06,2374.24365605651,0,5099.61559924235,2911.64908067584,0,0,0,0,0,0,0,0,0,0,0,0,0
0,0,0,0,3880.88558138244,0,0,1.47064611155656e-07,0,3839.64484672968,0,0,0,0,6777.79510158041,0,0,0,0,0,0,0,0,0,0,0,0,0,0,0,0,0,0,0,2374.24365605651,0,5099.61559924235,2911.64908067584,0,0,0,0,0,0,0,0,0,0,0,0,0
0,0,0,0,3880.88558138244,0,0,0,0,3839.64484672968,0,0,0,0,3010.93954792472,0,0,0,0,0,0,0,0,0,0,0,0,0,0,0,0,0,0,0,2374.24365605651,0,0,0,0,0,0,0,0,0,0,0,0,0,0,0,0
0,0,0,0,3880.88558138244,0,0,0,0,3839.64484672968,0,0,0,0,3010.93954792472,0,0,0,0,0,0,0,0,0,0,0,0,0,0,0,0,0,0,0,2.25629719352582e-08,0,0,0,0,0,0,0,0,0,0,0,0,0,0,0,0
0,0,0,0,3880.88558138244,0,0,0,0,7.54882876208285e-07,0,0,0,0,3010.93954792472,0,0,0,0,0,0,0,0,0,0,0,0,0,0,0,0,0,0,0,0,0,0,0,0,0,0,0,0,0,0,0,0,0,0,0,0
0,0,0,0,3880.88558138244,0,0,0,0,0,0,0,0,0,0,0,0,0,0,0,0,0,0,0,0,0,0,0,0,0,0,0,0,0,0,0,0,0,0,0,0,0,0,0,0,0,0,0,0,0,0
0,0,0,0,3880.88558138244,0,0,0,0,0,0,0,0,0,0,0,0,0,0,0,0,0,0,0,0,0,0,0,0,0,0,0,0,0,0,0,0,0,0,0,0,0,0,0,0,0,0,0,0,0,0
0,0,0,0,3633.57046789263,0,0,0,0,0,0,0,0,0,0,0,0,0,0,0,0,0,0,0,0,0,0,0,0,0,0,0,0,0,0,0,0,0,0,0,0,0,0,0,0,0,0,0,0,0,0
0,0,0,0,3633.57046789263,0,0,0,0,0,0,0,0,0,0,0,0,0,0,0,0,0,0,0,0,0,0,0,0,0,0,0,0,0,0,0,0,0,0,0,0,0,0,0,0,0,0,0,0,0,0
