775.297751871664
782.912762532293
11.3046781992782
4.6438758020531
659.938225345181
1245.23231686482
1007.34079261003
114.044675193848
594.580679065195
117.843114986316
2909.52292594366
31.5815035444816
207.945648019619
548.897738319812
390.056907263651
57.0754061321653
25.7170475115726
29.5329986683563
49.9068147185968
15.3384373477814
218.831190088898
1196.62571176478
368.044898236377
2473.32909560793
2912.04202750278
2139.96495729251
145.41571779546
106.56019550926
82.2563646731103
705.011004468073
319.596058377453
49.0655415368942
0.011165364140453
287.922011654173
36.8994801145551
1.8267358159419
117.293940188778
1414.53925035386
79.2016803183184
1428.34249623188
2978.91083986515
31.6598884005081
66.3375654133531
249.013039696469
61.9596486006179
463.861666212611
262.711556022469
3.62119629606883
26.5741442059838
353.262747454213
18.897928017531
