2198.19040585722
2198.19040585722
2197.6867215503
2178.05274725943
2178.05274725943
2079.25953396858
2237.7424275857
2375.8587850013
2375.8587850013
2198.19040585722
2138.50072553095
1921.36105704705
2039.7075122401
1980.46632067774
2415.41080672978
2198.19040585722
2198.19040585722
2039.7075122401
2198.190405896
2079.25953396858
2079.25953396858
2079.25953396858
2316.16910467503
2178.05274725943
2217.60476898792
2079.25953396858
2198.19040585722
2198.19040585722
2237.7424275857
2118.81155569707
2118.81155569707
2198.19040585722
2138.50072589934
2178.05274725943
2138.50072553095
2355.72112684815
2118.81155569707
2237.7424275857
2138.50072553095
2039.7075122401
2118.81155569707
2178.05274725943
2138.50072553095
2198.1904059432
2218.328064455
2138.50072553095
2079.25953396858
2375.8587850013
2138.50072553095
2178.05274725943
2178.05274725943
