513.053542887092
300.626325184559
382.280173933745
383.578810612073
335.306144513119
314.178206637893
446.37193516032
463.830947063454
629.802465250463
347.756394588189
368.902990492312
536.666193981167
372.47421279692
847.934152773225
647.573111618166
386.051335616859
446.454892356042
298.460702845959
226.940242346416
2080.19057544516
365.742399316185
274.978761653267
226.300274271062
330.399401876668
516.032328761164
260.317167695856
371.68316580784
357.398039880567
353.240514860872
191.25427524006
1561.88305482194
337.293793902482
600.141234298086
331.881956660341
279.481673695104
388.696656274729
255.112554672603
342.250962765488
284.058190656003
769.247557730097
283.722077448755
220.0288365378
662.321377579105
418.166488771247
211.742864976829
276.498344943868
497.382950509786
136.314857646111
380.361079595151
298.512202048065
362.655510088897
