64.1206696485733
62.652207727821
73.9540125659989
48.7639526012149
74.4058732530298
77.3264648282648
54.5420327050531
76.3574994059729
88.1392016547347
103.244558324003
88.2750344313522
71.1922557271541
46.7855512120514
85.9373371152642
48.5961896736026
48.7712561230796
60.4742962621606
97.440558132057
53.9049133892968
30.8257512106654
67.9784474852772
67.3858169456969
42.1200214060912
107.749432350349
61.995142877008
115.812131610779
49.8372509360281
41.7952552644806
51.0690643572141
59.2611080666738
57.3195989313044
119.693785023159
44.6207309379358
57.2082660073202
72.2363306521115
71.7411574589094
71.9213476425728
34.0961294062706
68.4906271635023
38.376814506531
113.299668052476
78.8739163983021
55.1782221469803
47.4859828264655
73.124472123757
50.5110067654184
63.92880290838
132.780639197575
65.4039260877746
80.0541739214846
111.142563511422
