117.860526484115
221.872738189715
87.6701828477194
47.7412463922267
247.056194853974
113.29117464246
56.4384814667592
54.3477038051835
126.005362048141
98.9609664020036
473.269015657711
232.498730726039
430.132946640816
83.6967943840243
1121.11276263306
154.157856558003
137.726238489606
75.6299682266026
556.993470461885
134.210889786125
121.400274435989
64.1889119351604
147.175370506247
260.835107833431
282.133709186398
858.752950148598
187.721583709965
71.0215673537577
53.9820483188521
63.2425185568065
344.656976293499
16.1076077528401
217.253216809276
262.852991060961
133.146296295038
50.5661056539343
138.377656541266
207.304859624311
304.091245157897
211.564432098198
103.049497719001
260.535964548828
134.374501821176
114.876611780762
64.3463439238801
112.741060726615
179.791790117596
31.2732271159268
208.302867157104
124.867781182108
117.230811170968
