723.892639570975
725.973734217968
725.914775034612
823.90460422089
757.259900491535
720.592929410571
741.797409152042
757.819018585301
740.05639904137
743.852201901155
720.853410347017
747.562373550084
734.914607894993
739.924799519608
738.542547673787
735.419390396918
727.450072868272
747.036331122992
745.195701471029
732.643358552412
736.224616550489
702.730578938493
733.523287420353
741.736107299676
742.577311429375
717.965095152628
731.005375372066
760.058054242686
733.353014251118
743.435511698824
750.767260919468
741.330684754716
740.71929450138
737.662156856152
717.750165150186
719.503597529946
713.695494939815
824.036110429954
824.996366715479
725.545631881962
737.289018415351
737.036110468922
720.12531075792
716.239967618336
714.231723254764
727.895391541599
714.645994549583
747.923583057072
720.508878935088
732.860414702391
829.187821166573
