51.7063672751233
98.1780710354481
93.7319793960485
90.1300286146325
68.5616650626446
58.283357916054
303.525340062757
73.6204358838413
78.845339858733
76.806166658565
93.9777248070313
90.7596391004188
82.4500775363651
317.991405472401
322.067734097687
88.6947899726806
73.5681606286021
81.7546356764071
306.26695152422
100.345111839206
71.8781780360225
109.172767579873
313.502529130615
322.518229493234
75.0176133902678
82.2443248635818
68.1653443800578
88.4270451326324
62.9691664407721
58.3874657816291
303.335315094165
75.4475770817551
199.832645784337
69.5098778596018
88.1629955607684
78.6498627764122
297.469233381183
93.8357956915063
81.5497710494014
299.471711974927
322.980013149867
302.328871467689
61.2449491577484
69.578801450655
87.1198159475712
94.2912154610895
75.9315079321293
315.522028237695
48.5025150048145
66.909410152876
84.4254324385336
