18.3727373014081
31.6777490687723
234.258110394324
28.6265083444589
16.1266825854752
49.1593890059505
99.837787454203
19.794571366876
10.2480920180742
32.0615668440901
34.66573168983
40.2132036402406
28.43937396405
242.564232585662
2482.870934533
7.58866136353049
46.7944960984387
43.8533725558216
47.3928162451321
19.971290125264
56.4913217432029
43.1856288759684
14.688659783357
32.8882452239352
19.5457072870279
54.3988341004451
7.736504136034
45.1212871311982
38.4530498071008
31.1013961443423
27.9519315272851
15.848664027626
34.8562581620326
40.109902582848
16.7836698273611
22.8585038479205
17.6407371446646
94.517104224311
33.9415364429578
1625.31680606505
33.3283143562198
49.5214424213332
47.0640896751463
38.6114563766819
15.778103189444
1457.22365619845
8.12620522586576
22.676913826054
11.6730307944674
18.2055815547239
88.2296145425578
