340.822079304659
291.432890202062
337.818104792087
298.227544972174
301.245750267155
285.730866185528
279.505690277749
286.044822790085
281.387638220474
344.049544326738
270.262194527048
269.862346019729
303.666766072197
272.707679977238
283.559360626741
303.897596795127
207.347274284699
258.422468633196
285.41071345529
259.072763882593
263.378014446236
220.66330942706
260.743175058757
340.812014672774
272.264837281569
246.674986649944
255.991641541934
229.246101804404
323.048791012701
342.855020679951
305.877998666103
283.365245168556
293.67746138624
262.151321412422
254.168806860347
300.981580639185
248.202559658797
282.452422453346
255.887788681433
308.904486836301
215.561599457574
255.334045923839
252.836604345317
202.931864279968
342.855020635167
203.921691351861
262.708533683336
335.768899843804
268.581776594538
278.267938224183
272.529525134404
