141.060633173179
246.468166828888
195.013051451995
2002.90218091639
107.927074289405
151.574838825736
126.5424536559
212.026036525694
149.747278911676
119.332803032212
273.268806577057
239.774270839961
759.036097009644
1147.10107929564
1776.58872670316
192.861230375976
126.820895556502
116.352827114757
206.355736043292
125.607026515047
123.202579772227
156.733850863709
2002.90238760684
127.695132675165
145.577796304522
144.946757765461
188.704560699095
153.058956247429
131.435302537981
267.316736444969
180.989737981352
441.079898197819
135.651236846788
494.444567218702
511.224032661908
372.169210977456
254.557323195467
155.480126241227
254.341107794114
143.104393568583
218.280009976225
256.320529977009
111.233477262294
147.896694179969
116.282454748782
128.142589683681
288.653821971633
305.507591113582
518.564376583304
2002.90212657434
139.945759666211
