1003.61069715902
1003.61075178
1003.61069379195
1003.61071029583
1003.61069422712
1003.61069760994
1003.61069444431
1070.03147076398
1003.61069379195
1003.61069379195
1003.61070269478
1003.61069379195
1003.61069379195
1003.61069502943
1003.61072496962
1070.03162150617
1003.61084107238
1003.61197847641
1003.61111892159
1003.61069379195
1003.61082283354
1003.61069680357
1003.61081189913
1070.03147014289
1003.61069379553
1070.03275053265
1003.6115857576
1003.61069517546
1003.61069499303
1003.61069379195
1003.61069379195
1015.07882620109
1003.61069460268
1003.61069379195
1003.61069381253
1003.61069384821
1003.61106113803
1003.66157801536
1070.03147036009
1003.610845471
1003.61069950405
1003.61069379195
1003.61115917564
1003.61069779264
1003.61347414898
1003.61076878133
1003.61069379195
1003.61069459921
1003.61069633453
1003.61069407148
1003.61070396397
