100.009838600827
100.003394160497
100.054029034354
100.176583855411
100.021953784708
100.004244280008
100.003347611115
100.137426343857
100.218694765494
100.383185959859
100.031551893856
100.000921555837
100.0154360722
100.000780413146
100.008254957759
100.012342837609
101.258447928512
100.055012599048
100.005752070358
100.004822533651
100.092136586656
100.082598454193
100.236184696594
100.005818725486
102.301143796647
100.014614767776
100.00127794895
100.07106896304
100.068849588078
100.084347912768
100.005392655105
100.011502539213
100.006316934564
100.031417772504
100.017569867192
100.106344710739
100.009237054814
100.184292019735
100.000063479032
100.000062165092
100.018840230229
100.196726217508
100.008775344619
100.047920556578
100.129476470834
100.020948195793
100.000532915838
100.036161262657
100.00827814542
100.067673626532
100.005680077674
