444.667589567845
446.921452753821
445.772027807695
444.109054879989
449.517875286791
444.75305934356
397.843085584962
446.193794317201
443.679283007565
445.041850871393
443.979683149993
444.520965134229
445.932907714543
444.387308292502
444.895210069385
400.106981786478
399.520485864486
445.417195793338
444.269718154352
397.843344812748
444.072420789958
445.116675011355
399.694949115537
443.805130817198
402.465792417783
445.462751866839
445.002920127792
453.711054721376
451.53263283965
445.450579841411
397.802698813451
447.736382734789
445.417395565799
444.430949908128
445.831929509879
399.859808266282
451.843786038868
456.114511193025
451.37766764695
398.281287687681
445.503098122868
400.53459531008
445.640593908684
444.341270679945
443.942764260994
443.742729418627
450.744164021
443.963325473203
445.071688329429
443.63772202498
405.772814036563
