498.781335785077
559.125376822793
581.450710367276
752.379973290093
479.916868011836
536.579057234083
790.744250264899
497.845823507647
600.807242810118
527.430612439184
605.501164691377
574.843905801274
575.131678738025
592.318370697755
588.938258215728
741.782689349349
478.777691473461
614.9762516298
506.017785073266
709.262066497513
605.122962893637
615.91531455244
581.799209985707
551.335085362809
711.76852744315
525.948633712514
637.83673135855
736.93943935163
589.468707323203
571.89584426535
560.868991379581
476.606246699068
673.827834984068
718.182702737458
646.221863449407
725.114452007417
753.442549472853
568.177937420298
567.373138123547
620.052641057645
508.468392387319
736.939001225925
581.840082863799
599.358664000015
549.815815695505
530.073462244762
510.762400693485
579.827216573544
682.512078677628
575.326468308496
484.365603251001
