428.392323033796
801.924283476719
785.902345243499
475.325508803655
286.947915243254
790.151076779962
598.618096399889
471.172650948582
865.489777743593
690.588494734792
633.76805221177
604.996463321082
541.448754022457
498.996984267006
496.477643058229
433.995374687628
663.040237723912
588.017568197353
715.13135766797
440.272445687091
469.027648335135
439.059806094092
439.551208357051
525.293855338807
321.832035002879
569.497847275632
715.487168946623
442.203572389752
422.013103689149
440.859352599617
421.369783887858
464.186580016708
528.287046124709
534.347297004151
522.264070986254
845.760263560748
655.298141686178
569.268716826752
471.379558927155
611.050404563877
662.294319246211
502.521476569562
476.63988641257
496.14451560231
366.744508046694
397.660003537571
493.749742445388
323.029143468325
474.03726988956
535.784857858966
564.69897393986
