2.54514277902712
6.07420712313581
0.269548815926498
0.00684322472801568
15.036955511925
14.7308871506896
1.85637743333103
1.54944248456496
0.379762398645482
0.239315648308036
3.19085559475661
6.12744669029871
7.18975501899399
0.0726004247005108
0.0657050235584506
0.991141288245331
0.338426864952623
0.770260302616691
7.91348468902157
0.299846819255379
0.17673538512588
20.9718061567282
5.29624398409516
1.33559328595425
1.62697864644088
1.5583479800809
3.28473637313198
20.1064095330756
31.2731124451665
1.5818808537793
1.27455536043453
1.91157017051233
0.718699199595051
2.28039026779612
4.95308621492109
0.355219614892576
75.3806640464348
1.37854303787867
7.62657921173655
7.89492574059864
6.7007674466218
0.72825886670023
0.0431862074927949
13.3949829025829
3.498514103709
7.93879585613098
4.10185588629878
1.47914292298111
6.7789550657219
0.316716879127341
0.556758554608678
