3085.18977784475
2986.29751793893
1836.76621451618
1637.91543343041
2253.36088006189
7459.99933069471
2123.20207926423
1568.59097800219
675.116830807676
633.537988572799
6364.21638626648
41404.3401264737
990.165129565901
989.890235175915
2767.30812842725
1410.89859114508
2186.3551862333
27594.003209228
19380.2346115135
1096.10309177145
45573.4545599579
4270.6168722146
7229.79239158474
843.856342704601
904145.427320799
15773.1012088977
979.149822376457
853.332399249604
5284.5266571935
1591.49121452724
3545.94117274016
7163.58230698844
2735.69606522697
912.946380619756
959.10491223568
2873.68102688506
2405.20228653409
1029.33676302341
35737.179342137
31190.3376657321
1559.7343901626
8541.01699731374
3722.45010044172
2325.50226311207
6080.36665452003
949.144096258322
6539.18054237899
949.962742791931
4370.82715348685
2087.16300254321
17888.6232138371
