6.41581573559364
9.89854476282568
6.41549166431201
3.5116429904748
4.9644194572665
6.20976330888294
7.32537688946763
4.9160351165292
5.00641414978423
7.51771323083767
6.49926888763065
6.54495844085051
6.42264712998627
5.97961883456651
7.07519943848911
7.31317397703521
5.30823131398415
5.42036604440733
7.50676409349069
6.17413129573339
6.02186781494197
6.6278238805964
2.99403986007042
1.81257641710062
9.27622198037221
8.04504245798682
6.54813220187378
9.9079107717742
0.125392055734608
4.68754309941448
7.61224196843631
7.25276915839703
5.46518817359532
6.24711992394731
7.92398165131658
6.57904942374819
1.45219269397819
6.33894055602678
9.38709205610894
7.25060462236178
4.405109214405
7.50317805860806
4.42384528306928
5.47728784453363
6.8967415214434
7.20453764479231
5.4374498206555
3.90710541798211
5.18360864223075
7.63984267896501
6.33481522401189
