132.327659803074
132.327659803074
132.327659803074
132.327659803074
132.327659803074
132.327659803074
132.327659803074
132.327659803074
132.327659803074
132.327659803074
132.327659803074
132.327659803074
132.327659803074
132.327659803074
132.327659803074
132.327659803074
132.327659803074
132.327659887686
132.327659820931
132.327659803074
132.327659803074
132.327659803074
132.327659803074
132.327659803074
132.327659803074
132.327659803074
132.327659803074
132.327659803074
132.327659803074
132.327660076563
132.327659803074
132.327659803074
132.327659809826
132.327659803074
132.327659803074
132.327659803074
132.327659803074
132.327659803074
132.327659803074
132.327659803074
132.327659803074
132.327659803074
132.327659803074
132.327659803074
132.327659803074
132.327659803074
132.327659804142
132.327659803074
132.327659803074
132.327659803074
132.327659803074
