60.1105318172501
60.1105187380448
60.1105187795374
60.1105187312531
60.1105301761561
60.1111134547822
59.0966065875148
59.09660661968
59.0966065878476
60.1105297734524
60.1105205030271
60.1105188889946
59.0966065875168
60.1317422051064
60.1105203310881
59.0966149476085
59.0966242345246
60.1105285467478
59.0966065929683
60.1105187312596
60.110519130316
59.0966065875666
59.0966065875148
60.1105187312018
60.1105187325253
60.1140106863256
60.1105189466947
60.1105187312099
59.0966065875148
58.1683201612756
59.0966065875148
60.1105187312018
60.1105187312018
60.1119870997202
59.0966066057853
60.1106153130443
60.1105187312276
59.0969398179219
59.0966331047139
59.0966065875148
60.1105187312018
60.1105384510047
59.0966065875148
59.0966065876669
60.1106381806313
60.1105187312018
59.0966065875148
60.1105187631618
59.0966065875201
60.1105187312018
59.0966065875148
