870.527163978059
883.225893918953
866.536004919888
866.117279268239
870.495419875588
866.114743114944
879.830640030177
871.228608922429
870.47580264397
883.306681433357
870.49668246407
878.863889225494
883.225806774591
883.430194589342
870.476048935259
883.242197912946
880.268302590327
883.338777469248
866.183240356638
858.145431226771
868.147445689467
870.475770768078
883.225771124163
878.8739337706
866.112376097362
883.225932212001
870.67286213066
878.866773834225
883.656950923071
878.862371254276
883.225943264649
881.484876317071
870.477542517859
866.863032655725
878.896514763562
880.514201941996
883.228271994517
866.863873434464
878.863907407817
874.620465435954
878.963512927285
866.8634238805
866.363242927926
870.656746517715
883.238555527535
883.336904389249
866.113999504753
883.226154170713
878.862471411156
879.526112912789
870.778564187053
