0.000397100414375018
0.00073637223795231
0.000447988963969692
0.000339606816396554
0.000526960582647007
0.000624016287019913
0.000582870017296955
0.000739440185952844
0.000673288483994838
0.000174068869000621
0.000651531152470852
0.000643902936644736
0.000890209549197607
0.000318464005886199
0.000624279341991496
0.000178879908617091
0.000565048461339757
0.000472158894808672
0.000811021182926197
0.000779588903242256
0.000225382890221226
0.00108366369886426
0.000540446787908877
0.000621563880486065
0.000298302198643796
0.000249770637765323
0.000333714491262072
0.000385541100968112
0.000317143272241083
0.000186870614925283
