0.000769262350559075
0.00237966420263547
0.000108587252270809
0.000300705231211396
0.00289240237725608
0.000408610843805945
0.000135189245384026
0.0205770407892487
0.00021600978539027
0.000200136741568713
0.0209658492933613
0.000236396814671025
0.0198321680845766
0.00112536016399645
0.000353091110582682
2.57937604146719e-05
0.000881773056335078
0.000852797347988599
0.000109864611204102
0.000612037154496647
0.000337549837922779
5.44020449524396e-05
0.000679304840332406
0.000269024402768991
0.000107027781950819
0.000144435431138845
0.000438315389146737
0.000427780618338147
0.00393330824545046
0.000736379131467402
