0.010471736090949
0.00176669604707058
0.00459527490284017
0.000215314867546113
0.00246293482905457
0.000285535571947548
0.0033465805436208
0.00204777769022257
0.00147464793326435
0.0100740262860199
0.0102244850691022
0.000484448689348937
0.00323776282584731
0.00990892567688206
0.00181149407990233
0.00100202085286583
0.0097480201570761
0.000267088871623855
0.0103314125981342
0.00228584108981522
0.00202161944525869
0.0027918037822019
0.0142200208570102
0.0142965174322853
0.000633399449725403
0.00176861720865418
0.0123749840654455
0.0409217695892039
0.00998664463804744
0.000929097634525533
