2013.61049079151,2289.35370967161,2116.96477574519,2338.4397058026,2270.37665736047,2332.17908456554,2418.04580822886,2137.3791849265,2416.10281954585,2017.15742797519,2267.13689708396,2272.77888256591,2351.54097142803,2275.4335071666,2169.34219547916,2300.58101017599,2349.72052827901,2332.49065605593,2301.20048772293,2311.75904842855,2352.03865835071,2278.74135471348,2259.59731903231,2317.68344579299,2345.65827079801,2008.74033483712,2351.99999919678,2301.89858943446,2232.65166820601,2060.76404341507,2282.65431300743,2238.79621204719,2309.12956213501,2364.02482409867,2288.01561437259,2341.76097733182,2301.85826956224,2364.26981539401,2373.33592894106,2301.40927468917,2297.79468548982,2103.82289048958,2033.63401495701,2346.67257841009,2164.9372914469,2320.23313475082,2243.19326179959,2219.23080257386,2379.01176697935,2311.56393873096,2218.18626651162
2003.57984472283,2131.45069797443,2005.8480908535,589.273395289489,2136.70933048226,2177.41538900553,2045.97036266072,1799.07253957941,2044.90763966678,2004.01119378243,2129.82075998487,2136.06228241541,2135.84154313317,2207.04010494893,2005.58298052485,2171.02229795367,2132.32930787525,2207.46896477392,2017.57054651843,2174.82741138066,2166.63916247883,2132.94791825477,2128.78545592062,2172.00789356816,2145.34139583399,2003.02481623708,2221.34702718055,2130.80687100657,1638.21111349164,2003.71844819703,2030.0913062221,2141.04042334101,2131.30804992298,1960.40774055472,2146.12005109926,346.714532623096,2023.60456136913,2185.67157898973,2174.50982816104,2168.52219786865,2171.64089076842,1750.554133277,2005.1544185329,2144.53332551016,2122.70238645692,2170.77394990843,2132.6967360035,2028.72298468108,2146.39109686527,2143.26372649799,2128.64007509003
2002.90186994868,2112.93203101654,2003.00799358536,115.113232183466,2126.23095818272,2065.49343104414,1997.46456191653,1627.70722296182,2001.9843838974,2002.90202402646,2096.33956821235,2124.94508129441,2110.82643960025,1712.6160543271,1530.68868215053,2056.69982638466,2107.81935662359,1987.14755097328,1879.15412198612,2153.53670521007,2128.12721060009,2114.23872216311,2020.9415036648,1971.85947025871,2127.70820125996,2002.90183823603,2157.24637836286,2120.69446557062,216.83132085978,2002.90191203018,2012.5493524053,2122.94996092304,2101.49724201595,1821.55783750731,2128.30504073157,119.892640310752,1999.47473676463,2156.88156044438,2114.68104258897,2095.45840879384,2160.06737883995,1523.8475518211,2002.9100602373,2125.51669521582,266.977526037038,2137.88175906907,2115.07982756488,2013.16217176031,2126.51355484437,2124.06442969909,2067.57388594368
2002.90183437532,304.470110083283,2002.9018395989,101.120733903819,557.529395339368,123.741319148366,132.349642390653,100.545428470903,191.051746006629,2002.90183437532,242.104132278233,1763.01403561032,356.36791161358,117.496977034308,111.995668447065,126.505598769795,799.513430967247,137.550214348153,152.030325033077,136.187852798313,1020.26055548665,189.257273888463,151.316560637947,171.812379108717,1258.27619678126,2002.90183437532,235.278846699664,435.731704184348,112.618600178895,2002.90183437532,818.813662156294,485.210958763787,180.974202015777,137.950651964369,1047.14755684104,107.320789810459,304.246079179059,143.215850040776,181.422697886226,135.200055975088,216.197744125651,116.688248467533,2002.90183437656,284.122928808425,100.402291923534,184.340802396308,274.194408019647,741.70642745328,1216.18292088084,296.422951475114,256.125304928202
2002.90183437532,100.000214494737,2002.90183437532,100.000001729858,104.503369350173,100.008171209277,100.026711023075,100.44723486758,100.000262016802,2002.90183437532,100.004463572806,100.573672623786,100.005158284665,100.000187532045,100.000017822544,100.001671946125,100.031870028234,100.073114321464,100.00203261909,103.300861735906,100.056663828084,100.006991551666,100.013608893731,100.005666720266,100.044763897284,2002.90183437532,100.002823496377,100.003534573929,100.00005748598,2002.90183437532,105.997421295551,101.456965879167,100.006808498646,100.000042805616,102.10125555578,100.00000050569,100.003295728096,100.000087109874,100.003280824549,100.000242898711,105.678353676729,100.000933446269,2002.90183437532,100.318824413791,100.346105253191,100.000285034236,100.00112356453,100.259087542467,100.018007883066,100.000571602585,100.000287789195
2002.90183437532,100,2002.90183437532,100,100.000000000004,100,100,100.44723486758,100,2002.90183437532,100,100,100,100,100,100,100,100,100,100,100,100,100,100,100,2002.90183437532,100,100,100,2002.90183437532,100.000000000001,100,100,100,100,100,100,100,100,100,100.000000000001,100,2002.90183437532,100,100.346105253191,100,100,100,100,100,100
2002.90183437532,100,2002.90183437532,100,100,100,100,100.44723486758,100,2002.90183437532,100,100,100,100,100,100,100,100,100,100,100,100,100,100,100,2002.90183437532,100,100,100,2002.90183437532,100,100,100,100,100,100,100,100,100,100,100,100,2002.90183437532,100,100.346105253191,100,100,100,100,100,100
2002.90183437532,100,2002.90183437532,100,100,100,100,100.44723486758,100,2002.90183437532,100,100,100,100,100,100,100,100,100,100,100,100,100,100,100,2002.90183437532,100,100,100,2002.90183437532,100,100,100,100,100,100,100,100,100,100,100,100,2002.90183437532,100,100.346105253191,100,100,100,100,100,100
2002.90183437532,100,2002.90183437532,100,100,100,100,100.44723486758,100,2002.90183437532,100,100,100,100,100,100,100,100,100,100,100,100,100,100,100,2002.90183437532,100,100,100,2002.90183437532,100,100,100,100,100,100,100,100,100,100,100,100,2002.90183437532,100,100.346105253191,100,100,100,100,100,100
2002.90183437532,100,2002.90183437532,100,100,100,100,100.44723486758,100,2002.90183437532,100,100,100,100,100,100,100,100,100,100,100,100,100,100,100,2002.90183437532,100,100,100,2002.90183437532,100,100,100,100,100,100,100,100,100,100,100,100,2002.90183437532,100,100.346105253191,100,100,100,100,100,100
2002.90183437532,100,2002.90183437532,100,100,100,100,100.44723486758,100,2002.90183437532,100,100,100,100,100,100,100,100,100,100,100,100,100,100,100,2002.90183437532,100,100,100,2002.90183437532,100,100,100,100,100,100,100,100,100,100,100,100,2002.90183437532,100,100.346105253191,100,100,100,100,100,100
2002.90183437532,100,2002.90183437532,100,100,100,100,100.44723486758,100,2002.90183437532,100,100,100,100,100,100,100,100,100,100,100,100,100,100,100,2002.90183437532,100,100,100,2002.90183437532,100,100,100,100,100,100,100,100,100,100,100,100,2002.90183437532,100,100.346105253191,100,100,100,100,100,100
2002.90183437532,100,2002.90183437532,100,100,100,100,100.44723486758,100,2002.90183437532,100,100,100,100,100,100,100,100,100,100,100,100,100,100,100,2002.90183437532,100,100,100,2002.90183437532,100,100,100,100,100,100,100,100,100,100,100,100,2002.90183437532,100,100.346105253191,100,100,100,100,100,100
2002.90183437532,100,2002.90183437532,100,100,100,100,100.44723486758,100,2002.90183437532,100,100,100,100,100,100,100,100,100,100,100,100,100,100,100,2002.90183437532,100,100,100,2002.90183437532,100,100,100,100,100,100,100,100,100,100,100,100,2002.90183437532,100,100.346105253191,100,100,100,100,100,100
