13407.3073416073,11244.4013839085,9770.37606609807,16154.6988753829,14648.2235983786,11813.7576088852,14472.7762928793,17133.4127566851,16157.3732536853,16131.1077354965,13212.2226023223,11284.2477307338,16384.5731032377,14454.6030834606,13544.0974311357,15510.7280769758,15438.8504262637,13593.1587783389,9874.12563493025,11021.7607157481,16830.8385649092,14151.2340730681,14610.664083126,6596.0332042658,8186.68634401537,17525.0364635395,9208.73461964713,8727.88371582401,16707.7436758787,12011.7781375295,14425.2024623936,14740.4013175301,16730.7780583476,9575.07331350729,7666.74559073183,13045.3016668678,5537.08041929757,8425.75393896199,7219.64025231513,10021.2818253782,18184.5410292142,16409.8759268649,15780.7836688342,15351.0128011343,15664.8280923183,16713.6233669484,15103.0785269002,15714.966556344,14809.3105941311,11719.8826985158,14821.6297023687
2093.13189140885,854.105518437105,414.386209121016,8187.61344603117,5055.2085787115,7318.85667406313,4699.9127151726,11774.8958990588,7711.34986955053,8557.59692751879,751.065276758297,996.693561710781,3999.62802748772,1169.80737898441,5357.36632153486,3851.78728647498,9241.19832398979,3281.00935434721,4078.12656625116,2697.11923284357,4975.30843200565,6929.55921374612,7835.26946674586,370.82518254723,938.849935226414,8069.49265951627,1015.72323621516,1391.59181824424,7831.45773163686,1048.60470699077,4730.73081294697,8394.8176556318,6898.83275126735,1597.25694086226,2727.05169583614,5616.88253037398,225.604149604104,2570.20989464159,843.138648740921,635.112002995018,3610.29928931165,9740.01052739388,6529.43676950472,7478.14270943172,2594.91478141941,10451.7966344018,5152.21056569032,7676.00640867337,6865.24913317455,4058.29787107147,3228.65423877916
8.47759549988996,1.7013755289799,4.74977214846643,3155.36116305425,1878.67885940046,1166.24515638459,989.369716062648,3963.7845687044,700.756659429909,2478.75266369532,0.6247698965729,2.19968316002638,40.1143310266448,131.989028071574,936.525758833785,552.926348084263,3859.23751243917,298.458683215773,177.601802346678,11.0082556958785,1806.17897295311,487.375906219715,394.041212087226,0.222675485492061,1.51213180697476,3132.6884342593,7.88328575203775,32.4333747577005,1849.98069043925,11.4799325712027,782.959308552872,1331.97769927349,5027.92091021712,49.662761944221,4.73908784090548,1457.39432832647,0.0318142835100161,52.6359978888271,15.2681374912507,0.179911121840973,169.595651221131,6431.16334072627,3272.01407813986,3437.07059526116,565.059688653863,4347.39745083612,940.865161304824,1453.06355613937,2887.7334405453,176.764174870417,1010.81108259009
2.57707597484114e-08,2.68869371211622e-10,6.2671006162418e-09,1.32190088030859,0.784459944595142,0.00244559741406647,0.00475712659510918,5.79957801161453,0.0318647315003204,0.593078193939732,1.15807097245124e-09,4.28883595304796e-09,0.000256488928243925,0.00050878986854741,0.0109424846432944,0.000102340989712957,0.607319350065609,0.000288598928477768,1.09965383785493e-05,7.05182401361526e-09,0.687299894319722,0.000849530174775737,0.000204195112928574,1.60127910930896e-10,2.01424654733273e-09,0.00831869697549337,4.77416506328154e-09,2.37489302890026e-07,12.0190710833542,7.88080683378212e-07,0.0014874553907589,0.0287036152606106,156.464581033789,5.02477990949046e-06,1.61162461154163e-08,0.0183957624330446,1.2448708730517e-11,2.20978313336673e-06,6.25581179747314e-06,2.79499090538593e-10,0.000271190432954427,50.625723630003,4.83759836561535,14.411352697007,0.339390839065743,21.4734921389805,1.14076352173987,0.152316231091731,25.855857825586,0.00930906123113573,0.0406907879366258
0,0,0,1.13686837721616e-13,0,0,0,1.69393388205208e-11,0,1.08002495835535e-12,0,0,0,0,0,0,1.13686837721616e-13,0,0,0,3.12638803734444e-12,0,0,0,0,0,0,0,9.9475983006414e-11,0,0,0,5.2888253776473e-09,0,0,0,0,0,0,0,0,2.15436557482462e-10,2.8421709430404e-13,3.24121174344327e-09,0,3.23439053317998e-11,5.6843418860808e-14,0,1.54614099301398e-11,0,0
0,0,0,0,0,0,0,0,0,0,0,0,0,0,0,0,0,0,0,0,0,0,0,0,0,0,0,0,0,0,0,0,0,0,0,0,0,0,0,0,0,0,0,0,0,0,0,0,0,0,0
0,0,0,0,0,0,0,0,0,0,0,0,0,0,0,0,0,0,0,0,0,0,0,0,0,0,0,0,0,0,0,0,0,0,0,0,0,0,0,0,0,0,0,0,0,0,0,0,0,0,0
0,0,0,0,0,0,0,0,0,0,0,0,0,0,0,0,0,0,0,0,0,0,0,0,0,0,0,0,0,0,0,0,0,0,0,0,0,0,0,0,0,0,0,0,0,0,0,0,0,0,0
0,0,0,0,0,0,0,0,0,0,0,0,0,0,0,0,0,0,0,0,0,0,0,0,0,0,0,0,0,0,0,0,0,0,0,0,0,0,0,0,0,0,0,0,0,0,0,0,0,0,0
0,0,0,0,0,0,0,0,0,0,0,0,0,0,0,0,0,0,0,0,0,0,0,0,0,0,0,0,0,0,0,0,0,0,0,0,0,0,0,0,0,0,0,0,0,0,0,0,0,0,0
0,0,0,0,0,0,0,0,0,0,0,0,0,0,0,0,0,0,0,0,0,0,0,0,0,0,0,0,0,0,0,0,0,0,0,0,0,0,0,0,0,0,0,0,0,0,0,0,0,0,0
0,0,0,0,0,0,0,0,0,0,0,0,0,0,0,0,0,0,0,0,0,0,0,0,0,0,0,0,0,0,0,0,0,0,0,0,0,0,0,0,0,0,0,0,0,0,0,0,0,0,0
0,0,0,0,0,0,0,0,0,0,0,0,0,0,0,0,0,0,0,0,0,0,0,0,0,0,0,0,0,0,0,0,0,0,0,0,0,0,0,0,0,0,0,0,0,0,0,0,0,0,0
0,0,0,0,0,0,0,0,0,0,0,0,0,0,0,0,0,0,0,0,0,0,0,0,0,0,0,0,0,0,0,0,0,0,0,0,0,0,0,0,0,0,0,0,0,0,0,0,0,0,0
