0.194642806686602
0.0787578671292977
0.339883535617446
0.140326087795984
0.00739604033412888
0.0320060694987205
0.0221856608573034
0.0566382410258939
0.0591044311156566
0.0468251813704228
0.106023067809019
0.0787944235794384
0.0763724785742852
0.0270933960873663
0.0664489189854294
0.0393972225992911
0
0.0369310174119164
0.00739604033424257
0.0985557809083275
0.0172361119177822
0.211626171565285
0.086222352528921
0.0221856608573034
0.0739358186253867
0.0468251813704228
0.189512100890624
0.179750028356693
0.138036506122717
0.108304876201601
0.0221856608573034
0.10093345124551
0.0961018736961705
0.0246444486947439
0.103561823921382
0.0516323589608874
0.0862175084447472
0.0221856608573034
0.155203987151936
0.0542089135642527
0.051735401866722
0.0615411870603566
0.086259263136867
0.115813936226459
0.0615190510943648
0.108501536631479
0.0566431355059649
0.115730338904655
0.0295521836928856
0.332620421356864
0.0172262938597214
