0.071504104170117
0.0493061174202012
0.0172361119177822
0.0123209888752172
0.0221856608573034
0.00739604033424257
0.0910272327209896
0.0663779891518743
0.157709348092339
0.174898865235036
0.0664341079336737
0.0616246385291106
0.00739604033424257
0.0295546698239377
0.0295841612121421
0.0320061103852822
0.0344918963421605
0.0887156012149717
0.0246370610602753
0.00986467206098496
0.0837807791599516
0.115796702555826
0.0468251813704228
0.0295620278654951
0.00986467206098496
0.0147797767549491
0.0590824002010777
0.0837660690160646
0.0689837766117307
0.0468251813704228
0.0983891280138778
0.00986467206098496
0.0911105304280682
0.0295841612121421
0.00739604033424257
0.145417769639835
0.0418462211134738
0.0516690415222456
0.0295866286085129
0.071430376004173
0.0271056928247617
0.0320454164352668
0.0295767736135986
0.0393677519027733
0.0591781770551734
0.0319987224531815
0.0517796767551317
0.155064269092691
0.0320060694987205
0
0.0812778029212495
