223.860114181599
230.824756732574
212.915845183345
224.855257785252
235.799526783507
223.860114181599
223.860114181599
212.915845183345
230.824756732574
212.915845183345
223.860114181599
212.915845183345
212.915845183345
212.915845183345
223.860114181599
212.915845183345
223.860114181599
217.890615234277
212.915845183345
212.915845183345
223.860114181599
212.915845183345
223.860114181599
212.915845183345
212.915845183345
212.915845183345
235.799526783507
212.915845183345
223.860114181599
212.915845183345
217.890615234277
212.915845183345
212.915845183345
212.915845183345
212.915845183345
212.915845183345
217.890615234277
223.860114181599
224.855257785252
223.860114181599
223.860114181599
223.860114181599
219.880487734319
223.860114181599
223.860114181599
212.915845183345
207.941075132412
212.915845183345
230.824756732574
212.915845183345
212.915845183345
