199.954625507
118.307796591249
199.954625507
15.3442865656516
13.6463990526045
24.9347039772802
0
199.954625507
220.184657794644
2.70214748240778
233.825904868456
220.184657794644
57.6945668069857
197.014887129979
2.98487717128
0.994959057093183
1.98991811418659
237.72741309765
161.555872005598
249.965355751028
185.450581133415
4.4338180277814
193.20200900969
176.90891327685
207.121953001252
199.954625507
233.822966683632
199.954625507
0.994959057093183
208.822940449847
206.474312942
249.965355751028
207.766500332785
197.014887129979
199.954625507
1.98991811418659
183.296920060143
187.400710219824
233.822966683632
1.98991811418659
230.206777153174
242.989403468478
3.0114670589478
2.57113567491251
238.640200807894
249.965355751028
10.1795472763447
220.184657794644
18.181290592207
199.954625507
4.4338180277814
