1460.89905192049
1460.8990697075
1460.89906667428
1265.9022748137
1421.34703734982
1460.89906862393
1109.90759651368
1130.0452603218
1226.35025308522
1109.90759281007
1460.89905374871
1070.35558528995
1421.34702949282
1076.350063588
1362.10583981387
1460.8990588195
1460.89906170127
1460.8990573739
1460.89906266905
1460.89906302659
1481.03670990595
1460.89905389454
1460.89905132774
1460.89906264076
1460.89905294097
1460.89906593689
1600.11744037439
1421.34703824365
1460.89906400552
1460.89905343512
1460.89905275578
1226.35025308522
1421.34703479615
1304.28659999512
1421.34703314197
1460.89905668171
1460.89905302943
1460.89905379058
1560.56545296948
1421.34703586917
1460.89905593621
1481.0367531015
1460.89907132382
1460.8990529416
1481.03672274684
1226.35025308522
1481.03671600704
1421.3470296072
1460.89905693607
1577.34171344742
1577.34171344742
