4990.88168061165
4934.36520772692
5090.6146145933
5090.61450513586
4934.3655737715
4990.8815064967
5090.61459606643
4773.74187363324
4934.36571191295
4934.36557243436
4994.05547023206
5090.61456381804
4934.36580577652
5090.61458735357
5090.6145169145
5090.61452725241
4934.36591838306
5090.61458686685
5090.61451897049
4990.88149473835
4773.74182172193
5050.57116596216
4934.36539652467
5090.61459805211
5090.61452711051
4990.88150732138
4934.36519284266
5090.61459193281
4934.36522739994
5090.61455506341
4994.05547762436
4990.88149013613
5090.61454839073
5090.6145939942
5090.61452729294
4990.88152899185
4934.36567656747
4934.36549760612
5090.61454308517
5090.61460351646
4990.88150572441
5090.61452020136
4934.36595468458
4934.3655973018
5090.61461731206
4873.4748896354
4934.36579102317
4934.36542241893
5090.6145588904
5090.61453505527
4773.74190199766
