1.00175050759958
1.18390707892604
0.167602142087844
0.529233075465299
1.17467926974768
1.55756797005324
0.237653281489202
0.809690426837506
0.328999590931517
0.0300727632898088
1.6893934949469
1.35926688358086
0.084101647135185
0.145155103059551
1.05616640740732
1.06377233304556
1.04383959406755
0.249039385504148
1.39836730583465
0.251625650503001
0.139442581622916
1.46618441002283
1.51355673759599
0.121558840193757
0.19236032940762
0.931146778709262
0.133332679194154
0.355647415046633
1.42741396515612
0.354052139528903
0.0250790598695403
1.39821652946762
1.28802888823361
1.40065317690483
0.823863868045009
1.3211477790735
1.28905681879746
0.18435406227195
0.142642627532723
0.110965722185938
0.142331093643634
1.16824540015341
0.112565877514726
0.335810426995295
0.269818849951889
1.32558124312141
1.62583031041731
0.268880591132074
1.68896977598297
0.0836986639071711
0.124956880409854
