34.8340923605742
818.374943174762
37.0038216044354
191.854739594732
191.923729690278
810.970231112314
190.194818244555
36.578112946936
198.432211589204
774.831915520022
178.267319102458
194.414436956988
177.68421686226
40.6654598063717
189.596876642702
36.8784606658726
816.32039422233
812.264934289466
190.593651177364
191.58501831048
796.669308798965
180.779687949794
38.7328706830626
181.306260113005
197.515458662034
36.1884786832566
41.6581025699811
824.37028601331
35.5770521704819
185.432347273277
802.091276678609
792.348789081264
177.891910776012
37.9444223732039
190.418076551556
190.209891421925
178.927156483184
789.131107338852
802.53424731084
786.518529892783
193.045950427661
37.318626596395
193.708839877146
191.059415305539
188.866868304126
184.783239361015
187.402000963411
190.436712943822
805.056317011129
39.7591700128798
33.7336161978496
