8346.65044248996
8317.57860802013
8375.19664533191
8361.31655133185
8489.09034131473
8264.69831473366
8546.7098610165
8516.64315172227
8516.6360292765
8440.98831635991
8312.74338323384
8375.20122086028
8375.20074264963
8322.23684497096
8516.63822638755
8516.63299795845
8389.51504827906
8346.64505512169
8407.78242368715
8489.09872794068
8361.31123408128
8489.0919474522
8145.53650886795
8346.64604973503
8283.51988352168
8524.56595874007
8516.6404461615
8516.6339158536
8516.64443374253
8145.53720380283
8334.08543779934
8312.7425486872
8346.64468127734
8375.20376630704
8334.08125433175
8516.63281870891
8440.98494276011
8346.64764643738
8346.64432988989
8145.53575612933
8516.63630533841
8375.19942388911
8407.78080640554
8546.71455970844
8346.64792857064
8418.09019639678
8433.7453334543
8346.64699778941
8346.64447335729
8201.32472505114
8341.45895222435
