2452.33819778548
2520.77388918231
2520.77392234252
2520.77386220709
2452.33824590056
2452.33821927898
2520.77387711918
2520.77388791249
2520.77389419878
2523.03441118169
2520.77402923403
2452.3382162555
2479.82943287122
2520.77387840418
2452.33820077533
2548.83803960772
2520.77391606443
2452.33824095098
2520.77396583221
2520.77394612898
2452.33820188582
2520.77393901705
2520.7738996945
2102.8303982339
2520.77387861206
2520.77386829788
2520.77386516085
2520.77386570534
2520.77393941177
2102.83034899656
2548.83805838831
2520.77386704345
2523.03441212759
2520.77386325439
2520.77389521501
2102.83034056011
2520.7738605469
2520.77392026861
2520.77386289345
2520.77391620911
2520.77386533418
2452.33840818714
2102.83037654879
2520.77391299953
2151.69220745772
2452.33821640581
2520.77390254932
2523.03441220287
2452.33822734377
2452.33824175378
2520.77386000432
