740.401654957718
740.6887430788
741.267983024379
732.660171054139
755.240070317043
733.153444973119
727.386235255761
743.236454764428
737.639665734975
729.178367651982
742.42541419373
742.690578097896
739.503366922465
732.470839748488
734.544932504979
742.343813793542
731.136439071225
735.693645825522
744.488416390985
744.938150323606
746.929607099995
740.651871965393
736.149918559615
749.511575106387
737.486339979817
736.504547332802
738.647284176216
727.720826254884
737.064506942998
734.629860823499
749.313845124472
741.295716200825
746.145587276051
737.366083802648
735.707406875114
738.678269622383
736.263654908656
742.564261905743
737.590002543753
743.974732542756
739.229020267451
742.700081695392
738.365510778911
754.755838335024
741.234263399134
732.998238232953
744.067486386604
742.015363773269
735.309793924601
733.541497461159
732.747301563252
