448.265048131954
441.384670892795
442.13681281661
449.206839859954
441.629940254537
445.877265693578
442.159447116054
449.160128352116
451.392862270042
443.566118916638
449.570420920675
448.765323593901
441.429753097506
444.180796204825
448.509293657052
441.14777927766
449.652877945326
451.721088677476
446.300879963988
443.769570059679
449.346684237183
450.592928344093
443.757484263524
449.156933630997
448.892926625766
441.80818935769
443.199694463197
448.386621585468
451.938500661584
454.863830270659
441.971716850645
443.250249003196
450.565949214652
440.205965722034
448.965238702422
442.93498123275
446.134131448628
450.268370148594
441.060684571559
450.656009852894
441.959206244538
452.262739017433
440.7874380067
439.9869989482
441.855730236843
449.146230562656
448.662879742457
449.880551912366
443.759151358337
442.552912691752
448.821729161156
