1158.74353600792
1158.74353580332
1144.61402606704
1158.74353753432
1158.74360232005
1158.74354172674
1205.927649893
1160.57064817366
1158.74360239554
1160.57065268612
1158.74360467537
1158.74353534764
1158.74360915723
1158.74353988679
1158.74353657974
1160.5706477625
1158.74360363624
1160.57064679347
1158.74360422953
1160.57064748485
1202.46616540507
1202.46617814137
1160.57064891884
1160.57064655804
1158.74354155281
1158.74361012704
1202.46630162235
1158.74360947164
1144.61405304656
1160.57064911132
1160.57067715976
1158.74360194699
1158.74360503762
1160.57065865674
1202.4661690355
1158.74353542782
1158.74360360731
1160.57065388781
1160.57065272936
1158.74360323557
1158.74361570663
1202.46640686817
1158.74353566324
1160.5706592984
1158.74353786208
1202.46651845113
1158.74353548781
1158.74360275624
1202.46631966419
1158.74354491352
1158.74353559498
