0.0431324701926314
0.00220034066069275
683.092989420118
0.00480244742379909
3.82853995688492e-05
0.397532164017321
4.67039171780925e-08
0.0171706004191492
2.19806679524481e-08
0.0151030421532141
4.15369929057556
1.47361615745467e-05
10266.9908424747
129.6445095937
108.665021443725
178222.858043012
8.29591044748668e-08
0.00154405810872049
1.15423972602002e-07
0.00234006529944963
0.00452584540175849
259.221437663607
348.251306330622
0.00933663602381785
0.00705606847145646
0.536015630076008
0.00527704775731763
1.65308483701665e-06
0.0473464760857496
0.000619486437699379
1.96223481907509e-10
1.6731392229392
0.0156690665637598
4595.3091277633
1.4112167264102e-05
32312.8515442813
0.0408912250961748
0.000464495264168363
1733.359026822
0.0006821629579008
3.23584673855203
10053.8460026526
0.00242814113312306
3.52269914856151e-05
8.27708163342322e-07
9.10550270418753e-05
6.75118599247071e-06
1981.94788957107
0.0485676242435602
733.518384195443
2179.71920711594
