5.42961402061337e-07
3.29281647282187e-07
5.55892484044307e-07
3.09912252305367e-07
2.9425007141981e-07
2.60666297435819e-07
3.59381260750524e-07
5.90863692195853e-07
1.94336735148681e-07
2.30672412726562e-07
3.26167992170667e-07
2.39393443735025e-07
1.40450765684363e-07
5.58968963559892e-07
4.94589357913355e-07
4.9218306230614e-07
4.06965568799933e-07
2.30948558055388e-07
1.97732902051939e-07
2.29137299356807e-07
4.3507725422387e-07
3.92812466998294e-07
2.64645791503426e-07
3.12921088152507e-07
7.21375045031891e-07
2.63969354818983e-07
2.6550833354122e-07
3.10618702314969e-07
1.93106416190858e-07
3.68885480384051e-07
1.38261157189845e-07
8.75426508173405e-07
2.14572992263129e-07
3.32438503392041e-07
2.25622898142319e-07
3.88978946830321e-07
3.99355144509173e-07
3.29842123392154e-07
3.46836714015808e-07
2.795795808197e-07
2.56833345702034e-07
2.8178055799799e-07
5.5315990721283e-07
5.88298462389503e-07
2.5158828975691e-07
2.98774239126942e-07
1.93788537217188e-07
4.33991090176278e-07
5.10978679812979e-07
2.78593461189303e-07
2.3987570330064e-07
