0.0206256486603706
8.49747250413202e-05
0.846787901081143
0.17509198494588
0.0596296425089804
0.639634936205539
0.0263887263234892
0.315416471853155
0.023225956178976
0.0166071049559378
0.571009103348956
0.0105149613400499
0.00116557497221947
0.0304185098509606
0.309511443633824
0.0386621981875805
0.348172179366429
0.196654440790553
0.12633528411618
0.0504223508920632
0.0329455791869577
0.0178628880672704
0.470734849231235
0.00939887152526353
0.0279890402854335
0.820822789356612
0.0112370654929919
43.4473315349711
0.0192401257432948
0.0347118489828517
0.00476260396885664
0.00664196485968205
0.0620788722724228
5.55581304979569e-05
0.0618647950689137
3.11672081874303
0.48777476152145
0.0120268126283918
0.700290823969681
4.48242725497039e-05
1.53787695670587
0.028568658985705
0.399154620759987
43.4473315349711
0.0355540116408974
0.0963396135776975
43.4473315349711
0.012819600925468
0.410495605670803
0.000218756368667528
0.0596952376697573
