12.2967056852387
12.7720837247396
22.4831744592688
19.97798936329
19.4344530416221
30.5795298857896
37.8082332364047
17.4460191776277
35.5440567318475
20.4327382255196
28.1200020451699
40.4077055356249
15.346855876337
16.5363490374682
16.1325359312175
18.2246067802212
47.9964493006095
17.0622958424019
53.0569603205045
18.0518695193211
58.5276797248192
20.1944410170158
24.1300481674214
23.3802078188758
47.7467180083048
19.6642527640569
30.332215637166
24.5918328008936
17.3875082263938
52.2062305893119
17.8505243239391
23.4502645148859
18.8827308999873
13.5869929389363
24.4638681973695
59.8719154363127
16.3627574619954
21.9041738092831
28.507253262469
18.7180499696135
37.7233207001525
21.5569381148526
14.0036879040248
19.9449701200278
42.4274862479726
7.17145492205145
21.8222216035804
33.5456340106108
67.657428041721
16.4192108588957
33.2190226970228
