13.6850602619052
13.0912925078551
14.0489330474547
13.8169305363322
13.7740843964422
13.7607927606251
6.54206140140889
13.3884402019312
14.6088381992998
13.7140967659641
6.75367602947313
13.3227252739971
13.1492544288561
13.3169673344925
13.0048984469541
12.7463842812745
12.7343880341639
14.0882309718928
6.08558586024003
9.65537813893104
12.0307912103773
12.2184391444702
15.4234405904364
15.6099779492044
5.88807239563425
13.7699405749805
13.2600559756432
13.0606078877342
13.4995265177656
13.1955670625157
13.7979147551936
12.8910609470971
9.61319025218904
12.3344193414624
13.1996871856097
7.21101643423424
6.90496695937247
6.208937066972
12.1096671494325
12.5220424575353
13.038500929974
14.0638088428003
15.7606491538105
11.3219358236549
10.9750782867889
6.40459964207946
7.57390795286233
6.62110518910447
7.26582231133114
13.2060512842086
13.0525287010835
