445815.587236846,1172750.50197738,1124203.78594496,425661.47570135,848771.960768,403714.763324939,488432.63341553,865753.460127874,461027.457678895,928637.92651018,1043329.09443002,575685.266831026,1192414.05840614,526670.313718702,740296.978491019,860975.028020681,814204.637602178,778613.409003163,741053.468331522,808727.009889252,529342.097343192,402067.094688316,358869.1885422,916359.73834377,536894.274348728,471907.203291215,916785.177899699,164583.577488463,624419.552199163,838697.152229886
268937.915038449,560210.029404297,592625.558057532,116161.424958133,241900.203598129,205213.296446315,127363.142328707,346833.529874206,241071.710643399,169371.867354628,205846.970321157,205507.243563062,207571.605321169,310861.078787106,146259.287690819,229626.003616455,239888.461207945,613470.615765167,475286.309735614,294108.748231496,376029.536292223,272697.201303722,151513.627782066,331544.537912403,163161.731279893,227761.024659531,389599.802942254,164583.577488463,270979.596649083,251711.324264031
78682.0595299286,163719.22489248,112518.618934236,58071.3537597273,48835.1507008614,46541.5107523083,78513.3469202738,93777.8638148873,61897.2667745324,115852.712211601,180601.688938398,118169.989586213,63994.6148810019,18334.988507427,54437.2591566415,63117.1299171689,98454.4039998493,204397.745414925,118873.975156565,136072.796052675,117929.408563779,58111.7434131376,35044.5208920246,133645.347722788,92044.9135507935,87140.7072924843,63139.6058893041,112132.66107936,72339.5990393038,49611.0325991925
14083.7901913951,42167.8099986907,29468.3002089825,8908.90181025707,15971.1755762988,7860.88081942226,4662.76551277338,13805.0765725106,7426.37337302082,8769.13364680472,25889.8681849868,9130.03221372899,5335.39002753792,18334.988507427,10900.8454223037,13184.6256952786,11269.179245319,51173.6633597771,33807.2276797515,17008.2270441444,20295.7131533483,14597.9042174624,6905.40573306326,12890.4382225776,6395.17779656607,17533.8464934566,6333.63071179778,12474.4105154334,13556.4654430311,11388.267054725
863.02210529968,2332.08984107268,1028.33583856856,134.498332881444,482.566520799069,734.071222678596,573.114014550673,868.76265292049,426.531856630107,1892.11675379002,477.331513010321,141.71808628298,446.820175894724,728.31794788813,482.777142309888,720.962962123105,377.868909436063,1733.00548451643,776.959404513497,1095.40883100057,2561.3524718628,1402.8703922416,322.689743038093,613.240866744696,467.127853008424,675.678965233285,447.504036711964,119.388784995391,433.944050400281,1077.78650754925
8.28145558887279,19.0185005713314,6.92341519145188,1.233096167013,18.3858459252677,4.01432456815751,1.71755604122319,16.0091942343069,4.06340111799355,14.1028123313123,2.85725029706509,4.00567421654104,2.46517035030917,11.0344421784608,3.5844968446325,4.47964146577785,6.77623152209536,12.5862481850637,8.22890709036895,20.5469987904646,12.9730365239448,9.3928793608823,2.52059315899226,11.4617775733931,10.1502958573426,21.0320516012132,2.53154263409907,3.06840938477957,3.14158451504684,5.85003147871441
0.0272021722477689,0.0388376515402484,0.043665561278587,0.101106231938644,0.205402891951238,0.40814436892957,0.00503460092554064,0.0123541245554151,0.231155622903017,0.0104904771388163,0.501093703944676,0.589111719757128,0.0527514892241356,0.0270014693201119,0.0249755221047963,0.203661089380205,0.955807651550828,0.0169173966012437,0.0731961265171037,0.412826685989742,0.0381735906867817,0.88592031341787,0.151700259567136,0.142433190080567,0.223123521419808,0.226184588449115,0.377168390442108,0.0292440496560999,0.295514453468527,0.190182645432884
0.0235572797171955,0.0248708609774297,0.0351036711576711,0.0892448846336009,0.150176528579905,0.118019797241132,0.00388184532855007,0.00790002206032625,0.112142734118322,0.00301492183909602,0.243896989805833,0.281508826759989,0.048294806214443,0.0222536271877658,0.013881299881163,0.100270706472045,0.820418970173762,0.0130690987188302,0.0676143108022416,0.394952899327521,0.0306912880072616,0.383255756452925,0.137436151381451,0.0788202908451154,0.131112448086583,0.159674640078634,0.320474795800877,0.0219119684787188,0.249656801612289,0.132433158239252
6.43410658085486e-09,1.02872803608989e-08,1.03373508864024e-07,1.26394610333591e-08,1.88646822607552e-08,4.18171453020477e-09,6.38166852695576e-10,3.57387364147144e-09,1.89062632216519e-09,6.14225825756876e-09,2.82811640772707e-09,1.82288317773782e-09,6.05847532142434e-08,1.50290873079939e-08,6.70453914608515e-10,5.32018873400375e-09,2.61053060057748e-07,1.32984467882125e-08,1.31433495198507e-08,1.64160614701814e-06,3.31097567141114e-08,7.86656073614722e-09,1.41167362244232e-08,2.69180588929885e-09,4.04408240228804e-09,3.84926579499734e-09,4.42935998989924e-08,2.55433008078398e-09,7.07170812574986e-07,4.42751115770079e-08
0,0,0,0,0,0,0,0,0,0,0,0,0,0,0,0,0,0,0,0,0,0,0,0,0,0,0,0,0,0
0,0,0,0,0,0,0,0,0,0,0,0,0,0,0,0,0,0,0,0,0,0,0,0,0,0,0,0,0,0
0,0,0,0,0,0,0,0,0,0,0,0,0,0,0,0,0,0,0,0,0,0,0,0,0,0,0,0,0,0
0,0,0,0,0,0,0,0,0,0,0,0,0,0,0,0,0,0,0,0,0,0,0,0,0,0,0,0,0,0
0,0,0,0,0,0,0,0,0,0,0,0,0,0,0,0,0,0,0,0,0,0,0,0,0,0,0,0,0,0
0,0,0,0,0,0,0,0,0,0,0,0,0,0,0,0,0,0,0,0,0,0,0,0,0,0,0,0,0,0
0,0,0,0,0,0,0,0,0,0,0,0,0,0,0,0,0,0,0,0,0,0,0,0,0,0,0,0,0,0
