8.28145558887279,19.0185005713314,6.92341519145188,1.233096167013,18.3858459252677,4.01432456815751,1.71755604122319,16.0091942343069,4.06340111799355,14.1028123313123,2.85725029706509,4.00567421654104,2.46517035030917,11.0344421784608,3.5844968446325,4.47964146577785,6.77623152209536,12.5862481850637,8.22890709036895,20.5469987904646,12.9730365239448,9.3928793608823,2.52059315899226,11.4617775733931,10.1502958573426,21.0320516012132,2.53154263409907,3.06840938477957,3.14158451504684,5.85003147871441
0.0254858430581351,0.0284591115760406,0.0361218077742365,0.100329664821388,0.202616978709031,0.400113954088098,0.00443606071146974,0.00816646059952575,0.226778692180417,0.00312438315688723,0.490548030463088,0.580950239636948,0.0520423444045122,0.0247988517818953,0.0228738302154028,0.201358434594084,0.949172812760025,0.014128880890425,0.0715233837369169,0.410190307283557,0.031788945922969,0.863511636568035,0.149779188443929,0.138832390741953,0.215176588289637,0.208281638695709,0.374979586152804,0.0279011900185537,0.290087389973678,0.17843905629627
0.00211235178670677,0.00377009331366196,0.0164058283424851,0.00375086963113347,0.00365183615285503,0.00081602386271129,0.000103815788094153,0.00204112323017114,0.000406316359104153,0.000947824519244023,0.00139841609288283,0.000897117178155327,0.00888017515406148,0.0022265160379078,0.000199527811091116,0.00312935762283928,0.0414516297916521,0.0024079762358582,0.0118397988751298,0.0938349563334242,0.0117202572282622,0.00356713742276327,0.031175572556279,0.000343610043699982,0.00040435332525135,0.00415444172261914,0.0212831973212673,0.00235783607026008,0.0320234585873607,0.010156283571618
1.4210854715202e-14,7.105427357601e-14,1.84741111297626e-13,2.8421709430404e-14,5.6843418860808e-14,1.4210854715202e-14,0,1.4210854715202e-14,0,4.2632564145606e-14,1.4210854715202e-14,0,5.40012479177676e-13,1.4210854715202e-13,1.4210854715202e-14,1.4210854715202e-14,2.98427949019242e-13,2.8421709430404e-14,4.2632564145606e-14,4.57589521829505e-12,5.6843418860808e-14,1.4210854715202e-14,7.105427357601e-14,1.4210854715202e-14,1.4210854715202e-14,1.4210854715202e-14,1.56319401867222e-13,1.4210854715202e-14,2.91322521661641e-12,1.27897692436818e-13
0,0,0,0,0,0,0,0,0,0,0,0,0,0,0,0,0,0,0,0,0,0,0,0,0,0,0,0,0,0
0,0,0,0,0,0,0,0,0,0,0,0,0,0,0,0,0,0,0,0,0,0,0,0,0,0,0,0,0,0
0,0,0,0,0,0,0,0,0,0,0,0,0,0,0,0,0,0,0,0,0,0,0,0,0,0,0,0,0,0
0,0,0,0,0,0,0,0,0,0,0,0,0,0,0,0,0,0,0,0,0,0,0,0,0,0,0,0,0,0
0,0,0,0,0,0,0,0,0,0,0,0,0,0,0,0,0,0,0,0,0,0,0,0,0,0,0,0,0,0
0,0,0,0,0,0,0,0,0,0,0,0,0,0,0,0,0,0,0,0,0,0,0,0,0,0,0,0,0,0
0,0,0,0,0,0,0,0,0,0,0,0,0,0,0,0,0,0,0,0,0,0,0,0,0,0,0,0,0,0
0,0,0,0,0,0,0,0,0,0,0,0,0,0,0,0,0,0,0,0,0,0,0,0,0,0,0,0,0,0
0,0,0,0,0,0,0,0,0,0,0,0,0,0,0,0,0,0,0,0,0,0,0,0,0,0,0,0,0,0
0,0,0,0,0,0,0,0,0,0,0,0,0,0,0,0,0,0,0,0,0,0,0,0,0,0,0,0,0,0
