7.28958674715977,7.11074515188102,8.89320855736969,7.48536733367291,9.84736572678412,12.0992669987472,5.88796814424859,9.48711102676043,9.33782771191363,14.7639911182659,11.4018972172626,11.6923164165491,6.13681353221909,11.7404355379194,7.02367938663247,16.6859475927949,7.17627480440024,7.6884230436126,5.56535938505476,7.94503530805559,9.31107104825151,7.68613661771542,10.1699800288616,8.47516869324772,10.7217154252003,15.3934930160849,18.4539727251404,10.1831716285715,7.55862692638584,7.95838739461215
3.02516115876824,3.63919684811481,4.29419126734319,4.34434636948572,3.87176950250705,7.5137778361468,2.51903331552967,7.6096182838628,3.33928870158888,4.91517416666375,5.02113466916853,4.63355546830462,4.42038180595318,5.02987740730441,4.67596252645762,3.52799506049269,5.76072568172822,3.56427658026405,3.37486328098657,2.89303470347386,4.59292488661958,2.58428207086308,6.19461207082713,6.75265825566748,4.38891864175093,6.78665087054196,5.00793575318949,5.20156627531924,4.68796333246974,3.5870025206068
1.64889723619308,1.30540636513615,0.939718991802692,0.646378839702265,2.22523568189536,2.63440477868699,0.667625942714949,0.880272833242998,0.71744482235863,1.96453780111824,1.45983747324044,0.879680848972384,0.526516678329244,1.17999565898299,1.53792427102871,0.982756820762006,1.11651071325832,0.913967737184066,0.652837637092489,1.14354013716911,1.09863316993687,0.584789638075563,0.661783465472581,0.785953938844614,0.837222076110265,2.43762453518138,1.75365075487662,1.22384106963818,1.01283421213884,0.578868001543924
0.0762147537407145,0.130087884113891,0.0954181832157701,0.0882073352177031,0.129045151931678,0.295089895975252,0.168637253807901,0.260290366035406,0.221280434746404,0.196983518150773,0.29578714066156,0.189822960926904,0.0772660587435894,0.179607854232017,0.215648460864031,0.0901239684972097,0.142111138651671,0.0540946827659354,0.175204989339363,0.0957213227220564,0.209837554818478,0.0999299175455235,0.158469680965936,0.111683719155735,0.121597446372107,0.513962296722639,0.366925201298727,0.316561643291607,0.159079809708601,0.0966088713994395
0.00871292754163733,0.00330987032702978,0.0185224633069083,0.00338338739311439,0.0191433929603591,0.0346220545779943,0.0106388467647776,0.0215934956713681,0.00618222980847349,0.00273661520714086,0.00419617586248933,0.00600090119860397,0.00370268566530285,0.00871207401269203,0.0117595946931033,0.00426870645605959,0.00571489292815386,0.00420356465292571,0.00300148382302723,0.0027936985325141,0.0253536354703101,0.010882438941735,0.00509234790024493,0.00352958394796588,0.00370548434329976,0.00759906020630297,0.0149184487245293,0.0144033251372093,0.00752984294013004,0.0052350875312186
4.60657611256465e-05,3.55607489836984e-05,0.000164549792316393,0.000198969651137304,0.000150617623148719,0.000159900938342616,7.13153167453129e-05,6.18830645180424e-05,4.67093768747873e-05,0.000110582496745337,2.57203355431557e-05,6.75471046633902e-05,4.39841514889849e-05,3.60864942194894e-05,6.34892194284475e-05,7.33535762265092e-05,5.95412157053943e-05,3.48738358297851e-05,2.58736499745282e-05,2.3938389858813e-05,0.000302159735838359,2.90513680738513e-05,5.44992744835326e-05,2.33988639593008e-05,4.96862876389059e-05,0.000199735639398568,0.000178806380972674,8.75782207003795e-05,6.00337989453692e-05,5.85599136684323e-05
3.29091562889516e-08,4.69090082333423e-08,3.19005266646855e-08,6.13799784332514e-08,4.71600287710316e-08,7.93770595919341e-08,1.48993422044441e-08,2.21943992073648e-08,9.30958776734769e-09,2.81570464721881e-08,1.68402038980275e-08,3.80287019652314e-08,7.54062057239935e-09,1.4142642612569e-08,1.60052877618e-08,1.92430889001116e-08,2.51857272814959e-08,1.52813299791887e-08,1.16206138045527e-08,2.56932253250852e-08,2.1993400878273e-07,1.97360350284725e-08,5.42786438018084e-09,9.81344783212990e-09,5.16993168275803e-08,4.77621142636053e-08,9.72322595771402e-08,2.6002453523688e-08,9.02400643099099e-08,3.57968019670807e-08
9.09494701772928e-13,9.09494701772928e-13,9.09494701772928e-13,9.09494701772928e-13,9.09494701772928e-13,9.09494701772928e-13,9.09494701772928e-13,9.09494701772928e-13,9.09494701772928e-13,9.09494701772928e-13,9.09494701772928e-13,1.81898940354586e-12,9.09494701772928e-13,9.09494701772928e-13,9.09494701772928e-13,9.09494701772928e-13,9.09494701772928e-13,9.09494701772928e-13,9.09494701772928e-13,9.09494701772928e-13,3.63797880709171e-12,9.09494701772928e-13,9.09494701772928e-13,9.09494701772928e-13,9.09494701772928e-13,9.09494701772928e-13,9.09494701772928e-13,9.09494701772928e-13,0,1.81898940354586e-12
0,0,0,0,9.09494701772928e-13,0,9.09494701772928e-13,0,0,0,9.09494701772928e-13,0,0,0,0,0,0,9.09494701772928e-13,0,9.09494701772928e-13,0,0,0,9.09494701772928e-13,0,0,9.09494701772928e-13,9.09494701772928e-13,0,9.09494701772928e-13
0,0,0,0,0,0,9.09494701772928e-13,0,0,0,0,0,0,0,0,0,0,0,0,0,0,0,0,0,0,0,0,0,0,0
0,0,0,0,0,0,0,0,0,0,0,0,0,0,0,0,0,0,0,0,0,0,0,0,0,0,0,0,0,0
0,0,0,0,0,0,0,0,0,0,0,0,0,0,0,0,0,0,0,0,0,0,0,0,0,0,0,0,0,0
0,0,0,0,0,0,0,0,0,0,0,0,0,0,0,0,0,0,0,0,0,0,0,0,0,0,0,0,0,0
0,0,0,0,0,0,0,0,0,0,0,0,0,0,0,0,0,0,0,0,0,0,0,0,0,0,0,0,0,0
0,0,0,0,0,0,0,0,0,0,0,0,0,0,0,0,0,0,0,0,0,0,0,0,0,0,0,0,0,0
0,0,0,0,0,0,0,0,0,0,0,0,0,0,0,0,0,0,0,0,0,0,0,0,0,0,0,0,0,0
