4.08457886299766,7.55855495079447,5.75712557547774,4.94056365665313,9.99219143161088,7.06774240496293,4.25148183373062,6.03697338471193,5.50037175835587,4.86154179566392,8.39040228048736,6.09449690533938,9.61873019531697,11.2487398873265,4.85176595577934,10.4811212348292,2.74032829968598,8.31132054564489,8.12542003397266,4.44202046242299,4.14118102170528,3.92206762331966,7.20395781500224,8.26969354409187,6.74075039597687,10.0553103872249,2.85163672279691,4.72439285817734,6.03033690332563,9.76432149188997
1.50353522109606,3.13727739886144,1.43759410044208,2.95125381412572,1.85168394625509,1.12793586767032,3.91136314251537,2.85839683607276,2.69504978323812,2.52045419314356,2.8212827269748,4.34165136270371,4.21130358284574,5.04275193156889,3.87942703309943,4.04810360516069,1.76076769392046,4.63943674183963,4.48732131223915,1.66849111659633,3.06676420126598,1.7304692153474,1.91614816659353,2.38516433550717,2.29015440003673,5.59226724614075,1.65218186825018,3.76323899691499,2.07904462503825,4.03860148261367
0.589070202440439,0.761222587219208,1.00254612020399,0.845935793835451,1.17270572145435,0.610180953261079,1.0888254720038,0.713254547914744,0.816002654178419,1.02556967906605,0.823409148586279,1.0019942603551,0.934712059740264,1.44775395054921,0.497405143054038,0.850269034206121,0.912918263352822,0.931651569543874,1.55615872111684,0.366363508207769,0.731132429913714,0.643267131440894,0.634325683271641,0.565712872592826,0.475168887513064,1.27345226579018,0.875746358905417,0.790754849738619,0.696778630612926,1.36103464424821
0.19096256889145,0.204145687919777,0.133192360247335,0.0366405528752693,0.112558999292332,0.0543199802320942,0.150417638643262,0.147320118228549,0.0681463011770802,0.331043479212894,0.111020666310424,0.0929309223944301,0.117591130966503,0.150482614371867,0.07605646721629,0.193018355468098,0.118702708297292,0.105082336268993,0.26818939783368,0.0651665880689052,0.209574092995467,0.139649483193807,0.141901072459291,0.14784451637945,0.116934602860738,0.195630427586366,0.346769608375894,0.0900740513337723,0.0916878751687591,0.29289377982775
0.00599035935806569,0.00998187989603139,0.00924151419746977,0.00463518913500138,0.00864655142800075,0.00320097261601404,0.00923887267481405,0.00443012281834854,0.00699137637650438,0.00939803572623532,0.00595819985369417,0.00281608366572073,0.0102242751829635,0.00515326615425238,0.00308779799865988,0.00475096772663619,0.00405834421997042,0.00321674931683447,0.00830469992490634,0.00194393654487612,0.00919480471202405,0.00259762240636974,0.00311595698269684,0.00536297331780133,0.0034409327714684,0.0139902071172173,0.0107833095568139,0.00308512415074347,0.00261102343461062,0.0127843004656825
6.36162400269313e-05,0.000110564792521473,9.27676578612591e-05,1.80546950332428e-05,0.00016543238803024,7.24473707123252e-05,0.000153761014757947,6.29579483302223e-05,0.00011871471019731,0.000212768567507737,3.55718985929343e-05,1.79232855543887e-05,7.95151682950745e-05,2.3321041339841e-05,1.60971491141026e-05,0.000120036081511898,4.35613674198976e-05,1.7313941498287e-05,0.000102299222021429,1.26012653254293e-05,3.70666398339381e-05,5.3639903740077e-05,0.000121850981599891,0.000125886033856659,4.86214250940975e-05,7.86726351407196e-05,7.74497864313162e-05,3.44006039085798e-05,3.1926923611536e-05,0.000104134805496869
9.17335682970588e-08,3.17400008498225e-08,2.25891540139855e-07,1.94543190445984e-08,1.20593085739529e-07,6.71168436383596e-08,6.49083631287795e-08,1.33334197016666e-08,1.70733756021946e-08,1.53589894580364e-07,9.93884441413684e-09,8.22285528556677e-09,6.732739166182e-08,8.03731836640509e-09,6.75822775519919e-09,4.16546299675247e-08,1.21192442747997e-08,7.3331420935574e-09,2.35967263506609e-08,7.28198301658267e-09,1.04723767435644e-08,4.51709638582543e-08,2.34360868489603e-08,1.0042526810139e-08,2.0401898837008e-08,1.95504981093109e-08,1.30952457766398e-08,1.01537125374307e-08,1.96249629880185e-08,3.49656374964979e-08
2.27373675443232e-13,1.13686837721616e-13,2.04636307898909e-12,0,1.25055521493778e-12,1.13686837721616e-13,1.13686837721616e-13,1.13686837721616e-13,1.13686837721616e-13,1.36424205265939e-12,2.27373675443232e-13,0,2.27373675443232e-13,1.13686837721616e-13,1.13686837721616e-13,3.41060513164848e-13,2.27373675443232e-13,0,3.41060513164848e-13,0,1.13686837721616e-13,2.27373675443232e-13,1.13686837721616e-13,1.13686837721616e-13,2.27373675443232e-13,0,1.13686837721616e-13,1.13686837721616e-13,1.13686837721616e-13,4.54747350886464e-13
0,0,0,0,0,0,0,0,0,0,0,0,0,0,0,0,0,0,0,0,0,0,0,0,0,0,0,0,0,0
0,0,0,0,0,0,0,0,0,0,0,0,0,0,0,0,0,0,0,0,0,0,0,0,0,0,0,0,0,0
0,0,0,0,0,0,0,0,0,0,0,0,0,0,0,0,0,0,0,0,0,0,0,0,0,0,0,0,0,0
0,0,0,0,0,0,0,0,0,0,0,0,0,0,0,0,0,0,0,0,0,0,0,0,0,0,0,0,0,0
0,0,0,0,0,0,0,0,0,0,0,0,0,0,0,0,0,0,0,0,0,0,0,0,0,0,0,0,0,0
0,0,0,0,0,0,0,0,0,0,0,0,0,0,0,0,0,0,0,0,0,0,0,0,0,0,0,0,0,0
0,0,0,0,0,0,0,0,0,0,0,0,0,0,0,0,0,0,0,0,0,0,0,0,0,0,0,0,0,0
0,0,0,0,0,0,0,0,0,0,0,0,0,0,0,0,0,0,0,0,0,0,0,0,0,0,0,0,0,0
