8.15979250057944,9.86095192651601,34.0515683275335,56.6701277961058,40.5120035263894,12.7769126796154,78.7292901107839,8.6800632945492,12.6522863466676,6.70693813848288,35.2936800334508,7.79638385165936,120.404926987425,6.82668977360709,25.9543696629175,10.5274448612938,20.258944409994,4.72099375138669,9.17974826917839,10.292547581548,27.0392359850823,19.5756008849403,20.8721161685644,114.814054231246,14.056506914633,11.4449257428273,4.70746083404833,3.33515551601636,24.5343504334382,32.0521575475934
0.0843135897812317,0.285427898038961,0.716526818273906,1.48537907522245,0.47538739449783,0.217006559037827,2.85753607907213,0.434835667942252,0.145779140025525,0.0850007277833811,0.625272977250233,0.783403781786319,0.910777288762574,0.244690198759827,0.551183205120196,0.146827602573694,0.351896417411808,0.264093521709583,0.422323205267048,0.638497186661198,1.8133152230464,0.261634944852403,0.618955636050714,0.605463612350604,0.27732497514944,0.203702006309641,0.600150071313919,0.200262048346076,1.63213308338914,1.39716508388847
5.20374478583108e-05,1.31119286379544e-05,0.00281130143275732,0.00180611496375604,9.50223829931929e-06,8.72028881531151e-05,0.0186615498580522,3.9011443277559e-05,0.000180223091092557,2.32012530432257e-05,0.000644957875692853,0.00305159206732242,0.000113189126523139,0.00120782286057874,0.000187007080057811,7.20103666935756e-05,0.000111701963078303,0.000144167437383658,0.00403517407607978,0.000343330522809993,0.0017425097710202,8.42551298774197e-06,0.000448698061745745,1.93512867099344e-05,6.86153041442594e-05,5.96217123529641e-05,0.000500506639355081,5.10842655785382e-05,0.0011395524757063,0.00110070166920195
0,0,0,0,0,0,2.27373675443232e-13,0,0,0,0,0,0,0,2.27373675443232e-13,0,0,0,2.27373675443232e-13,0,0,0,0,0,0,0,0,0,0,0
0,0,0,0,0,0,0,0,0,0,0,0,0,0,0,0,0,0,0,0,0,0,0,0,0,0,0,0,0,0
0,0,0,0,0,0,0,0,0,0,0,0,0,0,0,0,0,0,0,0,0,0,0,0,0,0,0,0,0,0
0,0,0,0,0,0,0,0,0,0,0,0,0,0,0,0,0,0,0,0,0,0,0,0,0,0,0,0,0,0
0,0,0,0,0,0,0,0,0,0,0,0,0,0,0,0,0,0,0,0,0,0,0,0,0,0,0,0,0,0
0,0,0,0,0,0,0,0,0,0,0,0,0,0,0,0,0,0,0,0,0,0,0,0,0,0,0,0,0,0
0,0,0,0,0,0,0,0,0,0,0,0,0,0,0,0,0,0,0,0,0,0,0,0,0,0,0,0,0,0
0,0,0,0,0,0,0,0,0,0,0,0,0,0,0,0,0,0,0,0,0,0,0,0,0,0,0,0,0,0
0,0,0,0,0,0,0,0,0,0,0,0,0,0,0,0,0,0,0,0,0,0,0,0,0,0,0,0,0,0
0,0,0,0,0,0,0,0,0,0,0,0,0,0,0,0,0,0,0,0,0,0,0,0,0,0,0,0,0,0
0,0,0,0,0,0,0,0,0,0,0,0,0,0,0,0,0,0,0,0,0,0,0,0,0,0,0,0,0,0
