231.289096606925,522.346462958334,133.306304205963,486.00924123181,863.631836113058,115.482634848393,98.0430115972597,190.028985164581,725.406945781309,1118.8617922292,155.679248450917,444.535166431278,516.282569786219,560.490700583291,1320.63950090085,582.583753848941,1002.65440336864,1098.78000865483,1694.59135330303,443.788740452512,2755.51633900197,1909.4148331759,1838.11054314219,564.327272186692,338.223431282786,638.429830285876,46.1936212774988,3516.75289715034,716.202149727293,1020.39162551972
50.8628637650154,320.24389180101,133.306304205963,486.00924123181,863.631836113058,115.482634848393,98.0430115972597,135.226413895335,725.406945781309,574.269237935759,155.679248450917,444.535166431278,516.282569786219,560.490700583291,490.047071765836,582.583753848941,465.712283462302,1035.74627990682,144.379388334533,337.225320295706,989.427882844688,1909.4148331759,1838.11054314219,546.132701554764,293.733578891048,512.449039408415,46.1936212774988,2642.45894216564,75.3236009158775,889.537027991559
49.2925147019796,215.664750118504,133.306304205963,249.652399533253,214.202680911345,115.482634848393,98.0430115972597,61.3439226660778,358.830023609217,84.6919058302299,155.679248450917,444.535166431278,412.361407818286,123.995377854536,332.336697727758,582.583753848941,136.374755141095,98.3513214039242,97.5480380581528,320.569588899024,435.406763678897,233.006330667665,267.2289115689,318.119921886959,110.098408617153,473.384320081369,46.1936212774988,141.139414637218,75.3236009158775,752.416053126845
49.2925147019796,203.198539963941,130.84652522919,249.652399533253,214.202680911345,22.8830510156654,98.0430115972597,61.3439226660778,85.9645793126231,84.6919058302299,155.679248450917,363.113117321197,412.361407818286,35.5795989584562,332.336697727758,87.6702238302762,20.258944409994,47.3460136657447,19.0950456684507,119.478386826878,150.218631570473,112.624300482266,267.2289115689,318.119921886959,14.056506914633,11.4449257428273,46.1936212774988,54.0825368756755,75.3236009158775,72.6311259371289
20.3654075509439,55.1745527918322,64.5081422329545,75.9596261632346,104.638211758351,22.8830510156654,98.0430115972597,48.4227348702075,33.1366486430641,29.8237843466084,66.2316533420785,46.1228657458332,127.812524394965,35.4069013366602,173.405723679494,62.640421019599,20.258944409994,12.954347815439,15.5168476428983,27.4448391759561,53.8761036622129,93.4880518691468,118.983846365649,318.119921886959,14.056506914633,11.4449257428273,22.72083694874,4.35143511205888,75.3236009158775,65.3443966073019
8.15979250057944,9.86095192651601,34.0515683275335,56.6701277961058,40.5120035263894,12.7769126796154,78.7292901107839,8.6800632945492,12.6522863466676,6.70693813848288,35.2936800334508,7.79638385165936,120.404926987425,6.82668977360709,25.9543696629175,10.5274448612938,20.258944409994,4.72099375138669,9.17974826917839,10.292547581548,27.0392359850823,19.5756008849403,20.8721161685644,114.814054231246,14.056506914633,11.4449257428273,4.70746083404833,3.33515551601636,24.5343504334382,32.0521575475934
0.825081847734054,1.33423188389065,2.11734296477857,5.78584186710214,2.90586620321028,0.864584107579049,7.38256908839185,1.15477891347132,1.03432723503465,0.721679177429223,2.22227298151461,2.78938149459168,7.88145177019805,0.697399625596745,2.2223802020394,0.818850576151362,1.41230678675993,0.75730739985579,1.33966048205025,5.07750036313314,7.63488979697399,1.16215077425113,1.82278483142818,5.10232293433364,0.918940222057017,0.825796293401936,2.2269177664989,0.616475520120048,4.55018615055928,3.36840101158828
0.00452733889164847,0.00381383168519278,0.115158657599295,0.0596501637701294,0.00598504302411129,0.0141115954997986,0.476592145034601,0.00735846115162531,0.0120146727936117,0.00197351524070655,0.089402025715799,0.139441151833807,0.0137621984088128,0.0339536609033075,0.0175249853175501,0.00848101182828032,0.0083349012072631,0.00984629760341704,0.0662558765181984,0.0333442875619312,0.242402841535295,0.00572489851720093,0.0162149129680529,0.00539442389913347,0.0338928075748299,0.00985686892386184,0.0297794740813515,0.00402447184774246,0.205310230484201,0.0317654608579687
3.49928086507134e-10,1.77124093170278e-10,1.33109097077977e-08,1.21005996334134e-08,1.47792889038101e-11,5.84122972213663e-10,3.82692633138504e-08,7.02584657119587e-11,2.03294803213794e-09,2.166871126974e-10,2.15095496969298e-09,1.48070284922142e-08,9.272298484575e-10,7.5556272349786e-10,5.20253706781659e-09,1.12322595668957e-10,2.21007212530822e-10,1.40971678774804e-09,1.82151325134328e-08,2.11684891837649e-10,5.28689270140603e-09,3.66071617463604e-11,3.75302988686599e-09,6.09361450187862e-11,5.19548848387785e-10,1.18689058581367e-10,1.43154466059059e-09,6.88942236592993e-11,1.24600774142891e-09,7.32711669115815e-09
0,0,0,0,0,0,0,0,0,0,0,0,0,0,0,0,0,0,0,0,0,0,0,0,0,0,0,0,0,0
0,0,0,0,0,0,0,0,0,0,0,0,0,0,0,0,0,0,0,0,0,0,0,0,0,0,0,0,0,0
0,0,0,0,0,0,0,0,0,0,0,0,0,0,0,0,0,0,0,0,0,0,0,0,0,0,0,0,0,0
0,0,0,0,0,0,0,0,0,0,0,0,0,0,0,0,0,0,0,0,0,0,0,0,0,0,0,0,0,0
0,0,0,0,0,0,0,0,0,0,0,0,0,0,0,0,0,0,0,0,0,0,0,0,0,0,0,0,0,0
0,0,0,0,0,0,0,0,0,0,0,0,0,0,0,0,0,0,0,0,0,0,0,0,0,0,0,0,0,0
0,0,0,0,0,0,0,0,0,0,0,0,0,0,0,0,0,0,0,0,0,0,0,0,0,0,0,0,0,0
