2.21732983960601,1.13883014585417,1.38347152910842,1.63096680398053,2.80440337137043,1.80947164506961,1.6864497551021,1.42325199558286,2.70414891048586,2.36395752355975,2.0637753697772,1.58065698696532,1.82150931998194,1.05284885244896,2.25200538309196,2.0949238611272,2.30573655038506,2.75160495365117,2.19932674698225,1.49725861332195,1.2656320183487,3.55647100439751,1.12412235500392,2.51893101842347,2.24774072039941,2.09748097393845,3.13839208063223,2.3762844501598,1.9755689019355,2.66304389840138
1.88149552306231,1.13883014585417,1.15140655747928,0.722246556235405,1.87882524837323,1.63985034210259,1.40740308330282,0.983624150419473,1.4111564659122,1.52474216141218,1.85067818849188,0.619664817667854,1.82150931998194,1.05284885244896,2.06120078701429,1.03084438209044,1.25199972666042,1.16325357881396,1.66505830800907,1.49725861332195,0.93156235585684,1.76741368026978,1.12412235500392,1.52857625286697,1.27474730505469,1.05269808364869,2.39204454849209,1.68926599329848,1.3256561810017,2.02097974108619
1.77486670787289,0.805967637541926,0.442913097012706,0.623804890069323,1.22243428302181,0.94069647850597,0.957996026907495,0.983624150419473,1.4111564659122,1.07691520702338,0.815073427860852,0.567427040938128,1.15256458774707,1.05284885244896,0.652097076480004,0.406130355048845,0.532142221447657,0.803837969740471,0.92856355469371,1.01062474839409,0.762215936339089,1.76741368026978,0.98923488102082,0.2882431866567,0.612057072031121,0.830615854276175,0.856813288080957,0.859308468157451,0.707422820185002,0.472677592613536
1.09508397057743,0.436424537828316,0.301247979592972,0.271454209906551,0.456961037909196,0.306973279253953,0.401777654928537,0.828852919386463,0.71368441943946,0.290957686370575,0.333608986071567,0.152417681991665,1.15256458774707,0.19201049179901,0.385402703135924,0.0982505883237081,0.154897831607286,0.293714224764926,0.596060517235628,0.282022270108655,0.204136802048879,1.06647898977985,0.240390378985467,0.103448794137648,0.179082953943407,0.237941694859046,0.402917562448465,0.380952884006092,0.339043436035581,0.105433002142945
0.098185193867721,0.0959752386438595,0.0512404179280566,0.0650000687244301,0.103725937327226,0.0712658617330817,0.0742368538110441,0.197623713278062,0.250484579436488,0.0804762976185884,0.157776339083512,0.0250348811209733,0.715034967847714,0.0437242371292541,0.068187253942142,0.0360791075204361,0.0432880216528702,0.0802561349000825,0.0828351584052598,0.0664464045369186,0.0574114083810855,0.186554706381912,0.0520935834197189,0.036398107949708,0.0232698874708603,0.0703348431181894,0.0434214516865268,0.136138683386889,0.0840621568916049,0.0247062099688264
0.0240291607672134,0.012318545323069,0.0102726289771908,0.0117879173951678,0.0216013957517589,0.0150331889512927,0.00956088020461721,0.0370400544402401,0.0182654407019527,0.0248664624668891,0.0515968967056324,0.00858993607994307,0.113903732106564,0.0152624622364783,0.0117300736285415,0.006379847214248,0.0118909251259538,0.00734870700694046,0.0202788181259166,0.00595841124800245,0.00736421735973636,0.0170490080934087,0.00775912279164004,0.0104763354954684,0.00751679027916907,0.0134162204183212,0.0107510467805696,0.0128573915071684,0.00822576172026857,0.00273281237286938
0.0028054227557277,0.00561791815175638,0.00412438718285557,0.00238086925855896,0.00591058360214447,0.00299048333545215,0.00333267358064404,0.0249021615472884,0.00271625683194543,0.00347657340853402,0.0251727077204578,0.0021358344743021,0.0257114910011751,0.00300835823850321,0.00255878887401195,0.0018970049266045,0.00216978709318028,0.00167424483720424,0.00571649499329396,0.00232399252058713,0.00195148959573999,0.00278694237022137,0.0022984359604834,0.00109195498043846,0.00436299116699956,0.00383626399661807,0.00433687941335847,0.00258007154252482,0.00822576172026857,0.00222301505368705
0.00141055759559094,0.00296283175725875,0.000548672622016966,0.000483827124298841,0.00395228164848049,0.00101245011524043,0.00108172691261643,0.021254173822399,0.00109414535813812,0.000529295105479832,0.0215782754469274,0.000420331958594033,0.0209292783838464,0.00182285987557407,0.000686259036683623,0.000271502787200006,0.00121996054122064,0.00107942367003488,0.00114072003066212,0.00109025261372153,0.000415168342669858,0.000410812333029753,0.0010388506043455,0.000425303170231928,0.00217418236570666,0.00156264902420844,0.00146756182812169,0.000757369105031103,0.00444665210898165,0.00183634383438402
0.00087662709347569,0.0026057112700073,0.000108587252270809,0.000379448732701348,0.00289240237725608,0.000566883972851429,0.000135189245384026,0.0207617632718211,0.00021600978539027,0.000200136741568713,0.0210375105618823,0.000241988341713295,0.0198321680845766,0.00112536016399645,0.00041869254255289,2.57937604146719e-05,0.000913281360453766,0.000856251502000305,0.000393915327549621,0.000677597157391574,0.000339665409455847,7.74570958128606e-05,0.000814154489034991,0.000277521454790985,0.000107027781950819,0.000535106805500618,0.000438315389146737,0.000427780618338147,0.00398511742969276,0.000800469529167458
0.000791295277849713,0.00238163558447013,0.000108587252270809,0.000328059103821943,0.00289240237725608,0.0004413254184783,0.000135189245384026,0.0205770407892487,0.00021600978539027,0.000200136741568713,0.0209827609999138,0.000241988341713295,0.0198321680845766,0.00112536016399645,0.000357297321443184,2.57937604146719e-05,0.000892278225364862,0.000852797347988599,0.000156269936724129,0.000612037154496647,0.000339665409455847,7.74570958128606e-05,0.000679304840332406,0.000269483952479277,0.000107027781950819,0.000277783864930825,0.000438315389146737,0.000427780618338147,0.00396611013229631,0.000736722008241486
0.000769262350559075,0.00237966420263547,0.000108587252270809,0.000305009422163494,0.00289240237725608,0.00041490912599329,0.000135189245384026,0.0205770407892487,0.00021600978539027,0.000200136741568713,0.020967396326796,0.000239791200328909,0.0198321680845766,0.00112536016399645,0.000353216875282669,2.57937604146719e-05,0.000884882763102723,0.000852797347988599,0.000109864611204102,0.000612037154496647,0.00033777782823563,5.44020449524396e-05,0.000679304840332406,0.000269024402768991,0.000107027781950819,0.00015247611236191,0.000438315389146737,0.000427780618338147,0.00393642210951839,0.000736722008241486
0.000769262350559075,0.00237966420263547,0.000108587252270809,0.000301929732586359,0.00289240237725608,0.000409036554856357,0.000135189245384026,0.0205770407892487,0.00021600978539027,0.000200136741568713,0.0209659690306125,0.000236559902759836,0.0198321680845766,0.00112536016399645,0.000353091240640424,2.57937604146719e-05,0.000881773056335078,0.000852797347988599,0.000109864611204102,0.000612037154496647,0.000337549870209841,5.44020449524396e-05,0.000679304840332406,0.000269024402768991,0.000107027781950819,0.000145274882470403,0.000438315389146737,0.000427780618338147,0.00393354329867179,0.000736421008696198
0.000769262350559075,0.00237966420263547,0.000108587252270809,0.000300705272366031,0.00289240237725608,0.000408610895192396,0.000135189245384026,0.0205770407892487,0.00021600978539027,0.000200136741568713,0.0209658493433835,0.000236396875834544,0.0198321680845766,0.00112536016399645,0.000353091221086288,2.57937604146719e-05,0.000881773056335078,0.000852797347988599,0.000109864611204102,0.000612037154496647,0.000337549870209841,5.44020449524396e-05,0.000679304840332406,0.000269024402768991,0.000107027781950819,0.000144435463653281,0.000438315389146737,0.000427780618338147,0.00393330824545046,0.000736379245381613
0.000769262350559075,0.00237966420263547,0.000108587252270809,0.000300705272366031,0.00289240237725608,0.000408610890417549,0.000135189245384026,0.0205770407892487,0.00021600978539027,0.000200136741568713,0.020965849342474,0.000236396863783739,0.0198321680845766,0.00112536016399645,0.000353091203578515,2.57937604146719e-05,0.000881773056335078,0.000852797347988599,0.000109864611204102,0.000612037154496647,0.000337549870209841,5.44020449524396e-05,0.000679304840332406,0.000269024402768991,0.000107027781950819,0.000144435459560555,0.000438315389146737,0.000427780618338147,0.00393330824545046,0.000736379245381613
0.000769262350559075,0.00237966420263547,0.000108587252270809,0.000300705258950984,0.00289240237725608,0.000408610878594118,0.000135189245384026,0.0205770407892487,0.00021600978539027,0.000200136741568713,0.0209658493370171,0.000236396848322329,0.0198321680845766,0.00112536016399645,0.000353091160832264,2.57937604146719e-05,0.000881773056335078,0.000852797347988599,0.000109864611204102,0.000612037154496647,0.000337549870209841,5.44020449524396e-05,0.000679304840332406,0.000269024402768991,0.000107027781950819,0.000144435444099145,0.000438315389146737,0.000427780618338147,0.00393330824545046,0.000736379211048188
0.000769262350559075,0.00237966420263547,0.000108587252270809,0.000300705231211396,0.00289240237725608,0.000408610843805945,0.000135189245384026,0.0205770407892487,0.00021600978539027,0.000200136741568713,0.0209658492933613,0.000236396814671025,0.0198321680845766,0.00112536016399645,0.000353091110582682,2.57937604146719e-05,0.000881773056335078,0.000852797347988599,0.000109864611204102,0.000612037154496647,0.000337549837922779,5.44020449524396e-05,0.000679304840332406,0.000269024402768991,0.000107027781950819,0.000144435431138845,0.000438315389146737,0.000427780618338147,0.00393330824545046,0.000736379131467402
