180.818884886959,374.012934520515,601.901093255959,104.828843611006,56.4384504360146,562.056028415531,181.567593165032,185.842339166937,280.268903136324,70.3285335906089,184.504988663543,89.5141551892398,731.306752986055,80.4254902895254,470.17629894932,122.670920112465,243.271575714535,313.106166972559,196.636729209048,19.2334335398582,14.0326089085761,294.290492257511,187.134558135437,210.71587879559,381.941277008181,36.4302771939269,182.297184321877,287.070216967902,494.797416853937,385.711440963877
180.818884886959,374.012934520515,235.059977028503,104.828843611006,56.4384504360146,45.4623852174432,181.567593165032,185.842339166937,229.285002891861,70.3285335906089,65.2974473878216,86.6456915216436,75.3450226861723,80.4254902895254,14.4808320902607,122.670920112465,153.340137464367,128.51525902748,196.636729209048,19.2334335398582,14.0326089085761,210.041947031152,187.134558135437,210.71587879559,32.8885069952598,36.4302771939269,133.927740789681,287.070216967902,234.349047095165,147.715246870566
40.6575975150417,114.103033472945,235.059977028503,90.0903941838505,43.2369621539597,20.3092089009806,181.567593165032,112.974616997706,75.2271270799856,70.3285335906089,53.3643576976228,59.4234730464586,75.3450226861723,35.2023403238404,14.4808320902607,121.934197835454,153.340137464367,123.332752247641,196.636729209048,19.2334335398582,14.0326089085761,144.612142577495,140.905313060666,210.71587879559,32.8885069952598,36.4302771939269,133.927740789681,287.070216967902,46.3292801267248,110.841934952242
19.3923297782335,114.103033472945,7.7470742810583,37.6659902157403,16.4795296822003,20.3092089009806,98.7214732072584,73.4936891146112,21.6456507299854,70.3285335906089,22.6965416179564,59.4234730464586,75.3450226861723,33.826209775787,14.4808320902607,56.0105344246431,62.23121835969,27.6311853853849,29.9030968782472,19.2334335398582,14.0326089085761,9.14925238183832,23.5303301490144,163.347752288033,16.3577043686864,36.4302771939269,133.927740789681,287.070216967902,46.3292801267248,30.1055933213811
19.3923297782335,44.9401813411,7.7470742810583,5.6104066444932,16.4795296822003,5.64971246459936,7.51881040789067,21.3570762335598,21.6456507299854,70.3285335906089,7.57164530040927,8.82835170539829,13.8040387629758,5.61022482141971,5.05289027684057,56.0105344246431,47.6507148652536,14.7756734835439,9.26059852080198,19.2334335398582,14.0326089085761,9.14925238183832,23.5303301490144,67.0284810725652,9.44109371186096,36.4302771939269,115.194233920506,181.735177283839,39.690719379993,20.0451914463965
18.391248204935,19.0764698010735,7.7470742810583,3.93850001044666,16.4795296822003,1.75302600972645,3.90109955929574,14.5707556531484,2.89804576695224,15.7882123425998,4.40473374191879,1.44751589222642,12.9291211305772,3.74182483566619,4.1940720487105,56.0105344246431,18.5998721449355,6.5377897006997,4.21284427560795,10.8181964217315,14.0326089085761,4.96846721926931,23.5303301490144,7.87851659599437,4.33852500823969,15.6901413677042,10.6268003528567,76.8279178070843,13.4491193570843,10.9130548868784
0.679453180439396,1.00936863047082,1.33573920057552,1.4927062699353,1.4823462985587,0.820887506540203,0.56721976821791,1.58382988489211,0.7288982406385,1.29271769298794,1.13099341638099,0.59400881039528,1.29799075223491,1.17963764300566,1.67249291428243,4.72064530848775,1.67934882795817,0.757311488638152,0.849089535669918,3.64949500842567,3.36878296277837,0.732902021091832,3.17296409375695,2.3060224957394,0.636940928593503,1.15265208584742,1.39268474763503,8.07491476934592,1.1979303564608,2.33274669493267
0.0286365411698171,0.042329378114573,0.0349500013235229,0.039077941303276,0.0240880139685942,0.177629009152497,0.0149272362864394,0.0304865314510607,0.0405191232221114,0.0956328222955563,0.0858652067067851,0.0110273431014321,0.0121459712790966,0.0365329949022453,0.0754655848459151,0.0159188386323876,0.0805133422009021,0.0772128496719233,0.122856706061611,0.074907217470809,0.44368232424722,0.0234185721119502,0.0220518819428435,0.220471253577671,0.0544005370852574,0.115734429481563,0.0198044198809839,0.95498565771959,0.0851936465796825,0.0108873037920603
0.0110315144561355,0.00256257719638597,0.00561329145557465,0.00103232727451541,0.00288450195193946,0.00273272865979379,0.00413979969016509,0.00275604422859033,0.00211369625003499,0.0113293196664017,0.0125661966831103,0.00159796214802554,0.00341610096575096,0.0105901348460975,0.002582981624073,0.00176066987341983,0.0106270459277766,0.0010198175300502,0.0133424876862591,0.00378133654476187,0.00390891769529844,0.00566512069781311,0.0149186308499338,0.0176969686626762,0.00534009967032034,0.00307829046823827,0.0126986559444049,0.0446594736745283,0.0108509424953809,0.00119892883958528
0.010471736090949,0.00176669604707058,0.00461376146995462,0.000244301108978107,0.00246293482905457,0.000285535571947548,0.0033465805436208,0.00204777769022257,0.00147464793326435,0.0101356760778799,0.0103334182590515,0.000484448689348937,0.00323776282584731,0.00990892567688206,0.00181149407990233,0.00100202085286583,0.00979424364231818,0.000267088871623855,0.0103855970105542,0.00228584108981522,0.00209590519443736,0.0027918037822019,0.0142200208570102,0.0142981722865443,0.000633399449725403,0.00176861720865418,0.0124516710748139,0.0410838387992953,0.0101199594419086,0.000931827748900105
0.010471736090949,0.00176669604707058,0.00460422780361114,0.000224648917537706,0.00246293482905457,0.000285535571947548,0.0033465805436208,0.00204777769022257,0.00147464793326435,0.0100814394436384,0.0102369398500741,0.000484448689348937,0.00323776282584731,0.00990892567688206,0.00181149407990233,0.00100202085286583,0.00976512835450194,0.000267088871623855,0.0103314125981342,0.00228584108981522,0.00202568658278324,0.0027918037822019,0.0142200208570102,0.0142981722865443,0.000633399449725403,0.00176861720865418,0.0123771807657249,0.0409285162968445,0.00998664463804744,0.000930208359932294
0.010471736090949,0.00176669604707058,0.00459537289725631,0.000215314867546113,0.00246293482905457,0.000285535571947548,0.0033465805436208,0.00204777769022257,0.00147464793326435,0.0100742880749749,0.0102245435259647,0.000484448689348937,0.00323776282584731,0.00990892567688206,0.00181149407990233,0.00100202085286583,0.0097480201570761,0.000267088871623855,0.0103314125981342,0.00228584108981522,0.00202276120353417,0.0027918037822019,0.0142200208570102,0.0142966645307752,0.000633399449725403,0.00176861720865418,0.0123749840654455,0.0409220925380396,0.00998664463804744,0.000929251151319477
0.010471736090949,0.00176669604707058,0.00459527853490727,0.000215314867546113,0.00246293482905457,0.000285535571947548,0.0033465805436208,0.00204777769022257,0.00147464793326435,0.0100740268539994,0.0102244867139234,0.000484448689348937,0.00323776282584731,0.00990892567688206,0.00181149407990233,0.00100202085286583,0.0097480201570761,0.000267088871623855,0.0103314125981342,0.00228584108981522,0.00202162003097328,0.0027918037822019,0.0142200208570102,0.0142965193226701,0.000633399449725403,0.00176861720865418,0.0123749840654455,0.040921770564637,0.00998664463804744,0.000929098580400023
0.010471736090949,0.00176669604707058,0.00459527793509551,0.000215314867546113,0.00246293482905457,0.000285535571947548,0.0033465805436208,0.00204777769022257,0.00147464793326435,0.0100740268539994,0.0102244865988723,0.000484448689348937,0.00323776282584731,0.00990892567688206,0.00181149407990233,0.00100202085286583,0.0097480201570761,0.000267088871623855,0.0103314125981342,0.00228584108981522,0.00202161997367512,0.0027918037822019,0.0142200208570102,0.0142965189215829,0.000633399449725403,0.00176861720865418,0.0123749840654455,0.0409217704509501,0.00998664463804744,0.000929098374399473
0.010471736090949,0.00176669604707058,0.00459527678231098,0.000215314867546113,0.00246293482905457,0.000285535571947548,0.0033465805436208,0.00204777769022257,0.00147464793326435,0.0100740267630499,0.0102244860199789,0.000484448689348937,0.00323776282584731,0.00990892567688206,0.00181149407990233,0.00100202085286583,0.0097480201570761,0.000267088871623855,0.0103314125981342,0.00228584108981522,0.00202161974448245,0.0027918037822019,0.0142200208570102,0.0142965183476917,0.000633399449725403,0.00176861720865418,0.0123749840654455,0.0409217700639601,0.00998664463804744,0.000929098048345622
0.010471736090949,0.00176669604707058,0.00459527490284017,0.000215314867546113,0.00246293482905457,0.000285535571947548,0.0033465805436208,0.00204777769022257,0.00147464793326435,0.0100740262860199,0.0102244850691022,0.000484448689348937,0.00323776282584731,0.00990892567688206,0.00181149407990233,0.00100202085286583,0.0097480201570761,0.000267088871623855,0.0103314125981342,0.00228584108981522,0.00202161944525869,0.0027918037822019,0.0142200208570102,0.0142965174322853,0.000633399449725403,0.00176861720865418,0.0123749840654455,0.0409217695892039,0.00998664463804744,0.000929097634525533
