18.391248204935,19.0764698010735,7.7470742810583,3.93850001044666,16.4795296822003,1.75302600972645,3.90109955929574,14.5707556531484,2.89804576695224,15.7882123425998,4.40473374191879,1.44751589222642,12.9291211305772,3.74182483566619,4.1940720487105,56.0105344246431,18.5998721449355,6.5377897006997,4.21284427560795,10.8181964217315,14.0326089085761,4.96846721926931,23.5303301490144,7.87851659599437,4.33852500823969,15.6901413677042,10.6268003528567,76.8279178070843,13.4491193570843,10.9130548868784
0.0664681132611804,0.628228040181511,0.125278775538391,0.488350366427767,0.494061915344901,0.679576151089805,0.0980515731662308,0.445147922231172,0.188100287308316,0.629177271089247,0.4995359103591,0.0675896052998723,0.142878371056213,0.176848576552857,0.387643468870465,0.146206754141531,0.551891727640395,0.535135746196829,0.59466450198488,0.770893169450574,1.17054670543712,0.0993886926521554,0.617892547719293,0.845761190137182,0.344310588248391,0.727687776555285,0.252864032593152,1.92350951262051,0.588334950454282,0.312721126730139
0.0184364345313952,0.0104272259459322,0.0121209192075185,0.00565739906733143,0.00649077158232103,0.0136400522569602,0.00648024268321024,0.00585169708620015,0.0089716763945944,0.0182738077783142,0.0341117607322303,0.00335482608761595,0.00677069036646571,0.024221101882631,0.00599101812667868,0.00584137116175043,0.0294527322053,0.0134056126507858,0.0560266346051321,0.0176268844820697,0.0578618686117807,0.0217828597287735,0.0201468931236377,0.0240796586526812,0.0202891409371659,0.0131490514468169,0.0146363033672969,0.0719646964348613,0.0246636597457837,0.00356059107343754
0.0105438258287904,0.00177478433124634,0.00461376146995462,0.000301847014270606,0.00247809760912787,0.000568493310311169,0.00362876578174109,0.00204777769022257,0.00148328209616011,0.0102840346530684,0.0106877813427673,0.000586792572903505,0.00323776282584731,0.00991987628913193,0.00182470166782878,0.00105881909576055,0.00984310405510769,0.000340636748205725,0.0105897906619248,0.0023653138678128,0.00332796767270338,0.00286003098017318,0.0142506606161987,0.0151522069422754,0.000718583908565051,0.00189260016941262,0.0124516710748139,0.0415896706253989,0.0101731372110407,0.000931827748900105
0.010471736090949,0.00176669604707058,0.00460422780361114,0.000224648917537706,0.00246293482905457,0.000285535571947548,0.0033465805436208,0.00204777769022257,0.00147464793326435,0.0100814394436384,0.0102369398500741,0.000484448689348937,0.00323776282584731,0.00990892567688206,0.00181149407990233,0.00100202085286583,0.00976512835450194,0.000267088871623855,0.0103314125981342,0.00228584108981522,0.00202568658278324,0.0027918037822019,0.0142200208570102,0.0142981722865443,0.000633399449725403,0.00176861720865418,0.0123771807657249,0.0409285162968445,0.00998664463804744,0.000930208359932294
0.010471736090949,0.00176669604707058,0.00459527853490727,0.000215314867546113,0.00246293482905457,0.000285535571947548,0.0033465805436208,0.00204777769022257,0.00147464793326435,0.010074057519887,0.0102244868871821,0.000484448689348937,0.00323776282584731,0.00990892567688206,0.00181149407990233,0.00100202085286583,0.0097480201570761,0.000267088871623855,0.0103314125981342,0.00228584108981522,0.00202169309659439,0.0027918037822019,0.0142200208570102,0.0142965216946322,0.000633399449725403,0.00176861720865418,0.0123749840654455,0.040921770564637,0.00998664463804744,0.000929098661345051
0.010471736090949,0.00176669604707058,0.0045952782807035,0.000215314867546113,0.00246293482905457,0.000285535571947548,0.0033465805436208,0.00204777769022257,0.00147464793326435,0.0100740268539994,0.0102244867139234,0.000484448689348937,0.00323776282584731,0.00990892567688206,0.00181149407990233,0.00100202085286583,0.0097480201570761,0.000267088871623855,0.0103314125981342,0.00228584108981522,0.00202162003097328,0.0027918037822019,0.0142200208570102,0.0142965191416806,0.000633399449725403,0.00176861720865418,0.0123749840654455,0.0409217705619085,0.00998664463804744,0.000929098506730952
0.010471736090949,0.00176669604707058,0.00459527793509551,0.000215314867546113,0.00246293482905457,0.000285535571947548,0.0033465805436208,0.00204777769022257,0.00147464793326435,0.0100740268539994,0.0102244865988723,0.000484448689348937,0.00323776282584731,0.00990892567688206,0.00181149407990233,0.00100202085286583,0.0097480201570761,0.000267088871623855,0.0103314125981342,0.00228584108981522,0.00202161997367512,0.0027918037822019,0.0142200208570102,0.0142965189215829,0.000633399449725403,0.00176861720865418,0.0123749840654455,0.0409217704509501,0.00998664463804744,0.000929098374399473
0.010471736090949,0.00176669604707058,0.00459527755538147,0.000215314867546113,0.00246293482905457,0.000285535571947548,0.0033465805436208,0.00204777769022257,0.00147464793326435,0.0100740268539994,0.0102244863128362,0.000484448689348937,0.00323776282584731,0.00990892567688206,0.00181149407990233,0.00100202085286583,0.0097480201570761,0.000267088871623855,0.0103314125981342,0.00228584108981522,0.00202161988818261,0.0027918037822019,0.0142200208570102,0.0142965187051232,0.000633399449725403,0.00176861720865418,0.0123749840654455,0.0409217702062961,0.00998664463804744,0.000929098212054669
0.010471736090949,0.00176669604707058,0.00459527682141925,0.000215314867546113,0.00246293482905457,0.000285535571947548,0.0033465805436208,0.00204777769022257,0.00147464793326435,0.0100740268267145,0.0102244861141116,0.000484448689348937,0.00323776282584731,0.00990892567688206,0.00181149407990233,0.00100202085286583,0.0097480201570761,0.000267088871623855,0.0103314125981342,0.00228584108981522,0.00202161978040749,0.0027918037822019,0.0142200208570102,0.0142965184486457,0.000633399449725403,0.00176861720865418,0.0123749840654455,0.0409217701030684,0.00998664463804744,0.000929098091546621
0.010471736090949,0.00176669604707058,0.00459527649900338,0.000215314867546113,0.00246293482905457,0.000285535571947548,0.0033465805436208,0.00204777769022257,0.00147464793326435,0.0100740266516368,0.0102244858098857,0.000484448689348937,0.00323776282584731,0.00990892567688206,0.00181149407990233,0.00100202085286583,0.0097480201570761,0.000267088871623855,0.0103314125981342,0.00228584108981522,0.00202161970355519,0.0027918037822019,0.0142200208570102,0.0142965181557884,0.000633399449725403,0.00176861720865418,0.0123749840654455,0.0409217700180307,0.00998664463804744,0.000929097983316751
0.010471736090949,0.00176669604707058,0.00459527611428712,0.000215314867546113,0.00246293482905457,0.000285535571947548,0.0033465805436208,0.00204777769022257,0.00147464793326435,0.0100740265620516,0.0102244855452227,0.000484448689348937,0.00323776282584731,0.00990892567688206,0.00181149407990233,0.00100202085286583,0.0097480201570761,0.000267088871623855,0.0103314125981342,0.00228584108981522,0.00202161960078229,0.0027918037822019,0.0142200208570102,0.014296517924322,0.000633399449725403,0.00176861720865418,0.0123749840654455,0.0409217698802422,0.00998664463804744,0.000929097891457786
0.010471736090949,0.00176669604707058,0.00459527559814887,0.000215314867546113,0.00246293482905457,0.000285535571947548,0.0033465805436208,0.00204777769022257,0.00147464793326435,0.010074026449729,0.0102244853414959,0.000484448689348937,0.00323776282584731,0.00990892567688206,0.00181149407990233,0.00100202085286583,0.0097480201570761,0.000267088871623855,0.0103314125981342,0.00228584108981522,0.00202161954166513,0.0027918037822019,0.0142200208570102,0.0142965176382859,0.000633399449725403,0.00176861720865418,0.0123749840654455,0.0409217696965243,0.00998664463804744,0.000929097782773169
0.010471736090949,0.00176669604707058,0.00459527490284017,0.000215314867546113,0.00246293482905457,0.000285535571947548,0.0033465805436208,0.00204777769022257,0.00147464793326435,0.0100740262860199,0.0102244850691022,0.000484448689348937,0.00323776282584731,0.00990892567688206,0.00181149407990233,0.00100202085286583,0.0097480201570761,0.000267088871623855,0.0103314125981342,0.00228584108981522,0.00202161944525869,0.0027918037822019,0.0142200208570102,0.0142965174322853,0.000633399449725403,0.00176861720865418,0.0123749840654455,0.0409217695892039,0.00998664463804744,0.000929097634525533
