212.915845183345
224.855257785252
212.915845183345
228.834884232532
212.915845183345
212.915845183345
212.915845183345
207.941075132412
228.834884232532
219.880487734319
223.860114181599
219.880487734319
212.915845183345
217.890615234277
219.880487734319
223.860114181599
223.860114181599
212.915845183345
219.880487734319
223.860114181599
223.860114181599
194.013118889867
228.834884232532
212.915845183345
223.860114181599
212.915845183345
219.880487734319
212.915845183345
212.915845183345
214.905717683386
228.834884232532
223.860114181599
219.880487734319
223.860114181599
219.880487734319
207.941075132412
212.915845183345
212.915845183345
214.905717683386
223.860114181599
212.915845183345
212.915845183345
223.860114181599
210.926008592238
212.915845183345
212.915845183345
212.915845183345
212.915845183345
212.915845183345
212.915845183345
212.915845183345
