1112.33039156904
1105.36607421428
1102.38085146718
1112.33039156904
1119.29503412002
1105.36607421428
1119.29503412002
1100.39097896714
1111.33543251195
1112.33039156904
1118.30007506293
1106.36103327138
1111.33543251195
1112.33039156904
1105.36607421428
1112.33039156904
1112.33039156904
1112.33039156904
1111.33543251195
1112.33039156904
1118.30007506293
1099.3963907204
1118.30007506293
1112.33039156904
1109.34551943558
1105.36574901807
1112.33039156904
1112.33039156904
1118.30007506293
1112.33039156904
1099.39597933372
1119.29503412002
1099.3963907204
1106.36103327138
1119.29503412002
1102.38085146718
1112.33039156904
1094.42162066947
1106.36103327138
1119.29503412002
1119.29503412002
1112.33039156904
1118.30007506293
1112.33039156904
1098.40143166331
1105.36607421428
1098.40143166331
1099.3963907204
1112.33039156904
1106.36103327138
1112.33039156904
