31.3910898956899
34.7751443404318
15.3178527917776
18.5933224886487
31.2092398396021
1.98991811418659
26.9267460893859
1.98991811418659
18.0167289798278
199.954625507
199.954625507
30.1442417956141
38.4903987457083
34.7740973528876
23.5139167052901
220.184657794644
32.0207857817172
33.2726898009628
9.33945933900145
34.6331762418379
34.892249332059
32.6788242161717
4.41478498066908
244.986040192539
2.4751370337051
27.3590161384868
0.994959057093411
32.5531706504464
21.7734384188066
2.44482419410497
28.9442329935496
207.121953001252
29.6529748896796
15.6965296057019
29.9129629931042
3.07907360132754
21.1703404345083
3.57262448862252
18.8274281103627
6.71464778836366
16.2322419539448
0.994959057093183
32.7331223372064
233.822966683632
189.305943356316
7.72088730932091
28.3093927207888
24.5095873676869
179.487511549526
8.91334132530233
214.680658914727
