18.0584162069297
10.0453990464182
48.3992728072117
24.6689303254702
22.36865727909
26.8345672574853
4.9747952854666
7.23307774124623
2.98487717128
4.761145311267
46.9478418388694
16.4929843810071
33.0767351616469
21.9146374515426
20.7029536865584
1062.15907642717
1061.74698264452
10.8719612510124
6.68769460890894
14.8415454536591
13.1678862192543
12.091036164828
2.98487717128
26.7371370324367
6.79345670455041
34.119487045017
2.98487717128
21.3632876345516
31.2946018890107
14.1277757463643
17.9228782998941
29.9552912757583
10.4496618361334
12.8057100529827
33.3428856757828
35.5311978027346
9.77087282942102
56.6332567125046
76.1610112269818
23.5838508293273
10.8958004643337
38.5344351893364
15.7125506662546
18.654011716174
33.0292709902869
5.81362271493254
5.85530763527026
4.9747952854666
56.600980429318
27.3798136152832
12.4972016217487
