9738.39234479523
9956.33605835873
9778.66768290608
9778.6677640489
9936.19848277639
9995.88810139988
9955.58837382397
9956.33605697754
9916.0606921555
9936.19838526122
9975.75039491251
9956.33602395282
9993.49480956134
9936.19843492135
10092.6539998428
9916.06072640604
9936.19839054822
9758.53000129883
9936.19836762797
9916.06069843251
9936.19838197654
9975.75035439874
10113.8667230724
9936.19837427258
9758.52999275606
9956.33606742016
10092.6540010504
9916.06069529675
9936.19829930432
10074.3972869876
9936.19843297864
9816.90150167056
9778.66768579953
9956.3359913841
9995.8880548966
9816.90154529019
9956.33599189407
9738.39234803175
9778.66780808616
9916.06068948106
10113.8667745068
9956.33615695097
9838.35730488829
9916.06068845838
9956.33606337826
9738.39229228408
9936.19845516985
9916.0606834307
9758.53004764105
9618.90971772709
9956.33598005966
