213.449956158663
167.344509560188
789.316985218682
38.3648861386137
195.207434224491
810.60427464661
202.005261157297
186.568496979194
181.726691025434
183.082413365494
762.090818883653
202.066375444116
202.986725861313
199.482780795393
186.732210519108
790.408978961211
35.9388992638076
177.008343264637
201.237327869668
205.00719320142
196.935283397303
198.217152617599
194.459114597199
176.935682708765
203.967431074338
205.542122724737
180.706787942474
169.868947877816
200.893486664605
36.5041949168044
188.452266453455
193.784371703801
192.4026055159
187.762221867396
203.184504920532
201.588522571329
35.3339200340652
184.240846408406
205.440400386184
196.181727635457
202.738629983265
189.682219848271
187.709906729146
187.859025178879
826.620739932393
200.939094577622
203.471600390617
39.0820602215608
203.016515108421
206.085045293907
164.42852713527
