377.096117537152
371.404013000561
357.682895022391
371.532085617245
348.814492409278
367.508111664045
365.889324269363
378.613938689718
379.486364402472
362.008448522821
388.998261147681
360.013430558099
364.389808462933
391.215237032286
363.710906452361
375.383356898985
374.679058486328
357.864924456633
377.500741940968
363.300438664879
356.916076847414
371.278988013186
385.534693149159
362.440705703469
331.177511259179
369.035564077166
383.835757001859
362.726610610681
346.788896573046
373.528447465177
364.551165482675
366.377810759422
361.286548843112
349.974633170636
392.334946893292
374.055617465411
368.55322022418
1117.00827049545
383.153101016211
379.873187905826
376.712456641095
376.709064698935
377.604881384311
364.704470118251
372.94254399064
365.890471906745
372.200222416757
385.849441716113
369.672383439732
368.797790336683
377.054193618244
