1.28144847622025e-07
6.90794422553154e-05
3.17868398269638e-10
4.98184817843139e-08
0.000263530154597902
3.68045220966451e-08
8.86757334228605e-12
1.59161572810262e-12
2.3410450467054e-06
4.81677489005961e-08
4.53960637969431e-08
8.52067159939907e-07
4.16093826061115e-11
9.11541064851917e-10
3.4006884561677e-06
1.78602022060659e-09
1.0802523320308e-09
2.81065731542185e-05
1.399948814651e-07
5.05042407894507e-09
2.64950308519474e-05
7.89090834132367e-05
3.85382236345322e-07
1.10912878881209e-09
8.54724930832162e-08
2.05196897695714e-06
3.93047230318189e-08
6.4802590486579e-05
3.12045358441537e-08
2.05651963369746e-06
6.47444267087849e-08
0.000144349855872861
3.63666003977414e-08
5.84986992180347e-09
1.25232224945648e-05
7.36977654014481e-07
7.22013737686211e-08
3.3620835893089e-08
2.94464825856267e-08
0.000617463409980701
4.73323780170176e-09
7.23002813174389e-09
1.53279415826546e-08
2.78987499768846e-10
9.31249815039337e-07
7.54205075281789e-06
5.03691717312904e-06
1.49248080560938e-09
3.62797436537221e-09
1.1066731531173e-08
3.74961928173434e-09
