24.9943244620472
24.1518923952872
24.993148797716
23.1601863685696
24.0137922570293
24.8740659715686
23.6840110177104
24.7527139381809
24.1498426625876
24.4820180836009
24.9994667545011
22.4531414080875
24.6103415381544
24.8111028791914
23.5351936723637
23.5463384357881
22.0141916780253
23.1525080136357
22.2631720564932
23.72049227261
23.3894394770577
22.6660642810421
22.6013322085591
22.2816803117325
22.293434735147
23.3134111810741
22.6969492149583
24.5036013505401
23.374388438875
23.9180271794544
23.1048222968379
24.1809237244734
22.8190441072284
22.9496853686587
21.5605112185822
22.6142826329096
24.4998644610782
22.8023945120271
23.3352540419987
24.1019598816993
23.2728425436526
22.1680437974283
22.5817714523196
22.6524181183072
22.3353628182977
22.7534964257902
22.7704762856797
23.5290520671642
22.8395653568664
22.8854613644926
22.7293894332252
