836.442487821663
836.442487821663
836.442487821663
1122.35367520193
836.442487821663
1122.35367520193
1122.35367520193
836.442487821663
836.442487821663
1122.18576384208
836.442487821663
1122.35367520193
836.442487821663
836.442487821663
1122.18576384208
836.442487821663
836.442487821663
836.442487821663
836.442487821663
1122.35367520193
836.442487821663
1122.35367520193
836.442487821663
836.442487821663
836.442487821663
836.442487821663
836.442487821663
836.442487821663
1122.35367520193
836.442487821663
836.442487821663
836.442487821663
836.442487821663
836.442487821663
836.442487821663
836.442487821663
836.442487821663
836.442487821663
836.442487821663
836.442487821663
836.442487821663
1122.18576384208
836.442487821663
836.442487821663
836.442487821663
836.442487821663
836.442487821663
836.442487821663
1122.35367520193
836.442487821663
1122.35367520193
