2879.77204064206
2879.77204064206
2547.33522105964
2914.26192777483
2866.73651174664
2866.49773745545
2879.77204064206
2879.77204064206
2866.49773745545
2910.41687655801
2866.73651174664
2866.49773745545
2879.77204064206
2860.68569553098
2815.45526218203
2866.73651174664
2860.68569553098
2866.49773745545
2910.41687655801
2866.49773745545
2879.77204064206
2879.77204064206
2866.73651174664
2866.73651174664
2866.73651174664
2815.45526218203
2910.41687655801
2879.77204064206
2866.73651174664
2499.90513062643
2585.80704111861
2866.73651174664
2866.49773745545
2877.54196254521
2866.49773745545
2803.91932409465
2860.68569553098
2866.73651174664
2866.49773745545
2879.77204064206
2815.45526218203
2855.8850129397
2879.77204064206
2879.77204064206
2866.73651174664
2866.73651174664
2866.49773745545
2866.49773745545
2866.49773745545
2879.77204064206
2860.44371162038
