1622.02533988797
1622.92680303526
1624.45887894685
1623.18194465342
1633.11426361208
1641.19368232366
1614.83369675574
1626.90253955977
1622.56443793279
1622.99168429483
1624.54527899479
1606.92155214747
1578.86422102941
1604.62571151284
1623.91521558088
1607.91623928576
1675.91455796784
1622.34044819823
1625.21897135925
1607.11111533067
1623.58032105725
1633.92462333582
1630.45861002208
1623.30812011227
1624.25328402168
1588.7135133826
1622.35252972185
1694.01898031195
1623.99626493201
1633.35284056227
1607.78703794517
1664.37010650484
1647.8134680674
1605.21689799001
1633.41024231079
1623.65628898359
1579.38285386983
1634.00822355291
1623.75466910585
1658.6238905647
1631.06213486882
1618.93825030274
1653.6063919741
1623.38274699505
1624.61573595399
1570.94478531479
1649.50205957618
1634.34241073152
1622.93679055554
1621.77580678616
1648.46467904186
