726.720047680072
722.167772540103
737.581779757292
733.180092592675
743.964533476329
735.941706326126
725.129413112707
735.160284283926
738.388762701794
738.001686995538
734.875479641415
730.735915128686
733.870248143337
723.883241336372
738.730364373489
731.827948373608
732.631404575084
721.947902779962
729.03986582716
735.056778960764
742.027487182183
739.599752244207
725.892045225828
734.56883064361
735.712708639727
730.4607741918
738.531480832212
741.118033359616
728.162312108797
735.664260059623
745.740277310905
733.184184103355
737.537659395556
728.930026750551
728.475276495972
722.86777594123
726.506652125619
729.376547449435
734.135279644123
729.918168382696
730.724230229853
740.381746177295
724.119427697779
738.530897970277
732.407940054668
728.934418416239
740.297855039261
728.454418029026
727.928568985817
733.419780684022
741.385826560513
