324.226426473198
322.306332212574
331.27963017527
338.043171430476
332.444840575689
329.288860938928
339.902223282535
335.087187476883
334.987567739628
332.268925716466
340.615543966141
324.092071477431
329.159862545378
329.322063013913
328.482512414053
330.944504282988
320.742360417459
340.852269895341
333.897626448075
323.712209496013
324.182923917522
337.174419127329
332.367702727526
334.156050177669
322.701512227804
343.771787958323
338.29793991008
333.711570534083
335.151911536818
339.05772243795
338.539508772983
325.125900568208
331.430004606066
328.278200739969
335.6592370115
330.209080471617
322.437759947741
341.947887977531
325.589404243856
328.911784501025
331.327080408959
323.563632374049
337.636709380818
341.294462291224
327.425460168782
333.46386390196
332.020425181595
331.169716895196
328.485549770876
337.470932817385
326.392062404283
