1012.82709502039
1341.55609667001
1152.8489518186
1462.01892665979
1437.78783371851
1000.52434773812
1025.93082561321
1572.81409872549
1056.51667731994
1179.26931009673
1038.45785351726
1229.66816952453
1606.1893259682
1230.0130275793
1283.42645124871
1073.20089492154
1048.91130611451
1178.77853556567
1112.15264226903
1131.55135454219
1517.34152403096
1353.86197917917
1174.91421209764
1180.40670581593
1492.90931928764
944.323892835028
1121.20529369231
1349.5418999592
1474.69078890356
1038.82315112601
1031.1863074377
1131.46244591705
1072.74697988841
1116.81857684421
1116.8378850427
1451.11608839397
1371.94124327969
1438.91620809295
1297.23991731351
1115.73444960902
1147.41966445172
1251.40527224475
1459.19416293981
1150.92128150879
1249.89861825618
989.60367622767
1241.33844691129
1479.40229210857
1133.6726728189
1380.77420334532
1434.46442832984
