9106.91619436989
9163.23258799376
9275.14288574576
9085.74857248887
9139.97355047989
9487.02107284541
9190.33131261139
8932.52406319139
8923.34334831966
9338.82500558832
9169.64515138353
9103.73471759161
9255.94315618197
9128.92125461985
9274.44859440643
9058.36211421232
9281.01211397348
9129.83460309102
9125.39898516556
8969.90101262978
9042.85450287083
9190.57417915804
9133.50897733169
9176.63751030701
9069.70564467565
9185.25947294367
9159.10254924832
9069.2966851405
9156.30010834284
9083.77117619677
9234.49768433736
8950.54590667646
8957.90821795457
9243.78574680583
9282.09552787903
9116.38807765073
9334.54675892042
9076.90887358272
9061.28550727767
9007.77322467877
9079.39664856061
9302.40683815469
9136.35180475183
8976.12928034339
9081.44518391592
8969.27708352891
8975.38148564789
8985.25324033663
9258.78353497535
9016.99265757012
8989.54511836999
