1.14614522317424e-07
5.75043941353215e-08
5.57225803277106e-08
7.84970097811311e-08
5.32021431354224e-08
6.19415914115962e-08
8.17343561720918e-08
1.08265680864861e-07
5.11238340550335e-08
3.93279151467141e-08
5.92093556406326e-08
6.58706085232552e-08
7.35570893084514e-08
4.77199364468106e-08
4.38633378507802e-08
6.40447979094461e-08
2.77806293524918e-08
5.05370962855523e-08
1.05083586277033e-07
7.626113074366e-08
5.25602672496461e-08
8.17719865153776e-08
5.0499238568591e-08
1.19549326882407e-07
1.82671328730066e-07
1.53381165546307e-07
7.41737267162534e-08
5.34018909092993e-08
8.32701516628731e-08
8.72061036716332e-08
1.26567897495988e-07
6.83697862768895e-08
1.22903884403058e-07
9.06499053598964e-08
7.2039711085381e-08
1.95395273294707e-07
5.38532276550541e-08
4.8962874643621e-08
5.26707708559115e-08
1.78481514012674e-07
5.41202780368621e-08
6.6667439568846e-08
7.05400680089951e-08
1.04369405562466e-07
5.18405158800306e-08
7.15467649570201e-08
4.89794729219284e-08
7.00118789609405e-08
9.53934886638308e-08
6.99478732713033e-08
8.83106849869364e-08
