0.0374742619244444
0.0109199277975449
0.0758562196746198
0.0270059192921508
0.0568413953430991
0.00509154418921298
0.000290821100406902
0.00455833213788992
0.00481314560545343
0.000267276705130826
0.00231407410512929
0.0130992891587312
0.000713166281116173
0.0120557434495367
0.00261032735875233
5.9296553445165e-08
7.40517066333268e-07
0.000570065448869173
0.0196114255664952
0.0536660759578353
0.0134970182168672
0.0331046917456206
0.0206638388356168
0.703058774218334
0.00622401427233399
0.024584365608348
0.0406490873648409
6.82969925946963e-07
0.024695775138639
1.41028500013397
0.0104898425989859
2.92071410967765e-06
0.0100559487510736
0.00335127921516687
0.0797989536605428
0.140186555396326
0.00149898999256948
0.00104834166506862
0.0148292934492247
0.00495161892592932
0.000313165916622893
0.0812665184264461
0.00365335700257674
0.030402052008867
1.77474602196526e-05
1.85534406682564e-06
0.000739109813594041
1.59780029207468e-08
0.0224247723466533
0.068765084693041
0.0111166982554778
