6.47780391822755
7.81008344034467
11.0035800115012
11.7061297448395
13.213876880659
12.3903227450915
15.3529350100246
19.5558817229819
21.1740146108857
16.756818098717
11.6813697528244
16.3890929381108
9.87261865710298
18.4169013446167
14.8425404311363
8.64466861900587
16.4912967416866
8.05145196717569
9.86778385738069
13.3763425648968
15.4912457211565
17.4603896214197
16.9651183037946
19.3850356253727
18.0717592114752
12.0564530060724
19.7085745124015
13.8457495074318
13.2018040522104
13.6729955493257
12.6026317149341
15.815984409398
18.9713665286918
14.6102269727976
19.5282127193051
9.49706815929744
9.38795238187402
9.57227957982639
15.0494726905948
13.7912569120466
14.1675101768947
16.2843024067148
2.85749334048933
6.03821520643282
16.4579945662728
12.2027002433634
13.1787553090558
12.7858743554094
8.44969266312671
14.1685779484702
16.6443996984333
