0.674704113819757
4.76976815137982
0.198088364102205
0.328132713563605
6.73660422428247
2.60517950334088
2.4491316558765
1.90831955591693
3.91768214623391
5.78301186724798
9.72238013367075
2.16281341179615
2.45647352347601
2.89576549122762
3.79859392944866
7.69334046979611
6.71219738175648
4.55332971835708
4.34851458232311
4.00711975045397
9.33005215969195
9.08051997480527
3.20784531348113
2.53862158062134
5.67194732914732
2.69934215349474
1.14828396133612
2.78775692704892
4.57609041887315
3.60790102149963
3.56236454026077
1.71582530171293
1.32739513361946
2.11132140781433
2.24638843475884
2.68745133015727
5.67838961993482
1.32153109452793
9.78120863830861
2.33692970437562
4.66622796023148
8.16152049023481
6.93545194686624
5.0260971704887
1.70601929782583
11.9245978481243
1.42415151166063
2.46026909943885
3.19502864647939
4.40437949795773
1.49894429074413
