21.1356324878616
21.2310031638369
21.1684609707198
21.1878655745778
21.2166918246021
21.1261897637967
21.1183633057142
21.1999155252406
21.1516402773268
21.2056621189021
21.1433017675797
21.191183139848
21.0940696514143
21.2032884146657
21.1673983980168
21.1816318546809
21.206719149644
21.2302351000102
21.1546013238924
21.2472697524767
21.1976447675473
21.1917961404696
21.2223918738723
21.188889111467
21.1627832683492
21.1679042025961
21.1409530091549
21.1105352785114
21.1643557357829
21.1733370395708
21.1863239033551
21.204634817323
21.2177130476967
21.1538139298179
21.1445060863247
21.19861766382
21.1296732962774
21.1618626982892
21.1830344298268
21.1493466317448
21.168904963358
21.2132070716841
21.1300499714265
21.163826270954
21.2071797291122
21.1390676188787
21.1897396738998
21.1620125595384
21.1593033934715
21.0998796664394
21.1960311451115
