21.0853510661299
20.846593494528
20.9876052190912
21.0275234184224
20.9975216132596
21.0572190221602
20.9701414786517
20.953020188653
21.0057903405574
20.9566254634715
21.0359530863415
20.979363652134
21.0184632782268
20.9295407811555
21.0142023457719
21.046260933457
21.0566450569532
20.9692577905685
21.0559070227558
21.0418326730276
20.9671490943134
20.9832633229701
21.0122515259142
20.9794861692462
21.0676262206649
20.8844143690709
21.0764089396289
20.8957227885275
21.000474040353
20.9472569247158
20.9444083763763
21.0147879256053
20.9656060911029
21.0593594360265
21.0418198960717
21.0841549459865
21.0735066460148
21.0340864867128
20.9666235833395
20.991407694434
20.9595594971689
20.9570743099399
21.0497468297738
20.985414564014
20.9876622234287
20.9333644151429
21.0737392511427
20.994149080154
20.9065893416057
21.0509450785033
21.0519123872695
