43.1638019018698
50.8854931094826
50.2713486878014
50.4457314139269
50.5842975759144
50.1965611734224
49.9601100948126
50.576498805817
49.5064214244226
50.8426483407928
50.3489229211777
43.0816768964013
50.3577934306307
49.7996295201946
49.0395024749547
50.8891863103281
51.6157199604642
48.0889945010883
47.8161556377088
48.0966936261291
38.0451662040704
50.4899550950121
51.1456111759364
50.2218130649845
51.58585113378
45.6317042913231
50.9557019372539
48.4641037353922
49.6217111007098
48.7919129363843
50.3206685573807
46.8722800035787
47.2130531787848
50.7897819925124
48.6954833676148
52.1671029668573
50.8635478978335
50.9357177931918
45.6386364124053
48.3894697169744
48.1898484005997
49.2301697615475
49.7957460103387
48.4525148321443
48.644357184557
46.0164999980398
48.6140445070434
49.7726551241626
50.91001903443
50.1834389441176
50.9590097237023
