2.55795384873636e-13
2.8421709430404e-13
3.69482222595252e-13
3.69482222595252e-13
4.12114786740858e-13
3.5527136788005e-13
4.68958205601666e-13
3.69482222595252e-13
5.40012479177676e-13
2.98427949019242e-13
4.54747350886464e-13
3.12638803734444e-13
3.41060513164848e-13
3.97903932025656e-13
3.5527136788005e-13
3.97903932025656e-13
3.26849658449646e-13
3.69482222595252e-13
3.12638803734444e-13
2.55795384873636e-13
4.83169060316868e-13
2.55795384873636e-13
1.98951966012828e-13
1.84741111297626e-13
4.68958205601666e-13
2.70006239588838e-13
2.1316282072803e-13
4.12114786740858e-13
2.27373675443232e-13
4.12114786740858e-13
2.27373675443232e-13
3.26849658449646e-13
5.54223333892878e-13
5.11590769747272e-13
6.25277607468888e-13
5.25801624462474e-13
7.105427357601e-13
5.96855898038484e-13
3.12638803734444e-13
5.25801624462474e-13
1.4210854715202e-13
1.56319401867222e-13
4.68958205601666e-13
2.8421709430404e-13
3.12638803734444e-13
6.67910171614494e-13
4.12114786740858e-13
2.41584530158434e-13
3.5527136788005e-13
4.54747350886464e-13
2.55795384873636e-13
