971.321799331591
848.642492574318
721.099232554861
692.751812716144
673.343102908717
704.639307263624
770.35556587651
652.044934748035
606.683737263056
769.092714569739
738.011543962291
773.828674737646
703.518071037805
670.360564745003
979.2885038369
705.180337624279
700.207726794483
804.669848407713
753.390930770621
721.606250083912
702.610003153509
761.403051732652
892.219394446349
647.861579156844
768.854058934596
769.360496300015
821.674767664314
906.151693719308
792.021476395341
694.271666850847
925.156465356213
843.589193682918
921.078797356183
588.774727862546
864.791189397481
750.45630589123
829.578969050266
864.702615129185
744.977684473371
780.300285675169
718.762187079484
684.790237896005
841.989760824971
675.33817967962
899.695312226306
650.576072445842
671.354334938949
784.389399608206
830.587420550732
883.271256853829
706.29471514531
