18758.7546289249
18523.8595279035
19750.451962883
24364.596013128
13306.7200447924
16038.4148036199
15966.0610284152
20227.9022600586
10634.7843151097
22176.1847771631
20886.2673358174
12690.8150322376
17967.5391578272
25114.7003282494
18012.8903825928
20697.9372554422
22313.3239602917
19394.2907546196
16365.185543263
14879.1629341896
15655.4626033966
22062.5385640888
23477.7176100415
14884.1794713621
28035.3321740552
21389.7977572153
20847.119754982
21895.3476451918
20042.2908144808
16242.6065705016
18042.7543799919
15697.9938777887
23714.1888844452
19550.7743755223
19617.6151908623
18359.0633212026
14290.4569797457
15615.3319646207
16410.7610354878
17129.1664509915
18696.191416862
22741.5115500669
28603.3579593176
19739.4679595653
18644.9320621134
13285.3168420691
18975.3789310753
16016.1676922567
16675.7268573635
25551.3035939892
20137.585243277
