3577.19952582257
3804.20578467264
3658.41608392502
3745.20717919152
3434.83510234219
3449.82568506109
3966.08888644331
3999.57849022437
3037.21454477156
3957.71390899887
3592.8528518008
3851.27855133186
3586.20434681077
3616.33361334461
2950.99859353197
3543.77210193394
3513.14295707713
3472.00667120245
3636.75050138501
3385.71376536746
3525.99990977717
3833.9208011554
3566.23693745927
4172.09202685765
3699.00727643911
3410.95634483609
3180.80818852243
2877.40924900135
3400.85888828943
4067.92641474617
4137.08237508227
4033.88391444342
3362.90866309999
3680.55712325999
3211.63218989229
3900.92032519547
2925.42705528064
3099.31705204837
3237.64564618763
3458.87355899476
3532.04601846961
3590.29712390008
3449.93008959574
3468.96647592408
3397.8520607675
3434.32740821419
4125.03236780413
3777.45609040782
2875.84704393316
3261.87952616197
4107.50097307919
