249.833422776342
267.741123308818
223.9645981302
205.059324945178
240.878504630815
229.934560579511
222.969628442203
255.801780133545
254.80719681371
232.918401388472
240.878078525571
222.969709629697
220.978899311691
204.064724479951
238.88779151168
245.853118124032
239.883229601553
220.97951852665
254.806349472306
238.888066173566
237.894081005674
221.974189646017
208.04503646197
215.009858049159
284.656119632235
229.934431469698
256.797280777289
222.968303371139
220.979738438582
216.9997579894
201.079741473843
242.868401605739
250.82734862072
192.12607481671
232.919084131184
222.968830071703
238.889087491011
210.03462394229
221.974886771951
218.990113845086
234.907686849499
222.967555992035
229.934363577453
221.97404186785
227.943860367572
218.988859538706
235.902730870086
237.893634470245
206.054575432763
244.858435100513
234.908163366184
