341.222626433349
362.680663830783
388.053451963816
363.998288955723
314.950773903855
394.178385317483
397.375130539701
429.782045393355
440.757584154871
324.289343280383
400.851950643498
297.354173029959
399.261400606382
409.205796673718
374.165237974391
448.921475646881
305.571881690317
409.727417944784
448.573196905117
484.488832594724
366.490217692367
371.065430854322
467.272869571768
383.623770303619
361.498028625216
393.561057235688
419.02271032082
374.047662956335
425.725325896114
378.659412370256
396.588960183542
371.14945345774
411.307108371562
328.870958844074
432.755215676209
372.015395500664
449.463014180147
336.487652248243
268.592293649756
377.318979243745
411.327504400779
395.793626093985
368.678729393322
405.71904396404
367.821429058642
447.411937377821
433.491303371393
311.778968005733
285.903880879289
393.881423831755
331.365315068616
