4959.8005528761
5098.96478006848
5096.99491039502
4958.19095223265
4958.51532571163
4778.07021425862
4703.1991379502
4740.55092140027
4956.95918432292
4957.61296757706
4958.29145835504
4960.333840185
5096.9427491483
4958.82749981149
4958.80183327195
4957.8233243153
4958.54670320668
4957.73493231457
4740.90486286142
4701.26497702348
4957.79925487864
5177.22890878389
4740.90001591551
4956.20694985227
4998.10429662984
4959.56974202809
5096.8240495525
4878.93441350908
4738.11359559721
5315.58661313685
4958.02068530689
5137.03766568253
4994.22523639698
4958.66226759062
5136.227620718
4741.76591449314
4958.03289965671
4698.74519196147
5314.70096991338
4958.15832118865
4958.60048960736
4738.86796795529
4741.68703144705
5354.93265361666
4958.31005980943
4740.22267310735
4961.36690276345
5096.55477341882
4997.80599501811
4997.46930202877
4997.49650230696
