3650.6129335742
3566.50306649328
3416.70136134478
3613.72015123319
3427.09700427736
3596.6513393817
3359.52832747718
3864.18043692072
3405.28097063666
3659.72686947202
3603.01555882138
3117.16624738904
3129.23658581574
3796.56859061102
3009.96184718785
3181.40721295899
3405.45589480711
3854.76700577399
3125.20516017148
3423.6597936178
3587.27482301535
3824.11949823868
3592.12872141815
3578.05753654086
3496.93859509571
3515.66688898427
3827.94361449892
1643.4139686541
3809.9724738921
3464.00713999609
3420.0429816759
3293.65701617512
3712.1461743916
3597.0677696246
3307.87274690731
3375.3558336567
3618.03281453613
3730.86770522713
3524.33622667428
3330.69018898897
3533.45905518633
3848.25504027641
3366.47285913049
3186.7351854853
3650.527513405
3648.34605182286
3415.97553123961
3643.96946937627
3889.69934279666
3375.69852598502
3736.47649139614
