316.439096758043
342.980630303418
348.094442320138
241.797911588511
312.564073373968
225.985393805982
218.387147335741
225.678428880742
216.271509788297
282.492406722149
238.797312569605
231.335034247398
169.834913678599
325.366234487818
348.533636032736
280.000204920259
227.599305834305
200.337729198542
229.698010824459
271.543491181436
249.801592836714
211.360073727593
709.910466929511
172.393606589449
212.914600651916
303.036488071616
269.357985622287
208.168306559419
273.093091909027
320.308736733364
211.695386256662
268.305782168136
237.506095250134
250.658913475351
326.995985034542
456.092275468583
296.084732750958
432.594298046943
628.262846021166
463.643244421141
348.052770458699
184.452480221438
375.803682625103
235.407347692171
250.009478197423
199.084464364817
373.177166532839
324.899829244735
319.196960409984
243.300960661085
222.107900356018
