235.086796372954
232.909656230064
231.46156494366
233.927616076302
234.080087080406
238.439188779316
240.513041183801
241.16117754988
253.025336581302
231.463227970743
244.181137488723
235.032155990178
235.420030295973
237.587162096533
233.728048529737
241.939666687196
235.683723632168
230.929843249903
230.286762679731
232.929540331739
240.715185778442
236.59475418627
233.004106932001
251.191439786156
237.841555999845
237.771691973107
235.820250266472
237.89435294498
245.261392427499
242.348122201615
246.294510244903
237.341681338912
232.963716443468
232.519619466478
230.398081061612
236.537909124705
231.277794828113
234.502205319003
235.553857719925
235.525561597971
239.948006613888
234.050550459384
230.259037856394
232.4102819469
238.296504980623
234.969178203552
235.336798295195
238.690138615119
228.907483162265
236.795933661956
235.403862623731
