20150.3036631399
20034.9944361386
19780.7670924147
20260.9386191046
19950.4083976919
20260.9386211046
20092.0206155232
20360.3748440677
20150.3036679112
20260.9386177258
20357.8311971666
20076.3090850657
20457.7279857265
20092.0205980533
20034.9944344892
20092.0206092934
20092.0206057666
20092.0206043315
19669.8755636486
20260.9386265222
19912.545445131
20208.5128297954
19750.3631020323
19780.7670933
19941.5449613158
20076.3091053737
20092.0206132269
19979.9856509102
20130.5014578369
20034.9944276691
20150.3036549107
20092.0205977199
19919.6801533874
20260.9386115357
19979.9856607643
19979.985656431
20034.9944407441
20249.1229953392
20163.4031717836
20204.3673056607
20034.9944368803
19780.7670972388
19780.7670936759
20067.3915782311
20260.9386147869
20092.0206128412
19780.7671012218
20092.0206072115
20034.9944315391
19565.1342714966
20260.9386157426
