819.310636448094
771.424038162014
795.517926837211
800.332553594119
793.727366505846
800.402025447899
779.890656698079
801.603574924228
816.665677458285
769.732216581721
759.441450898727
795.927491091872
822.428525488191
837.045551744794
790.088036574205
796.986408454041
762.218109271682
813.843409948767
788.203976497281
761.805331264432
773.138143608229
792.572727321263
797.945362677508
788.301041114363
798.261110803634
817.01397050679
833.109432198302
793.812355192731
814.482653686887
804.489656078326
803.287697458853
786.165191008754
811.604143257046
804.409467955442
808.649638617476
793.066175015523
786.841284671113
786.578574299004
776.152978235153
791.694403907938
772.200733351533
781.953418859139
817.157244954336
842.081758233579
806.643810077033
792.830278970222
801.74737051289
801.880946817924
803.665208153862
786.206900976957
808.437658251542
