762.446543279434
637.606497011758
697.9021293463
698.00233657058
698.383194462063
698.468179606251
638.231963093095
762.360078723289
800.282550136374
762.136547297298
698.405596346647
762.149022746099
698.458344790395
698.528020742277
698.024543780366
697.961154218609
761.952181000055
698.334626068647
637.827132160684
698.063132967893
637.364718676838
761.924321738191
637.749018967786
698.06270145943
761.938308603952
762.261740061232
697.834508657704
762.072634564316
698.203018641729
698.140990029891
637.977618547065
762.06854846574
637.699122822638
698.068316289079
698.111310224071
762.333545795691
697.909736397586
697.871993739237
698.288091999166
698.001784035725
698.144954217531
762.180704120237
697.909568544172
698.147739691
762.035160304215
698.343276284661
697.971576010352
698.312618317641
698.045882477153
762.052336086578
762.242547249552
