300.000000000013
300.000000000013
300.000000000013
300.000000000013
300.000000000011
300.000000000014
300.000000000013
300.000000000015
300.000000000014
300.000000000013
300.000000000014
300.000000000014
300.000000000013
300.000000000013
300.000000000013
300.000000000013
300.000000000012
300.000000000013
300.000000000014
300.000000000014
300.000000000014
300.000000000015
300.000000000012
300.000000000013
300.000000000014
300.000000000013
300.000000000013
300.000000000013
300.000000000014
300.000000000012
300.000000000013
300.000000000014
300.000000000013
300.000000000014
300.000000000014
300.000000000013
300.000000000015
300.000000000014
300.00000000001
300.000000000014
300.000000000013
300.000000000013
300.000000000014
300.000000000014
300.000000000011
300.000000000015
300.000000000015
300.000000000013
300.000000000015
300.000000000013
300.000000000014
