13160.4196261783
13429.3716152787
13198.1236984494
13627.2338265653
12910.790946144
13148.5230557136
13334.8619344558
13425.3466264534
13504.0243948454
13276.2800729973
13754.4414820662
13286.9251926758
13693.3491871935
13334.0075970987
13276.1751440456
13311.4237061823
13608.1412657095
13682.5603884109
13366.2993099826
13263.544047284
13492.6315134107
13164.5110966322
13226.9879584088
12968.2366679429
13456.6409862875
13751.0496436069
13327.3462006155
13526.7216562923
13657.7758778004
13226.7062056127
13371.6902796979
13528.5891323138
13073.0506179791
13510.1220118597
13399.0255255847
13314.2208545934
13369.6766459728
13494.1850636355
13040.529140887
13564.5167400236
13422.280602448
13555.0167567724
13656.5797599379
13284.3179718019
13351.8706474451
13754.5111994383
13470.786322649
12898.0872179503
13225.9791600509
13059.3726206626
13742.302523027
