539.216180128834
541.675784644543
537.789052792162
534.642521749851
548.856141967944
505.286506574737
541.380900452012
541.007877503054
551.969937288931
537.065022240318
541.820333865638
545.181027587877
552.091168038077
590.115400713991
590.115397797231
513.892242336788
590.115405517887
543.566515865288
537.144363055756
539.584050862159
541.277252864339
541.104380747424
540.11883545766
590.115402129513
520.070767847162
531.847782853711
534.028935539555
489.689707055691
504.483448629583
539.312202405537
544.907530814482
544.641474257089
540.41988348006
542.045218844211
531.847766621647
478.224773222853
539.930081543036
541.693423995981
534.802376822365
534.580138752626
539.022682020889
541.882462591813
589.823614398183
540.750756795056
520.07086783264
534.856568833456
546.370929329773
539.144786747157
484.638719529179
530.611063274097
544.555594844769
