2166.98605759171
4482.67455220209
4252.32839795252
4490.10789105255
3100.25362475939
4669.03002241483
2809.40000532737
4418.6771677551
4402.36888535734
4104.54598911485
4247.54455488321
4640.97262565635
2911.56522730239
4744.61270898608
4315.95107730337
4489.93227112635
4377.71482933107
4469.88823142441
4819.06702987934
4388.492304301
4662.79260137626
2633.98894177933
4170.39913511347
4490.4555283063
4494.01515679479
4366.45404516639
1844.81170558124
4849.62010179998
4629.34397474619
4660.22532002824
2769.79243102508
4401.09920983642
2448.4559944083
4279.40480459679
3926.23902423275
4211.98679077813
4475.61724031243
4659.95571518807
3046.02385302733
4567.3871763757
4563.90555895022
2614.01347037942
4598.08699122289
4662.89796655796
4513.67646010077
4085.1864577118
4765.76672121026
4744.7706598897
4717.66726193621
4557.9966535087
4654.22052650505
