1.13686837721616e-13
1.13686837721616e-13
5.6843418860808e-14
103417.409130345
1.13686837721616e-13
1.13686837721616e-13
5.6843418860808e-14
1.13686837721616e-13
1.13686837721616e-13
1.13686837721616e-13
1.13686837721616e-13
5.6843418860808e-14
5.6843418860808e-14
117248.941167369
1.13686837721616e-13
5.6843418860808e-14
5.6843418860808e-14
1.13686837721616e-13
5.6843418860808e-14
1.13686837721616e-13
5.6843418860808e-14
1.13686837721616e-13
5.6843418860808e-14
71336.1483672496
1.13686837721616e-13
1.13686837721616e-13
1.13686837721616e-13
1.13686837721616e-13
1.13686837721616e-13
1.13686837721616e-13
1.13686837721616e-13
5.6843418860808e-14
5.6843418860808e-14
1.13686837721616e-13
48276.9472443339
40564.1652252707
5.6843418860808e-14
5.6843418860808e-14
5.6843418860808e-14
53057.6943381289
5.6843418860808e-14
1.13686837721616e-13
1.13686837721616e-13
1.13686837721616e-13
1.13686837721616e-13
1.13686837721616e-13
117510.098293693
5.6843418860808e-14
1.13686837721616e-13
103932.12541405
5.6843418860808e-14
