165.683653639124
88.3760197135466
169.130741574525
6.43467501504347e-11
115.243124731126
5.8321347751189e-11
2.61566697190574e-08
3.9866239872353
164.361606896161
145.124219565495
3.98662385430231
9.50251433096128e-10
6.30153553019568
3.98662385430111
148.197031304112
85.0106939469841
6.20642595094978e-08
2.74758349405602e-09
3.98662385430111
3.98662385442435
152.018609854108
160.139259860022
4.04477479324316
3.5242919693701e-12
9.10033210888457
3.98662385430549
6.04245542490389e-11
3.98662385455543
1.94340259440651e-08
3.98662385560135
3.9866238564382
0.051548524065538
4.96050404308335e-07
67.1992253894164
4.17617834678668
102.783813241998
88.3546109590636
3.98890762491624
8.19056822365383e-10
3.98662385430731
3.98662385786082
79.1283040003196
103.379568782219
3.98662385430453
101.884644895034
3.98662385434267
166.551210288496
3.9866238543014
74.3101643904035
17.6556899139709
3.98662385450041
