63.8290419299793
64.0077111012678
63.6434020250922
63.8369778392355
64.4218088178546
63.4044273319453
63.9860016203619
66.2516245572008
63.7367356445656
64.2802522527568
63.9248386125197
64.4629174311324
64.3408035670036
63.8335987994448
63.9837518225164
64.246623373276
63.8297810027674
64.5156394761317
64.5760466779514
63.7142597574306
64.3196409003044
64.1347158984092
63.9373696100123
64.324828275081
63.9048156729815
64.8260077046565
64.0150361299118
64.5736781873638
64.0636359694699
63.8959785168587
63.8921049387417
64.9025811251878
63.7317428479405
64.3282358014967
64.3603951966247
64.3019097371887
63.7747857472772
64.4708890291364
63.7255891306061
63.3662520916861
63.8856846972159
64.2038987294812
63.6110998837821
63.734076454369
63.5134062323687
63.7783020968773
63.843869003445
64.303301634125
66.4934585817246
64.8347992872235
64.2423359980139
