2617.17001792875
2615.73000336698
2618.15812236626
2615.81345032326
2618.37754633148
2607.55761384045
2613.13587383247
2616.15337874451
2605.86522965322
2586.02138187204
2616.04847268155
2612.1242750267
2595.77294729243
2627.00829215735
2633.57873740107
2605.86522965322
2615.81345032325
2628.12983740455
2618.15812236626
2598.16798058221
2595.16148482071
2612.1242750267
2598.74129273664
2613.85670368482
2612.1242750267
2627.26655220566
2594.04051863431
2628.21124909925
2628.96349858329
2633.22553633113
2609.93613457074
2604.51579075446
2608.7778285023
2602.66549039149
2592.62593203999
2594.04051863431
2628.87796329874
2612.1242750267
2585.36997323908
2587.78147326084
2613.13587383247
2625.95489215188
2642.40187878277
2590.69407210992
2613.13587383247
2605.86522965322
2613.8742612907
2615.10122509986
2609.99061847473
2623.0840945025
2575.06156239624
