22258.4771382306
22193.023226726
22167.2038769739
22288.6598992467
22265.0232585863
22228.658296645
22188.3860567811
22252.0226250039
22259.6608490864
22242.7493806005
22145.295485683
22275.7499836274
22235.3854091741
22149.0232319008
22276.0226671892
22213.6592637193
22231.2974692618
22218.9325260846
22218.8388983199
22223.206336303
22248.5650639299
22244.4771608595
22215.74876216
22293.114374407
22267.6592805927
22154.0226236037
22258.0226201262
22269.7503711371
22270.7493847033
22323.3866666789
22198.022651812
22259.7503654351
22267.4749233778
22242.6586802204
22207.2063770929
22258.4755323409
22248.7493739566
22242.2964671328
22266.2964858754
22261.3854335944
22234.3875933292
22251.7487836997
22191.3870319273
22314.4755340483
22241.3868405018
22240.4755391947
22270.2964660216
22270.0226183956
22193.2063283267
22240.2924372226
22180.3860040662
