4276.89458640057,4014.71427717507,4902.93999712156,2765.36505421135,3711.54516577898,3050.7258183903,2941.44671308899,3986.14866533218,2596.92094902949,3897.66050043747,3125.28425801041,4535.08854490726,2657.16069838199,5260.93901074129,3888.58429542368,2787.24091251551,2997.08525301353,3510.97188068775,3853.13618622021,3142.2267338859,3110.21782580424,5619.2868209203,2994.87502707082,2518.69840013037,2437.96130825585,3827.01692186622,3098.58167396112,3968.41481835148,4275.58064958967,3059.984633932,4976.86503661978,1980.76538019752,2053.06820067642,2714.48918664106,2749.87504955985,4083.35345941514,2557.96922809844,2261.91390078319,4047.01252573145,3021.9400405405,2701.66449326259,3794.9992633965,2378.17641909284,2166.43281296907,4410.11362809722,3454.45595613716,3259.42161707628,3289.93837363547,3736.21485604131,3019.9224939571,3849.78764350393
23.4393024604999,47.376560124244,30.7834442365613,17.6950082758378,12.565605019548,25.0834920739533,27.0954107549198,31.4730710685658,11.9517593889177,35.0812904327342,39.487673070181,47.4746821772483,12.4552034157446,37.9186688606399,23.2862091607801,21.5958977130824,16.8332011785619,53.3143352795416,27.3005585298156,39.4425662530555,26.8955298377884,45.0311306670351,29.4064252295937,38.4645154046793,18.9582070365157,38.6393577747406,21.1527990515854,21.7750262460809,62.3581736467293,24.5689580514925,20.9610403401655,6.07376387572708,11.1127782585961,34.2891285469818,16.4482396169058,14.8016268502299,17.9421773031156,23.1682068083878,21.5170212854628,11.6484514160961,20.3076440061805,17.129433471677,11.3141571833985,6.79425072247909,53.8321020453809,61.0810089939898,46.2411430022901,37.5641803603112,23.0363075213388,17.294685538737,40.0368569409563
0.237630430942545,0.882945503713017,0.498998800871959,0.324526295652959,0.237521977487859,0.599354683398133,0.555301410489164,0.824313325035064,0.169181212848116,0.546667616736386,0.419305149622232,2.24101388838221,0.208394334675631,1.07989819455338,0.287246423687975,0.43560977421339,0.19676563452299,0.961750136678802,0.29246195048313,0.769107521050501,0.515182448801397,1.30574723028462,0.313950455997656,0.608468347323878,0.501585283247323,0.685740924071524,0.279908569810459,0.504708324361445,0.623148037367173,0.200088250430326,0.353256409452342,0.0754544419946797,0.205757960408164,0.667854652809183,0.364729898916721,0.399010945882083,0.250110247929797,0.20127376682467,0.391904898709527,0.427290740764647,0.2330711112877,0.492727234656513,0.192696428409135,0.103802266007051,0.699413777984773,0.751205974597724,1.04098193190839,1.49487878727155,0.640009264650189,0.161772196585162,1.12236033228305
0.000147955783404541,0.00032808546779961,0.000583412616379064,0.000358861239647013,8.901068031264e-05,0.00121261693539054,0.000465713885887453,0.00120245450284528,0.00015792238832546,0.000868739313773403,0.000362746201972186,0.00248139497352895,0.000135217379693131,0.000526520785115281,5.6175539157266e-05,0.000345068546494076,6.48653790449316e-05,0.000136221704678974,0.000111511698605682,0.000345103419704174,0.000890170618731645,0.00151248857878272,0.000202425177349141,0.000415084332189508,0.000794367795379003,0.000796281064140203,0.000206538591328354,0.000818557100046746,0.000518243238502691,0.000122061041338384,0.000316381974926117,4.04392519612884e-05,0.000165729073160037,0.000584165935606507,0.000106916904996979,0.000280526822052707,0.00043026706089222,6.51302132155251e-05,0.00028105856131333,0.000531248098013748,0.000189780271512063,0.00036519508512356,0.000259976154666219,0.000130270398130961,0.000861562660020354,0.000450060639877847,0.000732440529418454,0.000631650886589341,0.0012515733960754,8.83605955550593e-05,0.00136326096844641
1.44609657581896e-10,1.60071067512035e-10,2.86263457383029e-10,3.11047188006341e-10,3.34921423927881e-10,2.8574049792951e-09,7.49651007936336e-10,1.67347025126219e-10,1.61435309564695e-11,3.27872839989141e-10,2.28510543820448e-10,3.56044438376557e-09,2.63753463514149e-11,1.00226316135377e-09,1.2732925824821e-11,7.48059392208233e-11,9.32232069317251e-12,5.11590769747272e-11,1.9554136088118e-11,3.03316483041272e-10,5.65023583476432e-10,1.17984200187493e-09,7.98081600805745e-11,7.31233740225434e-10,3.76076059183106e-10,4.22005541622639e-10,1.87583282240666e-10,6.40966391074471e-10,1.19825926958583e-10,2.81943357549608e-11,1.75532477442175e-10,1.45519152283669e-11,4.09272615797818e-11,3.25599103234708e-10,3.50155460182577e-11,2.97177393804304e-10,5.04769559483975e-10,1.00044417195022e-11,3.8198777474463e-11,9.25638232729398e-10,2.56932253250852e-11,2.250999386888e-11,2.11684891837649e-10,5.979927664157e-11,1.13004716695286e-09,9.66338120633736e-11,8.35370883578435e-10,3.72210706700571e-10,4.07908373745158e-10,3.86535248253495e-11,4.44742909166962e-10
0,2.27373675443232e-13,0,0,0,0,0,0,0,0,0,0,0,0,0,0,0,0,0,0,0,0,0,0,0,0,0,0,2.27373675443232e-13,0,0,0,0,0,0,0,0,0,2.27373675443232e-13,0,0,0,0,0,0,0,0,0,0,0,0
0,0,0,0,0,0,0,0,0,0,0,0,0,0,0,0,0,0,0,0,0,0,0,0,0,0,0,0,0,0,0,0,0,0,0,0,0,0,0,0,0,0,0,0,0,0,0,0,0,0,0
0,0,0,0,0,0,0,0,0,0,0,0,0,0,0,0,0,0,0,0,0,0,0,0,0,0,0,0,0,0,0,0,0,0,0,0,0,0,0,0,0,0,0,0,0,0,0,0,0,0,0
0,0,0,0,0,0,0,0,0,0,0,0,0,0,0,0,0,0,0,0,0,0,0,0,0,0,0,0,0,0,0,0,0,0,0,0,0,0,0,0,0,0,0,0,0,0,0,0,0,0,0
0,0,0,0,0,0,0,0,0,0,0,0,0,0,0,0,0,0,0,0,0,0,0,0,0,0,0,0,0,0,0,0,0,0,0,0,0,0,0,0,0,0,0,0,0,0,0,0,0,0,0
0,0,0,0,0,0,0,0,0,0,0,0,0,0,0,0,0,0,0,0,0,0,0,0,0,0,0,0,0,0,0,0,0,0,0,0,0,0,0,0,0,0,0,0,0,0,0,0,0,0,0
0,0,0,0,0,0,0,0,0,0,0,0,0,0,0,0,0,0,0,0,0,0,0,0,0,0,0,0,0,0,0,0,0,0,0,0,0,0,0,0,0,0,0,0,0,0,0,0,0,0,0
0,0,0,0,0,0,0,0,0,0,0,0,0,0,0,0,0,0,0,0,0,0,0,0,0,0,0,0,0,0,0,0,0,0,0,0,0,0,0,0,0,0,0,0,0,0,0,0,0,0,0
0,0,0,0,0,0,0,0,0,0,0,0,0,0,0,0,0,0,0,0,0,0,0,0,0,0,0,0,0,0,0,0,0,0,0,0,0,0,0,0,0,0,0,0,0,0,0,0,0,0,0
