13123654.1293671,13282097.5325542,11477643.7194534,7948788.04827232,16230249.9822006,10811208.8342153,10570792.4485175,24008954.2764576,19533561.430936,12311438.1548257,17483066.6800842,18763450.9785288,12202925.1802618,9605453.13934754,7933357.78408094,8811913.06908357,11940565.0595954,14471916.8232951,17425331.7405608,16446197.4209116,12674217.874042,13893585.6425787,13480055.29446,13282647.5222491,14432821.890734,12435237.0587409,13216100.9754027,13213205.1354748,15416316.6562626,11396777.9580007,10012052.2209072,20357615.9371013,10668005.1042288,19326563.29651,15265330.7565156,2143832102.1109,12043291.2091652,11756796.6767779,10334742.1988991,7595231.64844989,15264091.0244894,15074984.6387825,9780562.00234235,11954319.2901564,15450682.9999883,15756092.3378226,12635790.7992194,19967009.4454427,10420017.9973488,10723782.371022,11840533.7739502
8209040.79711692,5967504.74270202,5820075.75683906,4737861.76707696,5832775.34659868,6272648.54503506,4139067.01054474,6278638.52756647,8064471.38365446,8167588.30941217,8621554.73072228,11807181.4625969,6506893.69891141,5419322.95734067,6170221.81885904,6417507.94837551,7354067.0467437,7546235.0909709,6036247.10824391,10158580.863443,7355364.09499878,9909852.8218346,6900282.69240472,6844263.90507022,6957638.21050401,8960177.75538564,6530684.54813433,6465048.83687791,6525521.6763585,6799248.74195819,5045499.79047683,8031000.38234496,6159627.05024415,9846465.47626582,6317200.14836269,1986025571.76779,6119904.76132984,7418220.49145393,5178784.7223934,3725680.75371446,8521343.6100904,7377348.61466605,4522584.23032901,5465497.02067608,9473068.33212361,6906155.96444035,8621862.9816651,9267352.30456435,4246359.45243481,6424713.396363,5686209.51479092
2294757.93087442,3464104.66324068,1766559.83032569,547721.663692004,1292408.93446817,2383712.87477684,1660658.70152831,3785258.76631016,5741009.21528512,3899265.70699691,4614077.99166744,2186327.39758772,2760229.46566529,2830232.56424246,2316714.94612479,3679432.32937681,4878007.06587859,5125817.22652157,1902187.23789882,3214423.40436085,2051522.99948064,3268008.70213013,2813663.7447505,2183313.30376229,5094903.9503447,4280664.7028881,2729621.25243844,603136.6239862,4566524.30511178,1975933.67337013,2925070.66524076,3699335.19479615,3104821.18794162,1912581.86887836,1371696.91939434,1681492682.59634,2388769.92320028,2151941.85833599,3055720.6916502,1419993.89430565,2420040.44871536,3461726.00501195,2232224.83637476,2562755.77208638,3018071.38462856,2881573.912582,4027801.89540145,3978610.88738856,1496939.67910261,1969700.27733535,1387580.52272704
20975.4009043751,276645.744684317,90288.7409929782,19617.859963755,24815.2507422447,170160.388765547,15084.1883485606,65507.9876339476,539536.859954091,87146.8619297341,23455.4943086978,80167.7491473734,191143.785233933,19090.6424948056,160098.217526908,36594.5796992092,52543.1744860942,26579.5195023691,21084.7888114199,331182.408084926,95003.9881252756,13557.4161473199,13194.2766239319,30660.2960604264,44562.5381975006,166557.685232446,48871.2253920538,5668.75740994423,69850.2048234526,298948.658869809,36427.4777836124,884377.659629656,130313.758258578,305348.488350664,149090.433564672,398824924.873812,4395.87032358948,174300.301900918,95034.5534112587,76954.5956927937,73006.7962738044,94393.2827932016,19610.2146847828,144242.531169529,155527.242661522,14481.8212953657,88630.124077659,69367.8530126257,45807.9525437421,216979.122399286,21484.2489054042
222.037527958241,7960.35489693345,827.928322287959,1313.25212255532,2343.83361272178,127.025468114489,514.106616707088,4711.97362389154,7548.4163432701,3833.22731391644,1322.53897948595,574.458941687027,1245.5815978539,842.324107776628,715.612320017773,1689.49068346848,1887.32656227165,605.729871639691,489.340826395939,498.913818219179,2039.2070191005,717.509262286763,443.197543170053,1580.18113520814,4426.73934099963,2132.81139904101,2076.27706295735,89.4197636815923,5273.53011325046,1214.30647335696,2654.13972298023,2298.55791657169,169.883502908681,1571.66169263181,1428.90406118041,14396752.6985058,1375.66691679434,5112.45601972955,2807.59548595491,131.246546758316,1513.62129083154,311.84781157478,4025.39705420081,1782.57651209338,4269.81849797168,1362.74500597794,27.60103169027,1867.60830461951,312.329835634803,2346.44377514734,1637.14345034739
0,0,0,0,0,0,0,0,0,0,0,0,0,0,0,0,0,0,0,0,0,0,0,0,0,0,0,0,0,0,0,0,0,0,0,6405420.6698985,0,0,0,0,0,0,0,0,0,0,0,0,0,0,0
0,0,0,0,0,0,0,0,0,0,0,0,0,0,0,0,0,0,0,0,0,0,0,0,0,0,0,0,0,0,0,0,0,0,0,3464275.86097025,0,0,0,0,0,0,0,0,0,0,0,0,0,0,0
0,0,0,0,0,0,0,0,0,0,0,0,0,0,0,0,0,0,0,0,0,0,0,0,0,0,0,0,0,0,0,0,0,0,0,514460.13462858,0,0,0,0,0,0,0,0,0,0,0,0,0,0,0
0,0,0,0,0,0,0,0,0,0,0,0,0,0,0,0,0,0,0,0,0,0,0,0,0,0,0,0,0,0,0,0,0,0,0,160832.027240081,0,0,0,0,0,0,0,0,0,0,0,0,0,0,0
0,0,0,0,0,0,0,0,0,0,0,0,0,0,0,0,0,0,0,0,0,0,0,0,0,0,0,0,0,0,0,0,0,0,0,56968.0510961801,0,0,0,0,0,0,0,0,0,0,0,0,0,0,0
0,0,0,0,0,0,0,0,0,0,0,0,0,0,0,0,0,0,0,0,0,0,0,0,0,0,0,0,0,0,0,0,0,0,0,54367.6226861426,0,0,0,0,0,0,0,0,0,0,0,0,0,0,0
0,0,0,0,0,0,0,0,0,0,0,0,0,0,0,0,0,0,0,0,0,0,0,0,0,0,0,0,0,0,0,0,0,0,0,54281.2574193141,0,0,0,0,0,0,0,0,0,0,0,0,0,0,0
0,0,0,0,0,0,0,0,0,0,0,0,0,0,0,0,0,0,0,0,0,0,0,0,0,0,0,0,0,0,0,0,0,0,0,54277.8439969683,0,0,0,0,0,0,0,0,0,0,0,0,0,0,0
0,0,0,0,0,0,0,0,0,0,0,0,0,0,0,0,0,0,0,0,0,0,0,0,0,0,0,0,0,0,0,0,0,0,0,54277.707636242,0,0,0,0,0,0,0,0,0,0,0,0,0,0,0
