17812.3984385649,19093.8461168149,18967.1013052448,18909.7847384498,18921.4938302646,18580.2628224232,18291.0455645133,18981.6669022524,17982.6113896366,19059.1569541625,19071.69714336,18582.9027517656,18576.6726656441,18827.8693894511,18169.3824879297,18473.513219361,19453.5073734474,17343.8733163858,18815.5240320114,18559.8843262052,18817.5697830794,18468.4497923493,18553.1179485512,18498.3927050024,18123.9769168601,18671.4218430046,18790.4696104205,18608.5007111766,18074.860367025,18738.0977497711,18812.2357022337,19233.1145568249,18320.7071619388,18181.5724189666,18198.1659319889,19023.7223354959,17765.1315524101,18668.7849354718,17813.2982242733,18217.5109537717,18610.9885570579,18374.6913746146,17331.7957262202,18494.4527645061,18461.0209708914,18108.316612263,18837.1020348026,18504.9051888958,18084.3132639112,17745.3730368595,18402.2162117762
17812.3984385649,19051.2433816539,18967.1013052448,18909.7847384498,18745.1989011803,18580.2628224232,18291.0455645133,18981.6669022524,17780.9014962984,18940.8998254705,19071.69714336,18539.8321460267,18571.0851581143,18827.8693894511,18169.3824879297,18473.513219361,19349.7723217192,17343.8733163858,18815.5240320114,18483.1299318476,18687.6589198844,18468.4497923493,18512.1425126199,18290.6654113833,18008.4449027901,18671.4218430046,18660.1808079897,18608.5007111766,18074.860367025,18738.0977497711,18677.8562932285,19233.1145568249,18320.7071619388,18181.5724189666,17994.2615072974,19023.7223354959,17668.708260612,18668.7849354718,17813.2982242733,18217.5109537717,18408.6778171006,18060.7707640443,17331.7957262202,18426.3625851259,18461.0209708914,18108.316612263,18837.1020348026,18504.9051888958,18084.3132639112,17711.3651686459,18402.2162117762
17812.3984385649,14925.1769849024,18967.1013052448,11607.6518473412,14023.5879733049,17411.0537722566,17363.9625295687,15544.6094239894,13051.8699370938,13639.9382550977,15099.5017986464,16478.3867396806,18111.041419356,15974.0021434429,13695.6592330405,16370.5395604157,16787.1152706069,14787.5121125256,16608.0827384047,15457.1439195738,14799.0241686049,16005.6709103567,12612.3219536079,18263.9552247485,13678.1649103555,9111.32884511405,14352.2424028606,17764.3796749108,18074.860367025,12309.0096697907,18677.8562932285,13196.5477705977,12217.3661582173,14317.0465979089,10264.7120679737,15089.9768805965,14166.6056074975,15392.5042634004,17500.7818842727,14980.6670544686,18406.452080008,17926.595557912,9228.80712547212,16235.4348763053,17065.9456211331,15263.2599811142,17731.7778940953,18369.9481373964,13585.0973315808,15529.3173746415,14161.8049863918
8722.0254354704,5610.90301625954,17430.8925601925,1565.68558961869,4836.0236723162,5514.16906289596,2842.42637107118,1941.84300109604,7186.45825944232,4381.60224764374,5053.25042208448,2826.45118878986,5438.50982240915,3136.78717527247,1553.76367020144,3672.31593731225,760.26751059415,3233.64595113507,5185.89970477267,2213.43772644608,3219.94778378938,3393.58367917735,2019.56144187895,15875.4831661758,2381.14638231528,1527.16211820735,7171.61093011243,2972.89224086958,14565.9825000487,3708.20393862004,15914.7866337923,972.9941275452,2542.98808142821,1157.24786544954,2412.01347706429,6966.48848194311,2217.39557969589,4245.03563494323,1699.32859039446,4218.44729675763,7939.33767147464,7458.68767355111,631.936351954325,4602.4547329577,5386.76502489667,2022.84194859281,5934.36801651981,6721.5707224104,2053.45634431428,3050.25039872524,2614.72389970503
24.821760931083,0.000325366935612692,643.765979412475,4.51100952432171e-05,4.13678046568589,4.5053626173476,0.00260930787180769,1.86111492439522e-07,0.445382124625439,0.000985921203664475,0.00216592638844304,2.25737978780671e-05,37.4413087973408,0.0715991815316102,0.00637074978521923,0.00359380338181836,2.55074360211438e-06,0.00449038613919583,0.000847371192548962,0.285676461195862,0.0277672706115482,0.0584504536079749,0.174523956626444,5980.64279268822,0.000963772728937329,7.6684225405188e-06,0.896884864034064,0.0288347459247689,649.296069586843,0.106458117849797,1388.79720851445,0.0716802032197847,0.0184435128314817,1.06023270483979,0.0340974333200847,46.2253728292026,0.000132730031054962,0.0145529367316612,20.8041806517758,0.0041252444316342,71.8413702050884,12.164002275475,1.40365045808721e-07,0.0687957638192529,0.0845930644945838,0.0174377752891814,0.301030783032957,0.494654036142947,0.133938999526208,0.0210269902011078,0.0289572170941028
0,0,2.40555687014421e-06,0,0,0,0,0,0,0,0,0,0,0,0,0,0,0,0,0,0,0,0,3.97708390664775e-08,0,0,0,0,1.16010596684646e-08,0,6.80026687405189e-07,0,0,0,0,0,0,0,0,0,0,0,0,0,0,0,0,0,0,0,0
0,0,0,0,0,0,0,0,0,0,0,0,0,0,0,0,0,0,0,0,0,0,0,0,0,0,0,0,0,0,0,0,0,0,0,0,0,0,0,0,0,0,0,0,0,0,0,0,0,0,0
0,0,0,0,0,0,0,0,0,0,0,0,0,0,0,0,0,0,0,0,0,0,0,0,0,0,0,0,0,0,0,0,0,0,0,0,0,0,0,0,0,0,0,0,0,0,0,0,0,0,0
0,0,0,0,0,0,0,0,0,0,0,0,0,0,0,0,0,0,0,0,0,0,0,0,0,0,0,0,0,0,0,0,0,0,0,0,0,0,0,0,0,0,0,0,0,0,0,0,0,0,0
0,0,0,0,0,0,0,0,0,0,0,0,0,0,0,0,0,0,0,0,0,0,0,0,0,0,0,0,0,0,0,0,0,0,0,0,0,0,0,0,0,0,0,0,0,0,0,0,0,0,0
0,0,0,0,0,0,0,0,0,0,0,0,0,0,0,0,0,0,0,0,0,0,0,0,0,0,0,0,0,0,0,0,0,0,0,0,0,0,0,0,0,0,0,0,0,0,0,0,0,0,0
0,0,0,0,0,0,0,0,0,0,0,0,0,0,0,0,0,0,0,0,0,0,0,0,0,0,0,0,0,0,0,0,0,0,0,0,0,0,0,0,0,0,0,0,0,0,0,0,0,0,0
0,0,0,0,0,0,0,0,0,0,0,0,0,0,0,0,0,0,0,0,0,0,0,0,0,0,0,0,0,0,0,0,0,0,0,0,0,0,0,0,0,0,0,0,0,0,0,0,0,0,0
0,0,0,0,0,0,0,0,0,0,0,0,0,0,0,0,0,0,0,0,0,0,0,0,0,0,0,0,0,0,0,0,0,0,0,0,0,0,0,0,0,0,0,0,0,0,0,0,0,0,0
