120.15415858506
296.106713758518
118.854620583729
296.106713758518
736.232923057028
524.419338233266
119.946015600415
118.646477599083
338.709582248339
458.456835002761
335.786146989657
731.777469055708
458.664978625571
458.456835653723
994.931602537294
458.664979112379
118.438334614438
238.60187366266
712.179970854449
513.454526133736
134.857926605279
338.709582248339
249.56668563299
355.76419129017
237.084812213521
338.709582248338
315.765156650243
455.74154260619
593.741635120213
456.939773878131
653.639458655642
217.139669390573
466.790172515464
119.737872615769
480.076279337369
455.533399929972
118.438334614438
575.61915295478
414.753191357601
238.601872961715
458.456835349983
118.646477599083
695.69719558732
249.774828085133
463.866739377088
119.946015600415
339.800977265025
480.284422322015
644.466613513389
337.085684990988
339.800977265025
