60.8003626763186
21.4986704270732
25.3380196544908
11.6487660026012
154.443270932025
144.319628287276
16.2227307374019
29.1962235388164
374.179127275634
414.880358667327
13.5274799881256
36.2906383118386
200.348288183761
28.6166750901559
47.0467424883516
10.077213724886
131.440696525325
44.1671855961615
18.1561311768685
55.0231069559211
22.5757288934387
17.1868264233015
40.4694567801278
29.3779571698919
19.7375143485622
518.110875945901
205.592960337706
17.460840422689
50.620989833978
14.1717943361302
12.6575386251754
6.71925263698267
70.4441042325982
31.6196824255678
21.3760574167693
59.5729057069059
17.2414834920512
25.6249627280838
565.018613169992
28.6923385636628
31.7336867640984
13.7659865878138
15.7440065781939
86.9018955745601
10.5664866263789
20.0224618607131
24.0166748984805
14.4572636876276
16.9161099282092
26.4868466626256
25.260360843947
