51.0498683881844
35.548586613535
83.752307142287
17.1013545540141
25.5050795425204
46.0142816557873
43.9233705353149
101.221587019555
12.4266357830959
55.2459287630354
19.0796922087243
30.6442134219826
56.6227964116117
23.0390040043037
12.5059881124537
28.1484075373244
73.7558927892801
49.5622261826445
30.2835939547019
34.8881773928201
27.7358902540223
15.7513822820604
46.5410507160909
59.8817175759254
69.5811119491009
73.8892818533886
62.8203031670907
29.3849659913333
13.354778704683
13.9981228298491
7.28768172705145
11.1885303104762
29.7645613937225
32.5645180093154
63.6599883946831
50.0484056059734
27.6110838779261
78.3910980836429
47.8107613847908
64.7916710036777
26.7034739390667
26.9888314978732
40.7043690350386
61.8630331063869
29.9722939781147
42.8590371178786
53.285100309264
45.6842219144157
64.81388705009
56.711026239177
49.5106696834025
