223.419928884369
289.752298307916
256.360594087879
262.88531548944
246.944097041269
273.866877010214
233.353533871796
255.83415468519
201.575457565062
125.59861071395
223.211424765887
256.753842045732
169.259424744285
121.371136269171
238.181100352774
153.900025412078
196.07839083932
205.333096384748
166.395410535882
231.386927322003
301.222247495567
197.810873200603
209.276665696505
117.029267842972
218.445494464452
190.996204287178
136.022210689038
226.182351204126
230.861861550653
186.41209457671
214.905558501884
282.772582344339
288.289832069166
198.274347406332
302.290523051767
248.612577217968
197.615056432531
257.867442107632
242.437145440373
245.365079479711
107.271914970601
255.145859170432
237.540977759676
310.964433591968
98.3217940044494
218.52533542602
217.003412015344
240.392619375229
402.025564193403
332.269144296969
253.743595885491
