664.418224939614
718.074205872831
667.11280923783
668.149606879661
664.551674391295
664.674258919226
486.453529331023
665.616968645282
664.13412780311
664.117814818259
664.239524582124
665.014518424464
664.358411120675
664.176867212841
664.24957470251
666.505903783167
664.502718813999
666.57980815929
665.996068451477
666.725338482641
664.009192197987
664.604424686487
664.148856568211
664.503039787752
666.247190949643
665.428535025813
664.585827149755
664.693708832354
664.654410228631
665.353414382744
664.422887466511
663.880452621677
664.327878880909
664.269637384678
664.45116197921
664.303998476071
717.317626374887
665.03772494722
664.749563739402
663.99368062664
665.092627448465
666.199139704148
663.886101662334
667.136615252672
664.214049304552
664.868127439425
664.04208639922
663.841887419151
664.418559372423
664.231385694965
717.224311479455
