47.9664272276832
37.7761066271903
27.7510925717606
51.6335581602762
269.842346998204
284.882644682613
30.8543346476324
262.752465459466
37.7005916330138
269.84157326412
52.3927443981415
37.6515359442105
30.7063530388602
58.62543655898
30.7359557831742
37.6518282490426
51.0467644188509
48.5549197410014
37.7005856055421
60.7955523919072
56.8784174582008
61.9878433193451
40.7348228358958
269.717174908205
30.6870175749843
53.410117414928
31.0812093929826
60.0721714856406
30.7359567550232
30.7359558615444
37.6709999016343
294.351153208589
33.7208218714989
37.7427553999769
61.8137229824279
30.7359916655701
37.6514956634676
37.9077428699256
55.5965378920291
262.876891472846
37.7421426802796
282.947185155113
269.717190926949
55.7842274403336
30.962115437502
37.7758338264439
37.6709992764754
56.6456644957166
58.0326546011877
30.6870499804309
259.787089718795
