96.5875815505583
67.3714103145519
87.26742262171
106.690387638066
105.525861570067
120.05643993783
70.4376781572962
89.9878388049397
89.8065602867975
99.916545934999
53.1041924085439
81.8111837062688
67.50012008977
105.591178205837
78.6566537328413
101.229441578995
114.41039570372
101.621565231465
86.3257875987965
147.016522151038
91.1065258859551
45.9018422453578
79.6622888189559
61.3620815322879
110.267978852448
72.717286209308
88.1436967993966
109.837010611463
85.5978324181599
92.2484224699092
83.4604459740926
74.3708080507222
101.261989524848
84.9134765287829
139.42252032688
82.6825301124222
97.141237754272
89.7841968249204
89.1546755394413
88.5389272759205
100.291059697057
79.4423158822722
36.3274916570074
83.4651597542759
120.331047960726
75.6715872838924
69.2215713041119
97.5228758926535
72.9789747241596
67.6708452372491
77.6644339165696
