1096.97887323289
1227.70791480097
868.820330720473
751.513390742657
1242.62851787237
1096.67344420453
1238.17182901057
1247.016674046
1104.42049569832
755.883508434765
1101.84283950312
1101.43532357506
1366.32626719984
1220.74563958333
1358.95091619239
1359.36332921874
1101.43566964833
1358.95642521284
1221.15126541289
1361.93748778164
1101.38570869665
1239.643485337
1240.03290349157
727.911965998553
1220.7494037639
1219.27670001846
1358.9515410517
1234.04462673114
1355.96728162058
1294.91573909824
1237.65409704366
1239.6436354124
1218.9673347426
1359.3407643087
1243.03688400844
1227.7114986076
1358.9510262143
1101.43577831668
1242.6285852996
870.825558499103
1362.19295017225
1239.64393395762
1359.27831068116
1239.64335819113
1358.95203734802
1221.13874992562
1239.64335647423
1096.67329409935
1101.79550903164
1361.83250466569
1358.95260419715
