225.592060321179
242.74638899747
231.185601516235
240.034792193895
232.341169782906
239.735433499855
236.905094028659
226.359101283484
231.47839752835
234.955669108166
228.193576093228
238.458617568133
237.147008893706
232.994595416201
231.061030733615
237.561313955439
241.048469168036
231.742204865845
236.805159746857
236.761508430982
235.319991327147
236.36138188491
229.070276438887
240.423173155848
240.444578804795
238.896356665514
234.44184553397
239.312131688583
231.98927760299
239.112488908947
232.512979666629
246.265827243462
234.566146956199
236.305146777747
234.051119543758
227.775496197524
230.151875101217
233.306561449653
231.345372948708
233.057731617776
233.849827625899
230.001148826385
235.609570056951
226.634719859173
234.225928952706
235.903852385671
225.297139709484
239.01783989739
240.067791431942
233.906587337356
234.962258531995
