5181.84497291596
5323.2317383301
5196.3449602587
5508.29494774987
5017.26000070183
5728.43920161444
5228.76720329896
5373.46800338799
5090.10508700173
5323.23174287696
5559.49289644062
5181.84496889626
5280.22333139208
5393.0969741659
5275.19960198647
5393.09696105346
5529.53443472817
5323.23174411437
5728.43919296812
5375.37506954019
5409.47054859259
5361.27476719122
5323.23174514979
5751.78636257275
5624.3418336058
5361.27476349261
5577.0062175745
5676.77000789942
5718.18991093902
5361.27476367133
5409.47053366861
5323.23174094115
5323.23175694716
5665.54013797975
5361.27476501869
5676.76999860299
5490.75595857837
5508.29494797378
5539.76674774816
5667.48389086022
5373.4679981929
5373.46799716848
5508.29494448629
5181.84497457943
5323.23173750417
5323.2317386552
5090.10508972377
5181.84496800255
5181.84496531816
5222.13036712015
5228.76719737416
