422.931783289642
427.822757509529
420.926834521069
423.754360360214
420.011904472213
585.160993492332
422.602123328916
423.446617767442
420.472087845916
424.102678821457
420.345603303296
419.672334520804
423.306840787509
416.890023451074
424.898967514157
597.539999739151
425.03111980296
421.678229863067
418.16335003087
419.019222419703
421.075372328103
419.937778188041
423.251908147689
423.471651073206
423.76839310914
426.43609469562
421.259299230897
418.84761488297
420.797126080711
421.590275073095
422.055524348557
420.084184019898
595.94271829188
421.098927328261
422.339416627666
421.829493981573
419.714665660136
421.457118091656
419.947584607806
422.036278394829
421.395590667524
421.147052493968
415.653077015631
423.764231232433
418.727210517981
422.206882909409
418.98940310085
423.436212008178
414.833332254569
421.396451917458
416.261606641734
