386.756310590667
386.737205028984
386.779807415785
386.752477636573
386.764600295424
396.267086655846
386.828668192564
386.760302050949
386.7738401155
386.774975354821
386.735761293099
383.413638476467
386.766106513432
386.799937498416
386.813291197458
386.759655061923
386.805639678835
383.407735125174
386.781922698758
386.831927884756
386.709117009212
386.780633582805
386.844314912196
386.769230726416
386.728537819513
386.758384566034
386.760062264285
386.76313710291
386.792525941855
386.712105628118
389.770192757456
386.763981152543
386.76387398095
383.415708534151
386.859379259795
386.765717678902
386.853241232645
386.771939158477
386.751805694498
386.792973314806
386.759942264769
386.815359327876
383.399071803969
386.694273902021
386.888665124612
386.734656004516
396.78883193139
386.84477186116
386.774544036011
386.73729234737
386.754693594787
