378.156716609487
418.558378103858
389.890206529959
345.163456075355
361.837976958933
344.516108607001
366.297455753065
373.139489912625
406.642770584959
386.162146681408
371.147363727815
322.11024384519
340.910914624912
380.334990116319
362.50648387007
425.99661557528
347.775172064185
361.921843200337
362.262926540382
338.809288340248
336.940336098344
345.907992970015
365.388636972871
395.107599553903
370.667268639802
343.783161271294
365.814589386548
397.406214938449
356.497267166685
315.989134372273
399.218204592159
270.745834946628
380.308759344092
376.520096222623
367.060061493612
361.936114124761
395.169793673296
359.730368932268
390.110166952325
366.628606269711
316.119104678351
431.836967010104
443.883700245242
394.469588048841
336.178980760314
447.023929640516
417.883711122898
349.428069924477
326.971183192631
392.529530419316
364.786260491485
