2068.50474124663
2272.34328389932
2126.22647280867
2267.83155153339
2194.33237246788
2084.83073444308
2285.70310437248
2410.46655583292
2681.25795391916
2284.25624075915
2532.53288201117
2602.2693692818
2254.99821769138
2431.69101997624
2325.27573959299
2318.34973286751
2491.24729731855
2378.91425738989
2344.2517475327
2158.394625503
2392.89944680131
2456.81783941366
2383.56458733344
2314.49674955154
2269.12173530486
2404.02263792719
2152.82256326703
2153.32767482457
2480.70135853962
2097.98866275789
2185.28166856534
2096.38005364208
2447.15401366992
2330.53629713648
2101.55585174083
2286.5446344458
2230.18574384059
2240.35474092105
2564.07115182553
2044.16168032788
2405.66289124832
2028.08110733955
2377.50941479101
2196.7912925757
2278.54397935084
2434.84361332654
2140.73579441558
2337.23614309811
2086.15894654141
2415.82713825385
2263.58115446416
