863.809945445175
796.650766463208
676.24820216535
808.003786074706
564.091857826897
882.001416747943
521.986712088158
799.792981269749
818.980830719481
593.143767173759
488.238826516103
492.859360317013
729.901102870563
570.977012824546
521.497491555669
1190.32383427163
723.68661446797
565.079176239749
503.499614544889
462.068608728957
786.500173288405
723.227762017862
1086.78334180501
949.107791923571
706.519463306643
669.861017683685
660.816670554552
527.791097035959
838.374558160456
710.747114119318
684.1263077235
733.03253467496
777.037848607752
882.058891033191
660.099850170788
688.585360979889
548.457599088253
814.24370766324
565.115786851778
754.470149673855
563.692507748674
536.87803163636
678.137250668222
869.937844738622
732.67796965784
1015.69939059305
839.328249498446
1136.86561689304
809.492610885374
1217.74647687102
1824.7430815887
