111.578593734685
115.691572155346
115.386123082917
111.273144662256
111.273144662256
111.578593734685
111.273144662256
111.273144662256
111.578593734685
111.273144662256
111.273144662256
111.578593734685
111.273144662256
111.273144662256
111.578593734685
111.273144662256
111.273144662256
111.273144662256
111.273144662256
111.273144662256
111.273144662256
112.257841161489
104.763664285698
112.257841161489
111.273144662256
111.273144662256
112.257841161489
111.273144662256
111.273144662256
112.257841161489
106.31221712555
111.273144662256
111.273144662256
100.998448558832
111.273144662256
111.578593734685
111.273144662256
111.273144662256
111.273144662256
104.763664285698
111.273144662256
111.273144662256
107.809844710955
107.675761797272
111.578593734685
86.4963694049977
111.273144662256
111.578593734685
98.3337234172325
111.273144662256
111.273144662256
