34.8234863022836
34.8234863022836
34.8234863022836
34.8234863022836
34.8234863022836
34.8234863022836
34.8234863022836
34.8234863022836
34.8234863022836
34.8234863022836
34.8234863022836
34.8234863022836
34.8234863022836
34.8234863022836
34.8234863022836
34.8234863022836
34.8234863022836
34.8234863022836
34.8234863022836
34.8234863022836
34.8234863022836
34.8234863022836
34.8234863022836
34.8234863022836
34.8234863022836
34.8234863022836
34.8234863022836
34.8234863022836
34.8234863022836
34.8234863022836
34.8234863022836
34.8234863022836
34.8234863022836
34.8234863022836
34.8234863022836
34.8234863022836
34.8234863022836
34.8234863022836
34.8234863022836
34.8234863022836
34.8234863022836
34.8234863022836
34.8234863022836
34.8234863022836
34.8234863022836
34.8234863022836
34.8234863022836
34.8234863022836
34.8234863022836
34.8234863022836
34.8234863022836
