0
0
0
4473.46781354918
0
4460.2827000159
4574.37769370359
0
4524.1022169377
0
4418.21621002085
0
0
4553.12627428734
0
1.13686837721616e-13
4483.00963850979
4470.30753917598
4445.73865261066
4525.21719595649
0
1.13686837721616e-13
4412.83079920444
4505.74043548007
4461.75983363354
4485.19416059937
0
0
1.13686837721616e-13
0
0
0
4437.46781562121
0
1.13686837721616e-13
0
4458.39526191367
4475.28339304692
0
4279.19385923782
0
4534.57979790167
0
0
4508.21801284074
0
4424.57979740109
0
0
4473.85283158414
0
