1664.14265090349,1500.43647744336,1593.37594841805,1634.51991215637,1431.67914878944,1663.65773266905,1510.39335983232,1674.97900411192,1409.72896241268,1551.92449901053,1311.30354972656,1561.98490640485,1207.55286441973,1480.21910651166,1314.59659783795,1637.53113318808,1471.63242587919,1290.25568648447,1412.30623697041,1505.34951071724,1571.56920143674,1425.4372971334,1393.24073013469,1614.32480615659,1323.71706322416,1566.70636566275,1630.89276112332,1571.5042301624,1301.52756431265,1588.832371749
947.879561663618,999.215848632936,972.430051584616,1115.98240922814,907.132029151741,861.512400797749,1015.30238072193,1186.31095829178,753.875819590343,950.442855880108,891.808257677409,797.271896083053,737.549063043696,918.523531095995,920.509418414787,1115.0660000196,815.676263475875,853.797051542781,981.956547397296,803.08665101938,1001.56558983908,1037.9746563682,1089.17322508048,745.132298277486,937.993334447003,1071.41028768134,936.061709440286,1068.41533493052,979.557904440928,900.775347146486
808.82370496097,815.30937525705,775.053188334289,970.743811647577,680.184566532423,812.997824174959,751.706845530965,780.135310778387,730.090443777523,815.032517143924,826.635191101641,765.167789807203,703.507839624274,783.838418723375,765.195522298752,787.890554349437,737.097407302712,762.15737092367,644.475150989762,731.511860817853,778.699346974592,847.71756910451,779.559413964759,724.924255829016,697.221341116011,735.227389843473,725.893241743691,814.662003941556,724.671173797547,827.087555176855
683.937995141509,674.983858244296,622.888554668738,626.827532071108,567.25792196167,558.912012537864,610.67949325331,610.11746013475,581.079525627297,641.220015805437,592.383916796262,569.099509678017,595.472889755248,609.956724482702,660.850067118886,579.099468129759,580.304022351919,649.969426056683,575.412944447527,598.159035427862,547.572665063293,607.693884992371,688.502887640301,539.170459266133,605.546700116165,628.917318132432,624.224971269596,625.480399952912,619.595179495958,630.344714729739
555.536340611188,523.804732933254,520.957561400945,502.540826290822,493.764297395351,455.653568066342,558.062210464159,471.417401025447,481.833352621713,501.255834302903,520.73541887647,503.270266243838,502.124613356615,514.351972428857,555.843508275051,464.785380844048,468.431996306783,520.5181410226,494.571419387131,522.411653076439,485.359094266387,527.234584690397,517.406817287027,504.655014852342,489.623301206206,540.599505704751,529.950762268466,516.178657894927,531.873381138658,553.630553867494
503.411559641643,417.08935631922,414.662436880535,413.753233032146,410.52829727529,408.542206964509,420.157473126556,409.852661542938,406.259836133512,409.825458783083,452.562308236222,419.325957939315,426.035452339566,429.075270741325,449.685309741469,409.44891676651,410.759613830359,422.517657888403,419.997795994617,422.010259844442,407.863428290273,413.314026318044,422.099645475608,415.631361682996,409.364663812536,429.725773576511,472.421241729649,451.721254156388,473.171933660524,475.607722126542
421.634525274799,400.273155591674,400.33142347168,400.141111679101,400.382335370648,400.169212143293,400.447930483164,400.342962142166,400.124646368871,400.228475570285,401.467658382304,400.656204517335,400.873853719046,400.692905670152,402.046811406939,400.079996817151,400.343618045281,400.487936068511,400.827664379129,400.411606625538,400.156513225647,400.558543601722,400.303002346341,400.253232082125,400.395954328312,401.121839442702,402.017076472932,402.242010645851,406.564494215719,403.037939340221
400.104579030284,400.002252481064,400.000748717568,400.000442953937,400.000904848344,400.000608334433,400.002332637526,400.001361021683,400.000174885251,400.000804144747,400.00327113816,400.00106019029,400.001613888434,400.003427087861,400.005974048427,400.00028910536,400.00115784753,400.002580631986,400.001563170008,400.00091900082,400.000181990929,400.00200464035,400.000539614792,400.000372662438,400.000619391137,400.004590130566,400.00669383441,400.008356814071,400.04178217635,400.009456330715
400.000023668325,400.000000112043,400.000000056916,400.000000025509,400.000000085407,400.000000025476,400.000000194025,400.000000058848,400.000000006168,400.000000097298,400.000000327132,400.000000084987,400.000000240682,400.0000007953,400.000000392598,400.000000028403,400.000000112529,400.000000205339,400.000000102112,400.000000023866,400.000000008906,400.000000268499,400.000000046486,400.000000065022,400.000000119509,400.00000039967,400.000000225678,400.000000716156,400.000000981373,400.000000457427
400.000000000003,400,400,400,400,400,400,400,400,400,400,400,400,400,400,400,400,400,400,400,400,400,400,400,400,400,400,400,400,400
400,400,400,400,400,400,400,400,400,400,400,400,400,400,400,400,400,400,400,400,400,400,400,400,400,400,400,400,400,400
400,400,400,400,400,400,400,400,400,400,400,400,400,400,400,400,400,400,400,400,400,400,400,400,400,400,400,400,400,400
400,400,400,400,400,400,400,400,400,400,400,400,400,400,400,400,400,400,400,400,400,400,400,400,400,400,400,400,400,400
400,400,400,400,400,400,400,400,400,400,400,400,400,400,400,400,400,400,400,400,400,400,400,400,400,400,400,400,400,400
400,400,400,400,400,400,400,400,400,400,400,400,400,400,400,400,400,400,400,400,400,400,400,400,400,400,400,400,400,400
400,400,400,400,400,400,400,400,400,400,400,400,400,400,400,400,400,400,400,400,400,400,400,400,400,400,400,400,400,400
