122.088825501412,58.8994012140264,111.616782195672,111.602529921949,100.183794568489,118.111444878402,122.086541210935,60.3381436589109,111.60136631249,107.811959796609,111.60188368298,51.5771778180024,115.572037818882,111.598852154231,115.572688122529,115.572122218082,111.599592787337,118.111332110071,111.600558032304,57.7661993079536,115.572141282344,55.4796213538698,111.5987605724,51.8832767591048,53.4676487845443,111.599906435205,119.549495125759,115.580303083781,106.360802780725,109.389395033411
122.083990371539,27.6154839503969,111.597875253981,111.597875248517,100.16968201772,118.110723238098,122.083990377214,35.988918372633,111.597875249446,107.788516247672,111.597875252626,43.6118402334714,115.571142405799,111.59787524332,115.571142373929,115.571142374972,111.597875247183,118.110723243488,111.597875248077,33.054559668221,115.57114237855,46.650214378365,111.597875242742,44.8816654158277,49.7949156377583,111.597875245617,119.544388495895,115.571142381488,106.354814237716,109.386010189984
122.083990366107,13.7411926951398,111.597875241745,111.597875241745,100.169682010813,118.110723236311,122.083990366107,17.3882317393582,111.597875241745,107.788516125503,111.597875241745,13.4611800877737,115.571142371541,111.597875241745,115.571142371541,115.571142371541,111.597875241745,118.110723236311,111.597875241745,13.1277486761737,115.571142371541,44.1151488081234,111.597875241745,17.3866578578011,11.7525830095286,111.597875241745,119.544388468164,115.571142371541,106.354814197903,109.386010184451
122.083990366107,13.7410101985286,111.597875241745,111.597875241745,100.169682010812,118.110723236311,122.083990366107,17.3865638621641,111.597875241745,107.788516125503,111.597875241745,13.4132889672062,115.571142371541,111.597875241745,115.571142371541,115.571142371541,111.597875241745,118.110723236311,111.597875241745,13.1266476142602,115.571142371541,11.6929824581647,111.597875241745,17.3865626233228,11.5291217667465,111.597875241745,119.544388468164,115.571142371541,106.354814197903,109.386010184451
122.083990366107,13.7410101985286,111.597875241745,111.597875241745,100.169682010812,118.110723236311,122.083990366107,17.3865638621641,111.597875241745,107.788516125503,111.597875241745,13.413288967205,115.571142371541,111.597875241745,115.571142371541,115.571142371541,111.597875241745,118.110723236311,111.597875241745,13.1266476142601,115.571142371541,11.6929823824074,111.597875241745,17.3865626233227,11.5291217667457,111.597875241745,119.544388468164,115.571142371541,106.354814197903,109.386010184451
122.083990366107,13.7410101985286,111.597875241745,111.597875241745,100.169682010812,118.110723236311,122.083990366107,17.3865638621641,111.597875241745,107.788516125503,111.597875241745,13.413288967205,115.571142371541,111.597875241745,115.571142371541,115.571142371541,111.597875241745,118.110723236311,111.597875241745,13.1266476142601,115.571142371541,11.6929823824074,111.597875241745,17.3865626233227,11.5291217667457,111.597875241745,119.544388468164,115.571142371541,106.354814197903,109.386010184451
122.083990366107,13.7410101985286,111.597875241745,111.597875241745,100.169682010812,118.110723236311,122.083990366107,17.3865638621641,111.597875241745,107.788516125503,111.597875241745,13.413288967205,115.571142371541,111.597875241745,115.571142371541,115.571142371541,111.597875241745,118.110723236311,111.597875241745,13.1266476142601,115.571142371541,11.6929823824074,111.597875241745,17.3865626233227,11.5291217667457,111.597875241745,119.544388468164,115.571142371541,106.354814197903,109.386010184451
122.083990366107,13.7410101985286,111.597875241745,111.597875241745,100.169682010812,118.110723236311,122.083990366107,17.3865638621641,111.597875241745,107.788516125503,111.597875241745,13.413288967205,115.571142371541,111.597875241745,115.571142371541,115.571142371541,111.597875241745,118.110723236311,111.597875241745,13.1266476142601,115.571142371541,11.6929823824074,111.597875241745,17.3865626233227,11.5291217667457,111.597875241745,119.544388468164,115.571142371541,106.354814197903,109.386010184451
122.083990366107,13.7410101985286,111.597875241745,111.597875241745,100.169682010812,118.110723236311,122.083990366107,17.3865638621641,111.597875241745,107.788516125503,111.597875241745,13.413288967205,115.571142371541,111.597875241745,115.571142371541,115.571142371541,111.597875241745,118.110723236311,111.597875241745,13.1266476142601,115.571142371541,11.6929823824074,111.597875241745,17.3865626233227,11.5291217667457,111.597875241745,119.544388468164,115.571142371541,106.354814197903,109.386010184451
122.083990366107,13.7410101985286,111.597875241745,111.597875241745,100.169682010812,118.110723236311,122.083990366107,17.3865638621641,111.597875241745,107.788516125503,111.597875241745,13.413288967205,115.571142371541,111.597875241745,115.571142371541,115.571142371541,111.597875241745,118.110723236311,111.597875241745,13.1266476142601,115.571142371541,11.6929823824074,111.597875241745,17.3865626233227,11.5291217667457,111.597875241745,119.544388468164,115.571142371541,106.354814197903,109.386010184451
122.083990366107,13.7410101985286,111.597875241745,111.597875241745,100.169682010812,118.110723236311,122.083990366107,17.3865638621641,111.597875241745,107.788516125503,111.597875241745,13.413288967205,115.571142371541,111.597875241745,115.571142371541,115.571142371541,111.597875241745,118.110723236311,111.597875241745,13.1266476142601,115.571142371541,11.6929823824074,111.597875241745,17.3865626233227,11.5291217667457,111.597875241745,119.544388468164,115.571142371541,106.354814197903,109.386010184451
122.083990366107,13.7410101985286,111.597875241745,111.597875241745,100.169682010812,118.110723236311,122.083990366107,17.3865638621641,111.597875241745,107.788516125503,111.597875241745,13.413288967205,115.571142371541,111.597875241745,115.571142371541,115.571142371541,111.597875241745,118.110723236311,111.597875241745,13.1266476142601,115.571142371541,11.6929823824074,111.597875241745,17.3865626233227,11.5291217667457,111.597875241745,119.544388468164,115.571142371541,106.354814197903,109.386010184451
122.083990366107,13.7410101985286,111.597875241745,111.597875241745,100.169682010812,118.110723236311,122.083990366107,17.3865638621641,111.597875241745,107.788516125503,111.597875241745,13.413288967205,115.571142371541,111.597875241745,115.571142371541,115.571142371541,111.597875241745,118.110723236311,111.597875241745,13.1266476142601,115.571142371541,11.6929823824074,111.597875241745,17.3865626233227,11.5291217667457,111.597875241745,119.544388468164,115.571142371541,106.354814197903,109.386010184451
122.083990366107,13.7410101985286,111.597875241745,111.597875241745,100.169682010812,118.110723236311,122.083990366107,17.3865638621641,111.597875241745,107.788516125503,111.597875241745,13.413288967205,115.571142371541,111.597875241745,115.571142371541,115.571142371541,111.597875241745,118.110723236311,111.597875241745,13.1266476142601,115.571142371541,11.6929823824074,111.597875241745,17.3865626233227,11.5291217667457,111.597875241745,119.544388468164,115.571142371541,13.1266476142601,109.386010184451
