53315.729326704,133803.599354372,94600.53746827,196999.021247177,99066.4864344328,116776.32634361,101780.983869697,61214.2967866889,83620.6176793736,224040.283876899,63576.5379525292,176101.169588269,64677.2539127864,79286.9762308872,86457.6782744217,94131.0279477037,96846.9556912181,101573.918198528,100336.550339406,77966.1584979899,76362.5370246113,28595.4676211035,111492.856689664,105074.280910503,40762.8866833752,56970.9192728893,140990.474920247,76388.8243526077,121042.16801468,119465.273039504
2039.18868706995,4927.37150974496,7585.76907389776,7895.66703488308,3571.58290294146,3452.74313291849,1619.15866049886,4100.82092399738,2118.59339522861,7858.88281566718,1084.07671540893,4591.49504769517,3334.23225261365,6761.25479789521,859.97279987223,4474.17809923465,3143.3252724898,1507.39879165292,9718.95771151443,14094.5165098164,2901.57945535988,2122.3130644495,2921.82426405353,4331.25465993159,2754.83946086701,9734.52954132794,2857.24190567868,5429.79228979739,5603.44566458517,8023.66438550092
139.085276932463,332.547755862131,171.378644474455,856.037640221497,517.894961505327,204.200820917179,390.132543107753,1856.26905354451,265.426407155223,1001.44074470856,200.018846744693,864.652198168126,267.170409599415,271.599097251863,273.740278814542,187.944241296006,97.4552343510521,293.319072711588,1036.2285376701,697.824599563203,550.998417568821,110.195039330125,348.283164719268,146.867860121642,22.8578138338518,249.239190986934,234.479323145606,185.702634867679,102.117135475705,227.871821594851
11.030617740933,9.61199895980398,14.8232523342148,43.3378050962405,18.1515744350065,11.224691443867,5.58669756049012,40.7650745569142,13.7281375207685,31.3798911965507,10.8956464366539,21.8475262228981,24.8365685465526,12.8861827841667,15.8516314085163,18.5579710519044,29.9576266688392,10.8482812952671,16.6723691284537,103.987065154168,13.412938861317,11.4410229588787,31.8960330296398,23.0254989835758,16.011470908613,11.4007940316892,11.3030739829994,13.6568411870461,9.04709200436014,11.021620932416
6.53882603867895,5.952748496121,4.51263265100422,6.64773759547726,4.91385787278463,4.98163050751372,4.97128849567829,4.8685857585691,4.85159746438695,5.56519273779381,4.12966416552287,4.63796415965126,5.6951186822971,4.64732960563862,4.58076033786498,5.53338332578669,5.72716467402112,2.86524508139039,3.36402687617744,8.3381912100003,6.36539370668743,7.38530424803338,6.36889234888395,5.7262483238074,5.81405576689468,4.36299383864161,4.614876965087,5.27634064922127,3.94530536296843,6.14704147233031
4.71423690198762,3.6957159591908,2.91816722338602,3.97807642947243,3.74492978345736,3.83371241685595,3.09808506152732,3.79413347141275,4.54998628221618,4.44987547134525,3.41276501113882,3.73621756082066,2.26052702426859,3.36585780751211,4.49072647064199,3.88941155454323,3.45853981659088,2.86524508139039,2.93451677809086,3.89083336479424,3.8995086014763,4.99081075809516,3.59044821138396,3.91146641696269,4.28749517408481,4.30801545638724,3.52464972832693,3.60844428274298,3.2846678970152,3.56823726291221
3.7973784001083,3.50553836233803,1.82749538398765,2.78688054432427,2.31133944893416,2.43179469740925,3.09808506152732,3.45996045715784,1.81234631420979,2.83315209557944,2.12806093715023,3.0675050979625,0.952116129648761,1.82769277129118,2.32783342854339,2.33848417595812,2.50076239293792,2.21444029202643,2.54524290078889,2.37462535381341,2.18261796767006,3.72044547851369,2.52203304988158,2.1757615760578,3.22502136949459,1.51522870139509,2.83583712803028,1.37527073709205,3.27085483925201,2.0602308869462
1.45817194259115,0.777291157140724,1.39870779147952,1.02410444292777,0.62735704346967,1.58388082242441,2.80867705988419,2.0259058788001,1.69781393044748,1.34222321544552,1.45408581133393,1.37897142303068,0.864001153384197,1.82769277129118,0.781178779817112,0.87779082953733,1.67419470447582,0.735082842588628,1.69806285214459,1.0031212753132,1.65831575691938,1.94772750946382,1.58813616440274,1.38243214256258,3.22502136949459,1.19407489140093,2.64537903457432,0.745264139235112,1.5175009586552,1.70183283029315
0.725798551232059,0.653756885514715,1.39821005374382,0.730899622409715,0.619010493896001,1.42111303249784,1.29299307471568,0.980156712664038,1.50633459538715,1.3316107630165,1.45262551732913,1.30072211604561,0.863872342509333,1.65090801255498,0.747554441443707,0.786641557138229,0.682764611317592,0.664383354542473,1.33755569153848,0.986214868472751,0.840760595876093,0.865061953740251,1.04232911607523,1.17123548831301,1.05388746464963,1.1888505896537,1.15481004544339,0.744418405126574,1.42664862098519,1.70130739490672
0.725791440060607,0.617812926420242,1.39821005373679,0.730898772625405,0.61901049302046,1.42110262561382,0.725993219426894,0.98015138801188,1.50633199293768,1.33161076241366,1.45262551729842,1.3007219643589,0.863872342508892,1.6509058781851,0.747554440697566,0.786641199803032,0.682321745198644,0.664383307711433,1.33755503868328,0.98621484843025,0.822152310944159,0.864182541470257,1.04083508774675,1.171218633843,0.69396736616913,1.18885058899875,0.834822506738462,0.744418405124871,1.42663425313649,1.70130739489349
0.725791440060607,0.617812926304886,1.39821005373679,0.730898772625405,0.61901049302046,1.42110262561382,0.659974230485814,0.98015138801188,1.50633199293768,1.33161076241366,1.45262551729842,1.3007219643589,0.863872342508892,1.6509058781851,0.747554440697566,0.786641199803032,0.682321745198644,0.664383307711433,1.33755503868328,0.98621484843025,0.822152310943177,0.864182541470257,1.04083508774675,1.171218633843,0.692513666735765,1.18885058899875,0.832094251611479,0.744418405124871,1.42663425313649,1.70130739489349
0.725791440060607,0.617812926304886,1.39821005373679,0.730898772625405,0.61901049302046,1.42110262561382,0.659974230485814,0.98015138801188,1.50633199293768,1.33161076241366,1.45262551729842,1.3007219643589,0.863872342508892,1.6509058781851,0.747554440697566,0.786641199803032,0.682321745198644,0.664383307711433,1.33755503868328,0.98621484843025,0.822152310943177,0.864182541470257,1.04083508774675,1.171218633843,0.692513666735765,1.18885058899875,0.832094251611479,0.744418405124871,1.42663425313649,1.70130739489349
0.725791440060607,0.617812926304886,1.39821005373679,0.730898772625405,0.61901049302046,1.42110262561382,0.659974230485814,0.98015138801188,1.50633199293768,1.33161076241366,1.45262551729842,1.3007219643589,0.863872342508892,1.6509058781851,0.747554440697566,0.786641199803032,0.682321745198644,0.664383307711433,1.33755503868328,0.98621484843025,0.822152310943177,0.864182541470257,1.04083508774675,1.171218633843,0.692513666735765,1.18885058899875,0.832094251611479,0.744418405124871,1.42663425313649,1.70130739489349
0.725791440060607,0.617812926304886,1.39821005373679,0.730898772625405,0.61901049302046,1.42110262561382,0.659974230485814,0.98015138801188,1.50633199293768,1.33161076241366,1.45262551729842,1.3007219643589,0.863872342508892,1.6509058781851,0.747554440697566,0.786641199803032,0.682321745198644,0.664383307711433,1.33755503868328,0.98621484843025,0.822152310943177,0.864182541470257,1.04083508774675,1.171218633843,0.692513666735765,1.18885058899875,0.832094251611479,0.744418405124871,1.42663425313649,1.70130739489349
0.725791440060607,0.617812926304886,1.39821005373679,0.730898772625405,0.61901049302046,1.42110262561382,0.659974230485814,0.98015138801188,1.50633199293768,1.33161076241366,1.45262551729842,1.3007219643589,0.863872342508892,1.6509058781851,0.747554440697566,0.786641199803032,0.682321745198644,0.664383307711433,1.33755503868328,0.98621484843025,0.822152310943177,0.864182541470257,1.04083508774675,1.171218633843,0.692513666735765,1.18885058899875,0.832094251611479,0.744418405124871,1.42663425313649,1.70130739489349
0.725791440060607,0.617812926304886,1.39821005373679,0.730898772625405,0.61901049302046,1.42110262561382,0.659974230485814,0.98015138801188,1.50633199293768,1.33161076241366,1.45262551729842,1.12103158512163,0.863872342508892,1.6509058781851,0.747554440697566,0.786641199803032,0.682321745198644,0.664383307711433,1.33755503868328,0.98621484843025,0.822152310943177,0.864182541470257,1.04083508774675,1.171218633843,0.692513666735765,1.18885058899875,0.832094251611478,0.744418405124871,1.42663425313649,1.70130739489349
