4.71423690198762,3.6957159591908,2.91816722338602,3.97807642947243,3.74492978345736,3.83371241685595,3.09808506152732,3.79413347141275,4.54998628221618,4.44987547134525,3.41276501113882,3.73621756082066,2.26052702426859,3.36585780751211,4.49072647064199,3.88941155454323,3.45853981659088,2.86524508139039,2.93451677809086,3.89083336479424,3.8995086014763,4.99081075809516,3.59044821138396,3.91146641696269,4.28749517408481,4.30801545638724,3.52464972832693,3.60844428274298,3.2846678970152,3.56823726291221
2.92920768715395,1.45082963760691,1.43447361825863,1.95265986442881,0.736368886048844,2.05307050173401,3.09808506152732,3.45996045715784,1.81234631420979,1.6541734809163,1.54232419133343,2.38120268136363,0.870356910520694,1.82769277129118,0.952575103972722,1.35559634053602,1.91171282751779,1.89283892657894,2.40472663407057,1.42063698879521,2.18261796767006,3.72044547851369,1.61529276351497,1.95567322083757,3.22502136949459,1.26630739718154,2.83583712803028,0.78047975199525,1.83989182883195,1.73477122891538
0.750714436505094,0.721034991979926,1.39821332482113,0.742142171147069,0.619222484188914,1.44201000437375,2.28595128839178,1.01664249663539,1.51801790404377,1.33178024059014,1.45264079399478,1.30208212792152,0.863872606738244,1.72164680083597,0.747748446830032,0.794421804110508,0.757258554757917,0.667085287891203,1.3699665653774,0.987965288293862,1.01354510729688,1.32953903549445,1.2831108799195,1.25580282550882,2.46496637416543,1.18892107372997,2.2454988402151,0.744422559717806,1.45397187097902,1.70131097819031
0.725791440082135,0.618298864945129,1.39821005373679,0.730898772633459,0.619010493020465,1.42110262563207,0.924835309427731,0.980151388019273,1.50633199296144,1.33161076241366,1.45262551729842,1.30072196435906,0.863872342508892,1.6509058781889,0.747554440697567,0.786641199804344,0.682321749321709,0.664383307712177,1.33755503868489,0.986214848430316,0.822176815779154,0.864182542327093,1.04083510703444,1.17121863386474,0.881714885468697,1.18885058899875,0.968321797485065,0.744418405124872,1.42663425317817,1.70130739489349
0.725791440060607,0.617812926304886,1.39821005373679,0.730898772625405,0.61901049302046,1.42110262561382,0.659974230485814,0.98015138801188,1.50633199293768,1.33161076241366,1.45262551729842,1.3007219643589,0.863872342508892,1.6509058781851,0.747554440697566,0.786641199803032,0.682321745198644,0.664383307711433,1.33755503868328,0.98621484843025,0.822152310943177,0.864182541470257,1.04083508774675,1.171218633843,0.692513666735765,1.18885058899875,0.832094251611479,0.744418405124871,1.42663425313649,1.70130739489349
0.725791440060607,0.617812926304886,1.39821005373679,0.730898772625405,0.61901049302046,1.42110262561382,0.659974230485814,0.98015138801188,1.50633199293768,1.33161076241366,1.45262551729842,1.3007219643589,0.863872342508892,1.6509058781851,0.747554440697566,0.786641199803032,0.682321745198644,0.664383307711433,1.33755503868328,0.98621484843025,0.822152310943177,0.864182541470257,1.04083508774675,1.171218633843,0.692513666735765,1.18885058899875,0.832094251611479,0.744418405124871,1.42663425313649,1.70130739489349
0.725791440060607,0.617812926304886,1.39821005373679,0.730898772625405,0.61901049302046,1.42110262561382,0.659974230485814,0.98015138801188,1.50633199293768,1.33161076241366,1.45262551729842,1.3007219643589,0.863872342508892,1.6509058781851,0.747554440697566,0.786641199803032,0.682321745198644,0.664383307711433,1.33755503868328,0.98621484843025,0.822152310943177,0.864182541470257,1.04083508774675,1.171218633843,0.692513666735765,1.18885058899875,0.832094251611479,0.744418405124871,1.42663425313649,1.70130739489349
0.725791440060607,0.617812926304886,1.39821005373679,0.730898772625405,0.61901049302046,1.42110262561382,0.659974230485814,0.98015138801188,1.50633199293768,1.33161076241366,1.45262551729842,1.3007219643589,0.863872342508892,1.6509058781851,0.747554440697566,0.786641199803032,0.682321745198644,0.664383307711433,1.33755503868328,0.98621484843025,0.822152310943177,0.864182541470257,1.04083508774675,1.171218633843,0.692513666735765,1.18885058899875,0.832094251611479,0.744418405124871,1.42663425313649,1.70130739489349
0.725791440060607,0.617812926304886,1.39821005373679,0.730898772625405,0.61901049302046,1.42110262561382,0.659974230485814,0.98015138801188,1.50633199293768,1.33161076241366,1.45262551729842,1.3007219643589,0.863872342508892,1.6509058781851,0.747554440697566,0.786641199803032,0.682321745198644,0.664383307711433,1.33755503868328,0.98621484843025,0.822152310943177,0.864182541470257,1.04083508774675,1.171218633843,0.692513666735765,1.18885058899875,0.832094251611479,0.744418405124871,1.42663425313649,1.70130739489349
0.725791440060607,0.617812926304886,1.39821005373679,0.730898772625405,0.61901049302046,1.42110262561382,0.659974230485814,0.98015138801188,1.50633199293768,1.33161076241366,1.45262551729842,1.3007219643589,0.863872342508892,1.6509058781851,0.747554440697566,0.786641199803032,0.682321745198644,0.664383307711433,1.33755503868328,0.98621484843025,0.822152310943177,0.864182541470257,1.04083508774675,1.171218633843,0.692513666735765,1.18885058899875,0.832094251611479,0.744418405124871,1.42663425313649,1.70130739489349
0.725791440060607,0.617812926304886,1.39821005373679,0.730898772625405,0.61901049302046,1.42110262561382,0.659974230485814,0.98015138801188,1.50633199293768,1.33161076241366,1.45262551729842,1.3007219643589,0.863872342508892,1.6509058781851,0.747554440697566,0.786641199803032,0.682321745198644,0.664383307711433,1.33755503868328,0.98621484843025,0.822152310943177,0.864182541470257,1.04083508774675,1.171218633843,0.692513666735765,1.18885058899875,0.832094251611478,0.744418405124871,1.42663425313649,1.70130739489349
0.725791440060607,0.617812926304886,1.39821005373679,0.730898772625405,0.61901049302046,1.42110262561382,0.659974230485814,0.98015138801188,1.50633199293768,1.33161076241366,1.45262551729842,1.3007219643589,0.863872342508892,1.6509058781851,0.747554440697566,0.786641199803032,0.682321745198644,0.664383307711433,1.33755503868328,0.98621484843025,0.822152310943177,0.864182541470257,1.04083508774675,1.171218633843,0.692513666735765,1.18885058899875,0.832094251611478,0.744418405124871,1.42663425313649,1.70130739489349
0.725791440060607,0.617812926304886,1.39821005373679,0.730898772625405,0.61901049302046,1.42110262561382,0.659974230485814,0.98015138801188,1.50633199293768,1.33161076241366,1.45262551729842,1.12103160030103,0.863872342508892,1.6509058781851,0.747554440697566,0.786641199803032,0.682321745198644,0.664383307711433,1.33755503868328,0.98621484843025,0.822152310943177,0.864182541470257,1.04083508774675,1.171218633843,0.692513666735765,1.18885058899875,0.832094251611478,0.744418405124871,1.42663425313649,1.70130739489349
0.725791440060607,0.617812926304886,1.39821005373679,0.730898772625405,0.61901049302046,1.42110262561382,0.659974230485814,0.98015138801188,1.50633199293768,1.33161076241366,1.45262551729842,1.12103158512163,0.863872342508892,1.6509058781851,0.747554440697566,0.786641199803032,0.682321745198644,0.664383307711433,1.33755503868328,0.98621484843025,0.822152310943177,0.864182541470257,1.04083508774675,1.171218633843,0.692513666735765,1.18885058899875,0.832094251611478,0.744418405124871,1.42663425313649,1.70130739489349
