13932562.9669913,210619024.359794,105935603.116581,133109343.822259,48787119.7521383,128217038.423734,8281733.26954535,129381824.716086,19966229.6936283,71984059.6493307,280047581.038627,1254274.17183821,22120322.4704716,41429471.6437326,11924930.0948978,17846236.2033348,56364807.480049,8979138.92657723,60772499.7669895,17383483.0891629,68261381.8218697,16515556.5592446,6996920.29002909,4192144.98193113,22208312.551372,380790.139357625,25573231.4676135,8011634.33345158,58155767.8823039,2973756.21672065
1462677.31034574,192884.223126267,837884.429659038,585438.163878631,700737.826362218,632459.304826209,1466853.48752972,711574.108161516,683978.462471267,202415.877173204,1985758.18354912,341141.965774302,2265491.29556921,566044.923958009,910450.807549573,438784.448408008,725393.817340303,324469.440489553,406959.986037287,1555164.04625651,2206758.0557131,952417.037616801,1179688.56279237,2154974.17526107,255383.81458785,380790.139357625,174852.871532728,463001.985136652,189597.416487862,442803.45474516
1348953.80955135,176849.995310847,837884.429659038,585438.163878631,418140.042848634,210531.680047062,276477.219086549,143016.509295831,32947.0705827556,191582.271107486,278682.250854735,209210.348122501,185345.695112648,334344.430858595,282475.397718216,260981.869818034,600016.411774517,324469.440489553,176983.299677376,495571.432125866,117805.441058841,363383.544073874,394765.689124254,834004.046698478,155941.54278777,380790.139357625,174852.871532728,443320.993513231,189597.416487862,183968.712182173
51024.0046544962,176849.995310847,200139.558294995,368891.87407733,183021.489653058,83940.2449695969,276477.219086549,82734.5505862869,32947.0705827556,163525.246857654,136701.278801948,23513.9458745822,125484.31127946,139675.771166779,71090.9322117672,190998.664237861,196162.674776063,229895.878922668,62890.7700700288,200323.722617395,117805.441058841,194896.813122463,293414.779651197,369784.063680617,155941.54278777,28609.8467426588,174852.871532728,97468.9557894113,77422.6667464842,183968.712182173
51024.0046544962,174385.479496327,30046.0105400335,104989.404121332,98618.9817310406,60810.0845494061,160460.276170715,82734.5505862869,32947.0705827556,64459.3195201221,136701.278801948,23513.9458745822,74474.9785878862,56441.408172783,69134.7877410753,76553.0563792345,45117.4893365539,83811.4209604462,38796.9932159587,110489.681108403,17072.7019322809,113497.044266107,62551.1705793077,75009.6458924655,153577.166544452,28609.8467426588,174852.871532728,5734.57738761696,35494.4248820612,183968.712182173
42153.501753371,37862.9155422741,10909.2825602335,44799.9498420071,10285.660869742,4815.27278774805,4611.55632190409,52177.5731928409,28409.4242026891,19898.9978795846,11954.0077373926,8384.61140308345,12436.9426061884,19228.9238472662,17062.4736028049,9364.6668934287,8842.18573371511,15981.9553050901,22274.2115340358,110489.681108403,14095.4645014904,46616.9089071173,26581.9760995738,18732.445346342,20242.0637824587,13980.6215631412,65693.9692778409,5734.57738761696,5875.83465099165,87650.4920989083
2964.304055753,5967.91320802859,7410.15625592851,8265.25376105829,3379.88829784422,2468.3320618182,2744.96420747092,2813.16643482019,5243.22967291014,5170.52412159197,3950.82708425757,5140.06476128435,3545.5454253865,7982.77938123121,5323.36606116644,5268.92028702787,3203.39805336532,7879.53588221309,9033.44196469163,9927.21455937819,1875.64839054264,7632.99945261022,5803.00742948444,7690.42332882986,6307.22736731101,8948.92743183563,3842.05679943507,4514.62915532638,4735.7276899989,8570.47956518141
622.469491552842,322.379853017024,181.038692032063,294.675386917115,410.826326858987,631.479811848866,544.136799788585,884.791644485572,579.458571104878,368.245510015815,739.171781562786,518.168641020319,260.998486811072,363.567924912057,192.316226064681,464.175557542556,219.814703993528,801.466537995731,693.364418358439,656.259278102924,601.263064621992,324.466490103575,593.730196016388,655.232470289743,610.694267884687,315.728076239148,536.052182239683,794.309569872202,540.43110362275,723.894084093681
576.765976122952,266.099085267022,148.053569402582,170.633640009617,380.791752862256,600.513546211171,533.312524154176,822.094507511778,550.007522390199,328.174014420444,677.459441757984,486.699909886255,231.297589471609,316.442756560763,151.018738360333,383.796892168494,178.340562665825,745.904099913965,184.186451601725,534.698892213867,559.944663113206,259.526758447636,542.046758578316,580.758138007066,555.189219092217,232.21084454955,502.499292815674,703.061903891828,512.048381382374,560.88703206064
576.765975350851,266.097405670549,148.053532088859,170.632757964977,380.78971324617,600.513356543443,533.312522796688,822.08469794005,550.006323980786,328.173702882801,677.457228241173,486.544055894001,231.297501646027,316.442413068825,151.018045667605,383.795069578232,178.340544635943,745.898268084112,184.102008659917,534.698539845055,559.944641652171,259.516249058838,542.046681796392,580.758115954389,555.189191402219,232.210741205563,502.498332721456,703.059631060709,512.048378143369,560.88688239648
576.765975350851,266.097405670549,148.053532088859,170.632757964977,380.78971324617,600.513356543443,533.312522796688,822.08469794005,550.006323980786,328.173702882801,677.457228241173,486.544055894001,231.297501646027,316.442413068825,151.018045667605,383.795069578232,178.340544635943,745.898268084112,184.102008659917,534.698539845055,559.944641652171,259.516249058838,542.046681796392,580.758115954388,555.189191402219,232.210741205563,502.498332721456,703.059631060709,512.048378143369,560.88688239648
576.765975350851,266.097405670549,148.053532088859,170.632757964977,380.78971324617,600.513356543443,533.312522796688,822.08469794005,550.006323980786,328.173702882801,677.457228241173,486.544055894001,231.297501646027,316.442413068825,151.018045667605,383.795069578232,178.340544635943,745.898268084112,184.102008659917,534.698539845055,559.944641652171,259.516249058838,542.046681796392,580.758115954388,555.189191402219,232.210741205563,502.498332721456,703.059631060709,512.048378143369,560.88688239648
576.765975350851,266.097405670549,148.053532088859,170.632757964977,380.789713246169,600.513356543443,533.312522796688,822.08469794005,550.006323980786,328.173702882801,677.457228241173,486.544055894001,231.297501646027,316.442413068825,151.018045667605,383.795069578232,178.340544635943,745.898268084112,184.102008659917,534.698539845055,559.944641652171,259.516249058838,542.046681796392,580.758115954388,555.189191402219,232.210741205563,502.498332721456,703.059631060709,512.048378143369,560.88688239648
576.765975350851,266.097405670549,148.053532088859,170.632757964977,380.789713246169,600.513356543443,533.312522796688,822.08469794005,550.006323980786,328.173702882801,677.457228241173,486.544055894001,231.297501646027,316.442413068825,151.018045667605,383.795069578232,178.340544635943,745.898268084112,184.102008659917,534.698539845055,559.944641652171,259.516249058838,542.046681796392,580.758115954388,555.189191402219,232.210741205563,502.498332721456,703.059631060709,512.048378143369,560.88688239648
576.765975350851,266.097405670549,148.053532088859,170.632757964977,380.789713246169,600.513356543443,533.312522796688,822.08469794005,550.006323980786,328.173702882801,677.457228241173,486.544055894001,231.297501646027,316.442413068825,151.018045667605,383.795069578232,178.340544635943,745.898268084112,184.102008659917,534.698539845055,559.944641652171,259.516249058838,542.046681796392,580.758115954388,555.189191402219,232.210741205563,502.498332721456,703.059631060709,512.048378143369,560.88688239648
576.765975350851,266.097405670549,148.053532088859,170.632757964977,380.789713246169,600.513356543443,533.312522796688,822.08469794005,550.006323980786,328.173702882801,677.457228241173,486.544055894001,231.297501646027,316.442413068825,151.018045667605,383.795069578232,178.340544635943,745.898268084112,184.102008659917,534.698539845055,559.944641652171,259.516249058838,542.046681796392,580.758115954388,555.189191402219,232.210741205563,502.498332721456,703.059631060709,512.048378143369,386.85608492743
