137.4924688229,632.030863664638,383.270652431288,556.719999413026,386.050534606003,224.840581002337,454.003521525034,201.213539776227,235.059016708649,615.833531359275,206.391649412595,391.821253141102,612.024611310447,646.330857535219,557.791594703313,833.531077765827,220.705639880544,824.442530449703,594.046687346904,156.018318444367,788.90560561255,784.185675566925,668.934079367918,116.645286015893,219.481586095443,802.839081469256,355.427488183262,323.805170244735,101.513292335534,798.32855161397
34.5311786593141,575.753359634558,161.00252851508,526.008384242708,348.39009351144,148.225650686758,348.746176295687,159.539199617269,164.714362202258,529.86654593216,70.846838512234,348.725866138715,526.821799551698,576.822455446204,529.536711011711,758.410809041681,140.560649358129,752.776992649766,537.298202032761,19.9385306038993,753.225369800711,752.809695213959,585.432614301169,24.5648259714761,145.40673583445,771.040920134568,43.4634380083738,87.0824769929312,38.3971722791878,759.278293445502
5.70938544291216,575.350512294118,158.513443053288,525.600065111782,347.697031496004,130.290369973636,348.006804178139,158.829596186929,162.251293463452,529.041683845457,17.8017176856424,348.218730317105,525.183521986523,574.990638040969,529.192648156535,756.986263239765,134.371884031192,752.543521919142,524.994657022251,1.81064449094056,752.992367331356,752.161655886154,584.593262384486,1.22346513401485,134.641087279043,755.892236263299,40.6135708641321,9.19784792527756,2.10681462998706,756.310748174552
4.82779152981345,575.27513134784,158.493588497376,525.583280156636,347.687611214298,130.180192577525,347.975995696509,158.791420619655,162.244701046986,528.773257805104,16.8560820888875,348.121818091516,525.113451812416,574.789150810979,529.163560768415,756.740444164761,133.872164937502,752.531290506711,524.829028532135,1.63132728625227,752.923502816296,752.097891265512,584.450119282145,0.784868198631413,134.614586094181,755.838523208456,40.5152322395492,1.91142031283532,1.13669805541624,756.286030501344
4.31607914654895,575.275130255329,158.492006092539,525.459366664428,347.686035566001,130.093335594431,347.894070701134,158.750478161269,162.244656317449,528.765070234055,16.095349720222,347.984118009721,525.108176815876,574.774078123169,529.163556283034,755.689623451956,133.862848502607,752.528233435369,524.825853362509,1.62296210885467,752.773552196622,752.025144159368,584.420269927132,0.647917335338357,134.614584744126,755.83260904776,40.4020733582056,1.91102741550704,1.06458759224069,756.285979477166
4.31313413157,575.275130255087,158.491911716749,525.456663135501,347.686018934805,130.090421963323,347.893139579005,158.734915436621,162.244651625419,528.765070234055,16.0596494722842,347.980900111959,525.108106874553,574.774007264816,529.163556282611,755.686736400133,133.862563515622,752.528233435369,524.825801206804,1.62296210885467,752.773552196622,752.025144159368,584.418816506871,0.645849690047452,134.614584743789,755.83260904776,40.4020733582056,1.9110274152,1.06458758948379,756.285978298476
4.31313413157,575.275130255082,158.491911667666,525.456663135501,347.686018843667,130.090421334592,347.893138675835,158.734915436621,162.244651624861,528.765070234055,16.059648843143,347.980900082296,525.108106640017,574.774006883503,529.163556282611,755.686736397901,133.862563379964,752.528233435369,524.825801206804,1.62296210885467,752.773552196622,752.025144159368,584.418816363801,0.645849690047452,134.614584743786,755.83260904776,40.4020733582056,1.91102741519969,1.06458758948252,756.285978296529
4.31313413157,575.275130255081,158.491911667647,525.456663135501,347.686018843626,130.090421334563,347.893138675823,158.734915436621,162.244651624861,528.765070234055,16.059648843143,347.98090006787,525.108106639986,574.774006883458,529.163556282611,755.686736397845,133.862563379964,752.528233435369,524.825801206804,1.62296210885467,752.773552196622,752.025144159368,584.418816363796,0.645849690047452,134.614584743786,755.83260904776,40.4020733582056,1.91102741519962,1.06458758948247,756.285978296529
4.31313413157,575.275130255081,158.491911667609,525.456663135501,347.686018843606,130.090421334563,347.893138675778,158.734915436621,162.244651624861,528.765070234055,16.059648843143,347.980900067839,525.108106639963,574.774006883439,529.163556282611,755.686736397816,133.862563379946,752.528233435369,524.825801206804,1.62296210885467,752.773552196622,752.025144159368,584.418816363793,0.645849690047452,134.614584743786,755.83260904776,40.4020733582056,1.91102741519962,1.06458758948239,756.285978296529
4.31313413157,575.275130255081,158.491911667523,525.456663135501,347.686018843579,130.09042133456,347.893138675764,158.734915436621,162.244651624861,528.765070234055,16.059648843143,347.980900067819,525.10810663991,574.774006883416,529.163556282611,755.686736397764,133.862563379914,752.528233435369,524.825801206804,1.62296210885467,752.773552196622,752.025144159368,584.418816363793,0.645849690047452,134.614584743786,755.83260904776,40.4020733582056,1.91102741519962,1.06458758948237,756.285978296529
4.31313413157,575.275130255081,158.491911667461,525.456663135501,347.686018843518,130.090421334545,347.893138675746,158.734915436621,162.244651624861,528.765070234055,16.059648843143,347.980900067771,525.108106639864,574.774006883373,529.163556282611,755.686736397731,133.862563379873,752.528233435369,524.825801206804,1.62296210885467,752.773552196622,752.025144159368,584.418816363793,0.645849690047452,134.614584743786,755.83260904776,40.4020733582056,1.91102741519962,1.06458758948237,756.285978296527
4.31313413157,575.275130255081,158.491911667361,525.456663135501,347.686018843503,130.090421334545,347.893138675735,158.734915436621,162.244651624861,528.765070234055,16.059648843143,347.980900067761,525.108106639816,574.774006883358,529.163556282611,755.686736397713,133.862563379856,752.528233435369,524.825801206804,1.62296210885467,752.773552196622,752.025144159368,584.418816363793,0.645849690047452,134.614584743786,755.83260904776,40.4020733582056,1.91102741519962,1.06458758948224,756.285978296527
4.31313413157,575.275130255081,158.491911667306,525.456663135501,347.686018843486,130.090421334526,347.893138675734,158.734915436621,162.244651624861,528.765070234055,16.059648843143,347.980900067736,525.108106639792,574.774006883342,529.163556282611,755.686736397679,133.862563379832,752.528233435369,524.825801206804,1.62296210885467,752.773552196622,752.025144159368,584.418816363793,0.645849690047452,134.614584743786,755.83260904776,40.4020733582056,1.91102741519962,1.06458758948224,756.285978296527
4.31313413157,575.275130255081,158.491911667265,525.456663135501,347.68601884346,130.090421334516,347.893138675713,158.734915436621,162.244651624861,528.765070234055,16.059648843143,347.980900067712,525.108106639759,574.774006883309,529.163556282611,755.686736397654,133.862563379806,752.528233435369,524.825801206804,1.62296210885467,752.773552196622,752.025144159368,584.418816363788,0.645849690047452,134.614584743786,755.83260904776,40.4020733582056,1.91102741519962,1.06458758948218,756.285978296524
