2020254496.92228,2540395523.48117,1694876191.23856,2288140116.0726,1650925920.05913,1002828060.58062,706198065.707241,2382625286.49894,2088506630.04192,1406218398.95135,1429043940.12473,970340668.728647,989225808.292961,1199758512.56368,1659559826.20352,1257789744.55857,2478340135.45461,2104386391.63426,1090651020.65218,2277108231.81618,1906894599.17334,1640359990.84971,2027764253.68186,1418420635.64063,901165562.275478,1589406269.37534,1489748531.08831,2088727261.60055,1457612706.39659,1368324041.66956
40849669.0801638,18546299.036557,3557972.64672353,1535616.90228523,3714267.94367003,38696.2573815322,2144987.81906844,13071532.6276037,2375894.32593379,2234340.69153104,3126070.61100214,682333.224352092,2123045.31338419,4481692.49317311,533966.129354578,482323.979320014,2954380.45207759,131375.920963158,1765685.72542524,632416.219226312,1475420.71452202,1646636.98192458,11251208.8894162,10222998.0424062,604748.86359857,545284.418670496,5590444.15913436,240547.519301172,5194226.06669978,135101.156392525
760446.578417342,746099.478149562,93119.6534027752,231235.599019854,650157.630850138,38696.2573815322,724083.497183302,95561.1813244524,88541.9211106396,47962.2271073515,2465542.38168937,71457.1529804621,144979.992955339,852778.051486502,533966.129354578,482323.979320014,633457.345207064,131375.920963158,1765685.72542524,632416.219226312,310396.843843605,1646636.98192458,1496054.24549488,428426.286802662,306839.582590437,170553.555509573,133955.861164719,240547.519301172,1451132.50804719,135101.156392525
760446.578417342,8966.11565577938,93119.6534027752,132084.80898197,213381.043536229,38696.2573815322,496752.625337282,95561.1813244524,88541.9211106396,47962.2271073515,591451.883308168,71457.1529804621,144979.992955339,257264.406888462,172600.878919719,196075.321314736,136445.540272106,17635.6921144248,1437237.2784744,632416.219226312,101851.802901747,450730.137457947,982811.383363137,305418.608695835,12433.8907982185,170553.555509573,133955.861164719,240547.519301172,56142.9422970168,124722.663491965
13319.9459795388,8966.11565577938,44260.7925293533,132084.80898197,36662.9256250713,38696.2573815322,101926.072341562,40764.5959602755,31489.5667600913,47962.2271073515,40709.055395012,19036.5704003074,122941.986906693,4434.69922996838,29956.2039879846,20969.3686838322,45263.0203493379,17635.6921144248,25525.3706244329,6728.37028721522,25009.8686922877,107260.173362237,22866.8801577195,203799.839938636,12433.8907982185,18720.2857367643,103751.026176817,14301.4366913169,37508.4164248026,17418.8652361395
13319.9459795388,3154.24019299648,5043.64672452117,8600.71510438836,2351.99975030407,3027.68371312882,4919.22669850368,8562.43033560967,6289.90278638197,9320.56097836179,6077.88580274009,6068.51641779106,29455.8616100626,4434.69922996838,3283.89328877021,6118.56103422111,2174.41457469045,1780.4908312417,9344.20116825865,5401.47353088152,5990.90122277392,21020.7628509735,7809.42521133971,10870.4629896302,11310.1895828046,3179.28189456759,7330.22683281245,8297.17616374362,12304.436464351,3121.58900158624
5751.12372859693,1161.2841378547,4789.6916684215,4984.40985090019,704.499009124454,3027.68371312882,3100.62137864498,6271.05990540789,788.81245515695,4023.64331075887,3441.60064469641,4421.33527178565,2248.15481824433,4434.69922996838,717.20834230732,1444.89803017998,2174.41457469045,1006.1025214625,3098.8369165363,5272.61000227768,2193.97731152157,11621.0942842859,3632.23293822543,2505.10446403066,5861.13954803041,1763.79819676981,4032.2460050648,2667.78294474542,6575.72063151545,1267.63525534243
316.436240687939,403.008233392565,616.659327001874,282.210828668984,501.460327971686,16.8088392071898,149.870317695985,578.872955205422,250.766479539147,343.830478211608,263.697711493027,423.914455146223,379.758963107285,397.56423454429,453.611264258131,211.297083117643,223.441786537528,388.059937758656,300.38952484253,139.116054649634,48.4194486314188,377.112288533795,474.441850294228,273.568229358186,452.457597452793,476.439639446638,299.80753224128,700.121697927972,409.070218597834,433.980006225783
29.5542041468498,381.461340763698,226.547866632219,242.755268363452,486.652455939695,2.78924212521396,27.3007164880446,356.623906505985,243.746303978646,257.376057622204,231.015968955562,377.064310822609,322.010853842619,325.402127410902,441.978297597531,134.812673937447,180.292622766346,362.169967439129,281.984089755621,122.085655284727,9.11461130515323,377.112288533795,343.762505454947,238.515225590988,240.907636439298,405.725303008728,299.80753224128,626.213424159071,378.97777124113,376.486449684659
21.1590322980003,375.779139273112,226.547866632219,242.716090036679,484.410381703887,2.78924212521396,19.568261433764,353.84165158082,243.617991348153,256.153319412456,13.2921191445267,375.089037248519,318.759825732234,322.201531239407,439.673541334741,134.812673937447,178.644767002538,362.169967439129,277.591313474862,119.840510779047,4.04064830784606,377.112288533795,343.263751873841,135.534655087002,236.840947380921,225.711360192435,122.675508402316,379.500871931519,226.320084480934,376.486449684659
18.9003570782172,375.545849220807,226.547866632219,240.499974936251,484.215091449497,0.776697863354886,19.2380429635401,342.620657826538,243.539777424108,255.586328419112,6.82883554755253,374.501400191489,318.636934244032,321.422518201618,439.671601500989,134.812673937447,177.420964557951,362.169967439129,276.725209251518,119.586134427524,2.31347686982457,377.112288533795,342.508558392571,126.105770724285,235.281814112791,223.78717286152,119.35424728559,368.96023089867,223.860408160673,376.486449684659
18.8992068071926,375.352720150316,226.547866632219,239.951673162315,484.198188702074,0.761592284534861,18.9033573957955,340.989949503968,243.285710570503,255.366152495107,6.82883554755253,374.499879580366,318.488645003303,321.046959470235,439.671509340833,134.812673937447,177.417444743061,362.169967439129,276.463844257292,119.585287611743,2.28328331620247,377.112288533795,341.731499171031,125.905266824995,234.779272190684,223.516923490568,119.348412417673,368.713393843436,223.834129229532,376.486449684659
18.8991807776215,375.177870936995,226.547866632219,239.946510450709,484.175240972627,0.761566417756005,18.4621980291118,340.980756140519,242.810097041199,255.355584340159,6.82883554755253,374.499857510901,317.924074021612,320.743623373989,439.670831816425,134.812673937447,177.41727295281,362.169967439129,276.3989175272,119.585287611743,2.28328331620247,377.112288533795,341.404413526568,125.843924424342,234.631518817719,222.993182718786,119.348412417673,368.638976183436,223.823017601999,376.486449684659
18.8991807776215,375.110716007489,226.547866632219,239.894716753341,484.175152905156,0.76156638288135,17.9661199503308,340.980756140519,242.241850556647,255.355584340159,6.82883554755253,374.499857454072,316.109976905762,320.680230945587,439.669596467747,134.812673937447,177.41727295281,362.169967439129,276.364575132289,119.585287611743,2.28328331620247,377.112288533795,341.194283393867,125.628534833604,234.575986754759,221.906794288905,119.348412417673,368.609394212813,223.823017601999,376.486449684659
18.8991807776215,375.110716007489,226.547866632219,239.774550450708,484.175152905156,0.76156638288135,17.884556361193,340.980756140519,241.252291717247,255.355584340159,6.82883554755253,374.499857452823,314.150405520998,320.680230945587,439.668860395073,134.812673937447,177.41727295281,362.169967439129,276.327745041011,119.585287611743,2.28328331620247,377.112288533795,341.071971746432,125.535509367311,234.563991103345,220.637762404713,119.348412417673,368.607391138276,223.823017601999,376.486449684659
18.8991807776215,375.110716007489,226.547866632219,239.774550450708,484.175152905156,0.76156638179125,17.8845563599203,340.980756140519,241.252291717247,255.355584340159,6.82883554755253,374.499857450949,313.861913502671,320.680230945587,439.668741424339,134.812673937447,177.41727295281,362.169967439129,276.305895855797,119.585287611743,2.28328331620247,377.112288533795,341.009650358182,125.535509367311,234.563990708978,218.723930947709,119.348412417673,368.607391138276,223.823017601999,376.486449684659
