13319.9459795388,3154.24019299648,5043.64672452117,8600.71510438836,2351.99975030407,3027.68371312882,4919.22669850368,8562.43033560967,6289.90278638197,9320.56097836179,6077.88580274009,6068.51641779106,29455.8616100626,4434.69922996838,3283.89328877021,6118.56103422111,2174.41457469045,1780.4908312417,9344.20116825865,5401.47353088152,5990.90122277392,21020.7628509735,7809.42521133971,10870.4629896302,11310.1895828046,3179.28189456759,7330.22683281245,8297.17616374362,12304.436464351,3121.58900158624
1398.16538056062,596.647450299448,1261.09600980817,354.766341468441,570.457638119834,593.305004125348,1100.03539248249,1189.00865171395,295.129769188364,1580.3958284112,735.861744900628,890.71971550855,907.811855647055,1249.86167313782,482.886664892815,1051.25295484229,1382.83923959481,499.929528377407,1269.48929938094,2050.88987839407,423.937089463159,1181.49689018753,793.604842440785,805.848507239136,1652.72511764443,1146.29017803075,654.784997011506,1161.99106420102,637.936744953487,669.63874875738
90.9872845762263,388.542574904095,254.066688748179,249.315824541796,491.111167977141,6.20837872200222,49.9142891298283,463.882957186744,247.31126970799,265.183203740045,246.555520478879,388.353135817578,338.072749637325,333.469767938858,446.113749063517,149.547532963503,191.032964297279,370.589037584838,294.514945150611,127.707303191003,29.979550097926,377.112288533795,350.037079131999,255.331910460845,247.554804177204,421.692788486805,299.80753224128,653.954430749433,400.819861344902,394.144346918476
29.5542041468498,381.461340763698,226.547866632219,242.755268363452,486.652455939695,2.78924212521396,27.3007164880446,356.623906505985,243.617991348153,257.376057622204,155.464128068549,377.064310822609,322.010853842619,325.402127410902,440.477845635329,134.812673937447,180.292622766346,362.169967439129,281.984089755621,122.085655284727,9.11461130515323,377.112288533795,343.762505454947,238.515225590988,240.907636439298,405.725303008728,193.342524295185,626.213424159071,378.97777124113,376.486449684659
18.9003570782172,375.545849220807,226.547866632219,240.499974936251,484.215091449497,0.776697863354886,19.2380429635401,342.620657826538,243.539777424108,255.586328419112,6.82883554755253,374.501400191489,318.636934244032,321.422518201618,439.671601500989,134.812673937447,177.420964557951,362.169967439129,276.725209251518,119.586134427524,2.31347686982457,377.112288533795,342.508558392571,126.105770724285,235.281814112791,223.78717286152,119.35424728559,368.96023089867,223.860408160673,376.486449684659
18.899181024992,375.243969685136,226.547866632219,239.946510450709,484.188915793452,0.761568116292176,18.8260368499704,340.982241978878,242.956376682866,255.35596825559,6.82883554755253,374.499857736296,318.274662141703,320.983798249864,439.671131804061,134.812673937447,177.41727295281,362.169967439129,276.429153934402,119.585287611743,2.28328331620247,377.112288533795,341.532384026153,125.905266824995,234.702843481722,223.343109456621,119.348412417673,368.652474960221,223.823981363661,376.486449684659
18.8991807776215,375.11888302597,226.547866632219,239.939274495772,484.175152905156,0.761566412236166,18.3494038302366,340.980756140519,242.614652233618,255.355584340159,6.82883554755253,374.499857454601,317.167632111183,320.72955328281,439.670268309352,134.812673937447,177.41727295281,362.169967439129,276.38570356867,119.585287611743,2.28328331620247,377.112288533795,341.286654664206,125.825266356423,234.604384273928,222.711827827887,119.348412417673,368.632769477038,223.823017601999,376.486449684659
18.8991807776215,375.110716007489,226.547866632219,239.894716753341,484.175152905156,0.76156638288135,17.9545144791222,340.980756140519,242.241850556647,255.355584340159,6.82883554755253,374.499857454065,316.109976905762,320.680230945587,439.669596467747,134.812673937447,177.41727295281,362.169967439129,276.361385428501,119.585287611743,2.28328331620247,377.112288533795,341.194283393867,125.626518229186,234.575037436263,221.906794288905,119.348412417673,368.609394212813,223.823017601999,376.486449684659
18.8991807776215,375.110716007489,226.547866632219,239.78744875219,484.175152905156,0.76156638288135,17.8845672016071,340.980756140519,241.252291717247,255.355584340159,6.82883554755253,374.499857453577,314.604566455309,320.680230945587,439.669340086273,134.812673937447,177.41727295281,362.169967439129,276.348396656555,119.585287611743,2.28328331620247,377.112288533795,341.112004602457,125.536895839155,234.567337780008,221.399410971403,119.348412417673,368.607391138276,223.823017601999,376.486449684659
18.8991807776215,375.110716007489,226.547866632219,239.774550450708,484.175152905156,0.76156638288135,17.8845563734028,340.980756140519,241.252291717247,255.355584340159,6.82883554755253,374.499857453161,314.237873838513,320.680230945587,439.66905263888,134.812673937447,177.41727295281,362.169967439129,276.336033657599,119.585287611743,2.28328331620247,377.112288533795,341.077811903923,125.535509367311,234.564000949256,220.906247628967,119.348412417673,368.607391138276,223.823017601999,376.486449684659
18.8991807776215,375.110716007489,226.547866632219,239.774550450708,484.175152905156,0.76156638288135,17.8845563599456,340.980756140519,241.252291717247,255.355584340159,6.82883554755253,374.499857452517,314.031029981964,320.680230945587,439.668741424339,134.812673937447,177.41727295281,362.169967439129,276.327745041011,119.585287611743,2.28328331620247,377.112288533795,341.059843916665,125.535509367311,234.563990708978,220.00515696306,119.348412417673,368.607391138276,223.823017601999,376.486449684659
18.8991807776215,375.110716007489,226.547866632219,239.774550450708,484.175152905156,0.761566382692315,17.8845563599456,340.980756140519,241.252291717247,255.355584340159,6.82883554755253,374.499857451935,313.927681668542,320.680230945587,439.668741424339,134.812673937447,177.41727295281,362.169967439129,276.314839105517,119.585287611743,2.28328331620247,377.112288533795,341.033457198573,125.535509367311,234.563990708978,218.989814247695,119.348412417673,368.607391138276,223.823017601999,376.486449684659
18.8991807776215,375.110716007489,226.547866632219,239.774550450708,484.175152905156,0.76156638212055,17.8845563599347,340.980756140519,241.252291717247,255.355584340159,6.82883554755253,374.499857451671,313.8855153064,320.680230945587,439.668741424339,134.812673937447,177.41727295281,362.169967439129,276.306323914642,119.585287611743,2.28328331620247,377.112288533795,341.021390971693,125.535509367311,234.563990708978,218.770446182666,119.348412417673,368.607391138276,223.823017601999,376.486449684659
18.8991807776215,375.110716007489,226.547866632219,239.774550450708,484.175152905156,0.76156638179125,17.8845563599203,340.980756140519,241.252291717247,255.355584340159,6.82883554755253,374.499857450949,313.861913502671,320.680230945587,439.668741424339,134.812673937447,177.41727295281,362.169967439129,276.305895855797,119.585287611743,2.28328331620247,377.112288533795,341.009650358182,125.535509367311,234.563990708978,218.723930947709,119.348412417673,368.607391138276,223.823017601999,376.486449684659
