92.9334647901405,75.7930317436852,107.011100754533,66.9465901284092,107.396032356302,61.0942433630038,90.9612028324655,55.5896630480633,124.119477221211,74.3972249748012,33.5489932410682,99.7151916345462,49.1851507845523,103.712400736234,84.747761229165,57.2717393945309,35.0522662781185,31.9991424952017,28.8778516762138,118.6733064393,61.9322548654915,67.0554995868976,79.5836231162259,39.8808008919845,184.346984806506,92.5262743537551,99.2379428217137,80.7573286009438,62.1040047915234,59.1695885374754,43.1448810465175,88.0386283956395,46.6353991133568,25.4984425464113,91.8754445336971,97.8293817125074,159.219966640384,111.265255173529,104.825704373397,151.511231506229,55.6753499268767,91.0457706804183,32.4012544852944,29.4793780658146,83.0440419872193,55.6429546272531,86.3583289607323,56.578150521514,62.3189893076066,51.4252669219413,112.338755940337
31.2661420199406,8.02592078549651,8.06585936933811,7.29108493983983,9.80325259203272,7.53689092091963,8.25365951330281,7.79876318827627,14.4027659452631,9.97259799640949,6.90037765297006,12.8801054770416,7.37578845064706,9.67304759872559,10.1296520377164,7.87940387671438,7.80597027958402,6.97506719581236,7.43894712146658,10.5897979473788,7.91404268015151,7.73518516183475,7.74790618489055,7.48989474257695,13.6807491319383,17.3177032722031,10.0900002331281,7.15750511839502,8.32802269734145,7.44596629674379,8.18010129227582,9.14650975995937,8.03176935599532,6.51849897896625,7.88419071158506,7.20492235951895,12.5546020115146,16.7715778384288,10.1779055938117,29.5121496181961,8.19209599504558,9.5655322576352,6.97720832692869,7.65873018987645,8.95186293525802,8.51082326573948,7.70684739512296,7.45452625848367,7.96995902013191,8.4422137193157,9.0140332772358
6.76234331789965,6.28459929518078,5.8184126638065,6.09497921705849,5.37396816548767,5.81566840575414,6.29612730708232,6.37276971241204,6.94370051147735,6.14380941691581,4.99900161605746,6.5428409053452,5.72428711377324,7.09124730071733,5.73525189450766,6.27952713810157,4.99114587320992,5.55540350407665,5.82710870328378,7.73978633296315,5.80848936109845,6.42600794305673,6.47604809812447,6.18278666438931,6.67211474591437,6.23705707200924,6.09674477824672,5.52609496308702,6.0632376086931,5.61470161482839,6.66544467488058,6.52740746196645,6.66309372781876,4.97953280482636,5.80292005570055,5.64701871389241,5.96780803876891,7.17071600820924,6.43870955949961,6.98594321328994,6.3838907352004,5.87943846909889,5.17667169942848,6.03388320500619,6.86324761475515,6.92586725158202,6.21281881177623,6.31219346875014,6.34119295789867,6.03727742041713,6.93092973485824
3.42357307245123,2.88545164201219,2.53502020726961,2.7047434709898,2.25481306465508,2.60010197558404,3.21099235346406,2.74823980691474,4.03240714242213,2.98528053989872,2.08166742877938,3.54700662475,2.90888193145025,4.28600350374427,2.40580294164658,3.21644210709019,1.91583501558722,2.69151266188436,2.68059639746531,5.12112218701725,2.78808712436074,3.117161910275,3.40073320888462,2.645465947498,3.53448910274085,2.56728193299966,3.60808610173922,2.88716720949162,2.78482295209142,2.3781468112881,3.20683040731933,3.28415033923579,3.33026361753537,1.87686104363809,2.41608043875306,1.98832559415717,2.74084173330203,3.44006643379356,3.62250359461524,3.23511644723339,3.37280368666859,2.82718861584073,2.41811829092819,3.13854757910849,3.5192233583204,3.56261121550438,3.28982467562042,3.09822326690681,3.463924335515,2.97403362767147,3.69259042035759
0.000249453568017088,3.92969926679143e-05,5.3342855039773e-06,0.000387020608400235,1.38461055030348e-05,2.16071212548741e-05,9.7914499633589e-05,3.03663046565816e-05,0.0147988428713575,0.000131839597258931,3.04365573811083e-06,0.000598083078955369,0.000207180148208863,0.0103140836249622,7.45402348911739e-06,0.000101031953590791,1.03151921848621e-06,1.0567060712674e-05,5.55632158807384e-05,0.282479065406335,0.00113405640331621,0.000368991222501336,0.000523067083975093,2.35024456856081e-05,0.000162241094130877,4.53185155038227e-05,0.00227191233432222,0.000195613639391468,8.89915314701284e-05,4.91137643621187e-06,6.31553036214427e-05,0.000204216701320092,2.4125860136337e-05,6.33094714430626e-08,4.11129366284513e-06,2.02220854816915e-06,0.00037531937653057,0.00220806185097899,0.00485225542752232,0.000144183729446468,0.000235720421926544,0.000115279853844186,2.05562649853164e-05,0.000151180033242326,0.00354193790030877,0.00108382197947776,0.000355862611115754,3.1806344168217e-05,0.000108467602558449,4.83441772871629e-05,0.000454029400430045
0,0,0,0,0,0,0,0,0,0,0,0,0,0,0,0,0,0,0,0,0,0,0,0,0,0,0,0,0,0,0,0,0,0,0,0,0,0,0,0,0,0,0,0,0,0,0,0,0,0,0
0,0,0,0,0,0,0,0,0,0,0,0,0,0,0,0,0,0,0,0,0,0,0,0,0,0,0,0,0,0,0,0,0,0,0,0,0,0,0,0,0,0,0,0,0,0,0,0,0,0,0
0,0,0,0,0,0,0,0,0,0,0,0,0,0,0,0,0,0,0,0,0,0,0,0,0,0,0,0,0,0,0,0,0,0,0,0,0,0,0,0,0,0,0,0,0,0,0,0,0,0,0
0,0,0,0,0,0,0,0,0,0,0,0,0,0,0,0,0,0,0,0,0,0,0,0,0,0,0,0,0,0,0,0,0,0,0,0,0,0,0,0,0,0,0,0,0,0,0,0,0,0,0
0,0,0,0,0,0,0,0,0,0,0,0,0,0,0,0,0,0,0,0,0,0,0,0,0,0,0,0,0,0,0,0,0,0,0,0,0,0,0,0,0,0,0,0,0,0,0,0,0,0,0
0,0,0,0,0,0,0,0,0,0,0,0,0,0,0,0,0,0,0,0,0,0,0,0,0,0,0,0,0,0,0,0,0,0,0,0,0,0,0,0,0,0,0,0,0,0,0,0,0,0,0
0,0,0,0,0,0,0,0,0,0,0,0,0,0,0,0,0,0,0,0,0,0,0,0,0,0,0,0,0,0,0,0,0,0,0,0,0,0,0,0,0,0,0,0,0,0,0,0,0,0,0
0,0,0,0,0,0,0,0,0,0,0,0,0,0,0,0,0,0,0,0,0,0,0,0,0,0,0,0,0,0,0,0,0,0,0,0,0,0,0,0,0,0,0,0,0,0,0,0,0,0,0
0,0,0,0,0,0,0,0,0,0,0,0,0,0,0,0,0,0,0,0,0,0,0,0,0,0,0,0,0,0,0,0,0,0,0,0,0,0,0,0,0,0,0,0,0,0,0,0,0,0,0
