7.95966741892721
0.994959057093183
3.97983622837319
1.98991811418659
2.98487717128
3.97983622837319
5.96975434255978
4.97479528546637
3.97983622837319
4.97479528546637
2.98487717128
4.97479528546637
2.98487717128
2.98487717128
5.96975434255978
3.97983622837319
5.96975434255978
3.97983622837319
4.97479528546637
189.038348838934
4.97479528546637
2.98487717128
2.98487717128
2.98487717128
2.98487717128
2.98487717128
3.97983622837319
2.98487717128
3.97983622837319
3.97983622837319
8.95462647602062
4.97479528546637
3.97983622837319
10.9445395523881
5.96975434255978
3.97983622837319
6.96471339965319
5.96975434255978
3.97983622837319
2.98487717128
4.97479528546637
3.97983622837319
8.95462143820146
1.98991811418659
2.98487717128
2.98487717128
3.97983622837319
4.97479528546637
7.95966741892721
2.98487717128
2.98487717128
