3.97983622837319
9.9495855331138
3.97983622837319
2.98487717128
4.97479528546637
0
5.96975434255978
3.97983622837319
3.97983622837319
3.97983622837319
5.96975434255978
4.97479528546637
3.97983622837319
6.96471339965319
2.98487717128
3.97983622837319
3.97983622837319
4.97479528546637
3.97983622837319
1.98991811418659
175.108713676667
2.98487717128
4.97479528546637
4.97479528546637
3.97983622837319
2.98487717128
8.95462647602062
2.98487717128
6.96471339965319
2.98487717128
3.97983119055402
2.98487717128
1.98991811418659
4.97479528546637
157.200512146332
3.97983622837319
4.97479528546637
2.98487717128
6.96471339965319
3.97983622837319
2.98487717128
157.200512146332
2.98487717128
2.98487717128
11.9394784127669
3.97983622837319
1.98991811418659
1.98991811418659
9.9495855331138
7.95966741892721
174.113754619574
