1.98991811418659
9.02385065002773
1.98991811418659
4.50022158404545
44.4579593435421
4.73354467936315
14.7851434552899
7.20898801929525
4.7475260099759
16.8819607602272
3.21362372034287
6.99503756783497
12.4339021011972
4.72312003025286
3.40905877267505
6.51403219067424
3.48395447340408
2.91533934062886
22.017486948874
1.99045255407759
11.6235263024496
2.98487717128
3.54631583999981
1.98991811418659
5.13376694850467
2.60718172834891
29.8532907882159
22.5093546613923
4.25380554846561
21.6056602057861
28.5157490185973
30.2715060401781
6.52308025003254
1.98991811418659
1.02618560121618
1.98991811418659
14.650595830185
11.4840981343032
9.38490085697276
7.82942618835682
2.89235424837193
1.98991811418659
3.25756756466103
6.78089158762532
14.6121323206173
8.28643300547719
16.8038122040648
4.27662081083554
16.1025534088951
6.70292170907487
2.10122097054318
