825.290330286224
1347.50772949799
492.870014900534
594.557463497897
1481.2646894617
1563.18223674319
823.999362177484
1381.59832229497
891.619210578356
1289.6607903465
1243.50115655935
1209.29949356768
926.720506815216
1105.32853153672
1229.24062595162
1563.18223674319
997.46336596537
1349.90045828415
987.396885974301
1167.04503820935
1105.32853153672
1381.70939248965
553.117547193155
545.478006918228
1562.17208377829
1391.18339510067
504.116023950855
1167.04503820935
1421.26141421814
1347.50772949799
1105.32853153672
377.919459763987
1701.3904726735
1288.26653793562
905.441721655698
1165.57987606398
944.531140580436
1569.95380572437
1423.96384784798
1642.14928111114
1167.04503820935
1740.94249440198
1502.93089221593
1382.71954545455
1206.82417845741
1642.14928111114
591.571349676668
1596.37374676996
1421.26141421814
1102.34241771549
1066.87854128785
