1066.48600482976
1070.3555701898
1011.11437782637
769.564554375901
1070.35556931781
888.880080126722
1220.1222833586
636.570562259457
1066.5484592708
987.518960461818
1070.35557005793
987.518960461818
1125.72719639212
1011.17683204473
1109.90759083814
1165.27921812061
1279.36347397896
1109.97004608226
1109.90759209748
1109.90759111447
1066.48600482976
987.518960461818
1196.52686529551
1165.27921812061
1066.48600482976
1066.5484592708
1066.48600482976
1070.35556995057
1125.72719639212
1125.72719639212
851.884104990498
1070.35556903557
1066.48600482976
987.518960461818
1165.27921812061
1109.90759238318
1125.72719639212
848.469144302807
670.863219599765
1126.41835246904
1070.35557019739
1070.35556975001
1165.27921812061
1070.35556888011
1011.11437741241
1070.35556922852
1011.11437838058
1125.72719639212
911.12529655286
1165.27921812061
1070.35557007932
