148.482574071586
150.260148870947
137.43799313303
150.463647215148
147.823565865199
148.126411766023
148.683836686712
152.058004950453
151.420283089575
152.420656024902
148.96356721995
149.204792577562
148.588319547662
148.017797014918
150.260148870947
152.820892096315
146.487819318527
149.204792577562
148.188083476248
149.942691324299
152.614404753466
147.631683673235
152.264492293302
151.833510693448
147.823565865199
149.27803576795
142.046603112128
150.811888927151
12.8742640685152
150.996246937415
145.403334823338
152.264492293302
148.301273078857
150.657395943712
148.683836686712
152.614404753466
151.805639461887
154.242749934026
150.463647215148
152.012126804736
150.244897938271
150.863883286562
145.267448226615
142.212093318481
147.706733659455
149.21816203774
152.264492293302
147.345949055255
152.264492293302
149.011043848998
152.820892096315
