0.902287058059301
0.801907883201238
1.66169294206065
1.02240745120139
1.05689012726521
1.09956559424495
0.562412939651949
0.739419863571129
1.08741462171997
1.18889158907268
0.822950943178512
0.811964358889782
1.01645467569415
0.803905597033236
0.736016819386805
0.91181061414818
0.758668544225657
1.10115498261712
0.957812914348551
1.11808837882472
1.13414199615727
0.974642914115975
1.10983130590739
1.22492901105943
0.585014433682773
1.114691243783
0.560193665876341
0.793961734145569
0.718539515175507
1.40737542326974
1.01177361292707
1.14877965793266
1.1751304513466
1.11068076647666
0.859462712079676
0.720808190045318
1.11459830748777
0.584591205500601
0.84746739793195
1.35066510999741
1.03381899603437
0.944029348779395
0.641806875616339
0.767418223510731
0.993928326005971
0.726716306052595
1.25893960617145
1.10895706178985
1.79136153399486
0.733139966264162
1.20344419874959
