3.62029629310246
3.72023033435016
3.17140885870504
3.17280236202669
3.52027699476548
2.98516296183607
2.49215864970984
3.52192039848524
3.73140945440355
3.91314688546527
3.25586045991622
2.79255629447107
3.46645542651959
3.64051780649334
3.84881843807398
3.33761578777467
3.61463891009817
3.1286329570853
2.81648777102191
3.82763577056903
3.66895497222686
2.80263583023043
3.46226741075452
3.30021498934548
1.85012201555401
3.64510865186321
3.16647116567128
1.99588715803384
3.06300474195587
3.07098749567103
3.01066816149523
3.56262546846892
2.19052790051137
3.39589139123109
3.45620815923803
2.65299175285327
2.80192278646109
2.84852450332801
3.51238961691479
3.43434550707025
3.41004803279111
3.70561755594554
1.67429694028715
3.13913807809695
3.4077519775019
3.18739368132765
1.6359400473325
3.56580945422866
1.357689506106
3.51379187034627
1.46866456336284
