2018.68305607292
2687.21460689359
2175.63064941837
2085.11064951252
1875.37239397958
588.393956142235
2282.80027697023
2294.87480474591
2115.70087028903
2482.09797830665
2363.76512442468
2790.97827540239
2298.32436650962
2536.34081276825
133.296529221194
1447.94897668647
2226.22172957155
2293.05428223683
1617.54543639798
2866.49773745545
2547.33522105964
1900.34357238757
2344.36050769206
911.872809794931
2363.76512442468
1812.43365826187
2274.20664703199
2294.87480474591
2349.28102672973
2294.87480474591
1034.83834249974
1728.35679521346
1212.85970008316
1194.59996159536
1848.24381483086
2126.10179139882
2582.29176131508
2511.95443253361
1943.17941115003
445.649628777463
2536.34081276825
2511.95443253361
2210.98185781192
2390.18786390984
2092.51519864485
1638.37871471071
2718.70880098234
1939.88605860108
2363.76512442468
2231.51074037548
1317.68988152591
