287.90339186036
270.031996586518
293.407221661604
293.362730628563
200.001384257047
287.906937655979
286.783839718971
286.771671332555
268.371396425752
286.793225684844
315.36013701539
287.895803616001
293.361351777015
293.361953719137
200.063296087285
211.021423559278
286.777285170112
200
250.204686654443
200
301.629111894094
286.78815003378
287.922030836718
200
288.961155540411
288.962317421439
293.39392694216
200.000988116803
272.839626154019
287.906244743187
287.891741482538
293.361957671411
289.319811688457
288.965453405343
286.785070889694
287.938108265317
293.367811192076
287.904285500721
268.357213718198
306.596152866246
200
268.394413429122
288.961155540411
266.285626721016
260.547123413643
297.742463287128
286.802913283276
286.782060037764
288.954303494836
200
286.771295271493
