9.81242273890848
9.81242273890848
9.81242273890848
0
9.81242273890848
9.81242273890848
9.81242273890848
9.81242273890848
0
9.81242273890848
9.81242273890848
9.81242273890848
0
9.81242273890848
0
9.81242273890848
9.81242273890848
9.81242273890848
9.81242273890848
9.81242273890848
9.81242273890848
9.81242273890848
9.81242273890848
0
0
9.81242273890848
9.81242273890848
9.81242273890848
0
9.81242273890848
9.81242273890848
0
0
9.81242273890848
9.81242273890848
9.81242273890848
9.81242273890848
9.81242273890848
9.81242273890848
0
0
0
9.81242273890848
9.81242273890848
9.81242273890848
9.81242273890848
0
9.81242273890848
9.81242273890848
9.81242273890848
9.81242273890848
