20.361785029519
20.4895618610461
20.4094644617663
20.4201265637859
20.4701230674585
20.3868191158226
20.333217103597
20.4953582404439
20.4645383214803
20.3686953389265
20.3273400251095
20.3949140000657
20.4507623628795
20.3827468645807
20.4046934010831
20.4229013651433
20.4726241053943
20.3438879200583
20.3524864043449
20.4813875113026
20.3041907940117
20.2257880435009
20.3280781523264
20.5183827439558
20.4850292527896
20.4646574628043
20.4184970093403
20.4189843476603
20.3548882757767
20.4445823959037
20.4883675841719
20.3410371605099
20.4415785863724
20.3900874854364
20.3922385348745
20.5383976024958
20.4051601351021
20.4445735261181
20.4142050313219
20.4701678607743
20.3188732727817
20.3953854255741
20.3440628102354
20.416766741067
20.3299964522331
20.4403525288079
20.4282895172488
20.3891654486778
20.2401272512011
20.3784748626055
20.3021486425325
