0.983955556880915
0.983955556880915
0.983955556880915
1.57635182233309
0.983955556880915
0.983955556880915
1.57635182233309
1.57635182233309
2.39454327084309
1.57635182233309
1.24642906964266
3.33882533509484
0.983955556880915
1.69198925784212
1.62623076619218
0.983955556880915
0.983955556880915
2.28187998653743
1.06509328832169
0.983955556880915
0
1.57635182233309
0.983955556880915
0.983955556880915
0.983955556880915
0.983955556880915
1.5
3.70600026508816
0.983955556880915
0.983955556880915
0.983955556880915
3.378498827724
0.983955556880915
0.983955556880915
0.983955556880915
0.983955556880915
1.41208917057156e-05
1.54009849596935
1.6908525196111
0.983955556880915
1.57635182233309
2.08943391798596
0.983955556880915
2.84120041281574
1.57635182233309
0.983955556880915
0.983955556880915
0.983955556880915
2.69187840220377
0.983955556880915
0
