41.2675789054229
38.6062163062797
35.9582329018674
45.2817429117576
34.952421916742
41.2619606212124
42.9452687736975
40.6366123290504
41.418413891146
33.2953263404506
31.7428208389247
39.2126793204195
32.6350732832555
36.65279908353
32.3644741111848
24.3697192209181
37.1120618504838
36.0069549056518
37.2600726757037
35.6111344787139
46.8447107648117
39.7447610863424
42.1447389773625
40.8777792553635
39.9006388369962
37.0384307351878
40.5436538675165
40.6395976566046
36.2205286935648
37.6164269516221
29.3756097182143
40.6412129246014
47.113642389357
37.6991331250774
41.9089251036971
36.7201335316774
28.5745998039415
35.4667122760839
34.9016068424319
38.4067133485039
32.4479116171622
38.4696168467119
29.9399795225804
42.9147552772204
39.7683918458908
40.3226581630609
38.6355204030319
36.5842104868004
37.433163450959
27.9426053121636
36.6036229521837
