29.3394284109277
39.4635049774288
36.5496665194055
41.3658876852942
29.2014838733669
33.5958899931379
28.2953325552978
33.1995596212821
36.5080288875331
38.5816229636507
35.7059354846956
37.2696538142864
38.5170957490438
43.4728490116604
29.4881144543333
37.6278662567786
32.4427838039826
35.3508357887574
42.6341418296738
20.9435135810445
33.72502954114
30.6654498756182
26.8068988636699
24.0778768148086
36.4276409930028
34.7185258715072
35.6087211767749
35.0147074203217
38.4000856520222
33.7976804129171
36.3369687809782
13.5446577335049
41.1359613831908
43.1557414027714
38.4770205962543
45.9891851479554
32.3439525255608
34.6707202636037
36.9268798177538
27.9629976973079
28.1859809028185
28.9628042848822
27.1055712609757
38.6042702480352
38.2267390717138
39.2444574904525
34.1981614848391
35.5233007618449
43.5939872013691
36.1456268571928
28.5196997821915
