1633.16933381921
1646.18706266329
1862.93304227219
1842.5856681893
1749.51693934666
1524.34917646895
2003.02381108366
1722.72199267098
1670.0129331581
1922.113166003
1989.5943735874
1598.04177705478
1691.62343500233
1616.11333704784
1550.29379444288
1832.02755313443
1514.17464208443
1687.01920605863
1691.03324218753
1797.48516729184
1775.24845242934
1817.73441021716
1807.44642756524
1648.72180421499
1663.83640457575
1739.10716049529
1489.82576159396
1734.70679742941
1430.26276914638
1709.88887856277
1436.73593408847
1620.57941994768
1554.82750897378
1522.97392968399
1797.40816823572
1773.90931997254
1386.76105421866
1788.21843229172
1895.90932703108
1600.64721801543
1831.32002809134
1674.66117527599
1752.41835588117
1809.0701813442
1775.73494790462
1736.60912056064
1761.22354606218
1657.92543567325
1767.06801104767
1863.09976647923
1903.18024042089
