1676.01943050143
1683.79233404888
1340.92214483594
1553.56665939458
1656.52790318686
1460.49425437562
1658.96953449187
1612.51805504322
1813.97306833176
1532.52860563657
1756.07345273981
851.82165054946
1674.69275122592
1919.70893880451
1495.4848538402
1060.82955538315
1888.09764923378
1532.23320313433
775.745287300547
1455.08843613817
851.884104990498
1834.4312302041
1787.12711324826
947.324812034693
1571.39851310715
1713.12592279068
1511.83248281535
1317.79109051943
1036.91758984966
1579.12593652865
1242.69140915239
1553.48065582609
1819.32696327283
1769.98614152768
1508.59555181836
1815.80053824582
1650.31232361945
1391.28552896855
1365.703964494
1436.53692135857
774.838782539511
1525.56379226153
1792.06753388086
1125.78965083316
1596.72907166259
1514.76686821205
1521.52810140883
1541.70185206127
1393.26987622785
1688.65185571082
1470.07452819353
