1.47320689526327
1.5163165692295
1.64042860716836
1.47661678217628
1.76750884964008
1.78224749722222
1.88039777212066
1.67935682076063
1.55569486859895
1.52712668745949
1.51197372101024
1.3608805100248
1.76769203254116
1.92738265531352
1.42172114741061
0.68480254580345
1.83388884043802
1.55703069806145
1.60171601889351
1.61116015294328
1.650381497843
1.8693110526292
1.30242712123186
1.61960853591268
1.88536147187961
1.389255788421
1.01852356455652
1.22650243472185
1.63609111646429
1.79486393578645
1.09492137180519
1.76368080249745
1.61894897092452
1.93150512367538
1.48085324675321
1.455578297187
1.65821109639319
1.96706669470404
1.36651629945572
1.5008725801847
1.43231416085405
1.87061448796203
1.0250689061063
2.19148677391604
1.53969612169635
1.87857013491816
1.8781727764258
2.03468240322081
1.93796308602873
1.8363009686509
1.25790861270889
