38.9409319694023
40.7335804941952
48.3492800391484
51.55851345783
44.9731457927321
48.4831463138671
48.6879396236441
49.9885355905221
48.6678421240435
52.1209663738246
40.544037327682
42.8346158922809
50.755426451818
50.8481237549918
44.6302368608333
44.8519793994228
52.0355625679981
37.4399732721258
45.8857630803254
54.0268548567099
49.5811237729501
47.3172303417709
38.2979285978756
51.088506719831
39.1279872895093
52.0224071191544
46.8809841910152
40.705556211492
49.0591880729269
36.3537383984874
55.5218026057335
57.4463885797893
47.5547005571912
47.0894368352076
54.1566131531538
38.8590687172441
43.5266265576402
44.5415290806359
40.0773843265342
55.4539458388392
44.2159873455801
42.2901442056013
42.4279997630692
48.2539240451408
49.2343760171825
49.5714964272192
50.134571698622
45.6638741757702
51.6779627708891
55.3795957571713
44.7883645642667
