2.67159487162098
2.68919880743488
3.44183714963856
2.69795669416362
2.60789520854564
2.1654021401971
3.41583380884776
2.41098651296511
3.29017688963722
3.25955289190324
3.01885598380431
2.7073631141518
3.63289919894532
1.98647983814476
2.28884254719787
2.40105223580713
2.94682948857053
2.63436546636694
3.19501636415134
2.5910149019935
3.04222732839708
2.44970243832495
3.25245171456572
3.08700992441663
2.63145305496073
2.57526653289278
2.60501330399507
3.04778746162583
3.53203129377607
3.05174861447904
2.72373617304106
2.79701265836638
2.79578006191196
2.81635215230631
3.24179804486448
3.13032529475663
3.18859109342338
3.2181582969024
3.27228977302593
2.3437080664753
3.36222102940451
3.39985806752134
2.37687069058984
3.23094911936323
3.01703705879936
1.55023089772544
2.50859329291234
3.09933382873828
3.18897073690891
2.91980139448765
2.80345253839323
