4.10827684085007
4.20059920313088
4.05194538160868
3.75499408583892
3.96751309087585
4.06216132302325
4.08152289774989
4.17365904322833
3.69459746913799
3.8666521385544
4.08950361430425
3.92561753902328
4.14000699158214
3.95255343141116
4.23171199459603
4.11649335803213
4.22518101311243
4.12970185157428
4.29555156795413
4.1534813423159
4.1723140987815
4.1518443828154
3.93701170036593
4.07704985581813
3.70426236567528
4.24986917353135
4.05720678002899
4.28326179506075
4.37497527359938
4.19886891582246
3.46663811313056
4.2319535754832
4.05057668678728
4.38116654365285
4.20901516265212
4.00291060326163
4.08563653861984
4.16732542240925
4.18949963760315
3.95827028314397
4.22690086497005
3.75699195238849
4.02801882437006
4.10807650847664
4.07778791748206
3.95308806378398
3.92014738444732
4.24789250382537
4.19600603424351
3.92169434284733
4.28410836129206
