1962.7309382959
2164.97302624144
1825.01464098101
1514.91388120891
1933.98207210849
2143.36179185248
2247.21352657714
2166.92218784372
1922.18610112035
1966.51183090436
1988.80433563908
2167.91486636638
1667.46055382904
2017.45544340454
1806.2371440861
2036.36320698647
1900.72180017287
1953.01015022359
2019.50671944844
1884.75207604405
2079.57705736215
1864.09177216294
2109.65942568719
2247.84103381185
1921.5935731628
1973.94735079199
2075.14103006853
1767.93672145135
1677.14773806431
1867.5393240938
2015.69440762233
1973.74124105053
1852.78601747548
2040.8902410675
2194.24187156163
1916.99711155605
2008.3512464268
2096.44178168495
2056.30842463835
2213.92904958091
2206.73984103008
1817.02660736043
2130.45258430701
2086.61973339666
2020.8910885189
1683.54642375855
1676.14895560518
1953.39925817737
2304.57577641703
2104.43777966237
2093.75156194642
