200.061281522861
186.003684580145
200
200.000852965441
200.000777767294
200.00584778902
147.924323908619
200
200.032722095617
200.000090421754
200
288.972811933514
211.434627514304
200.007214664832
200.02828447883
200.099299283142
200.196261217759
200.002215030979
200.093205176168
209.0604858303
321.310456140917
200
200
200.001020172803
200.014770738058
208.963415778915
200.001514456293
200.036916826127
213.07901185992
200.002039894743
200.769869184719
200
144.178305701773
200.00596311449
209.461004916679
230.600448207391
210.456383681694
200.007089284176
330.549490499266
200
200.165516240204
200
211.31075662076
200.011122237148
200
230.399600482158
200.005290231737
200
200.076594299954
200
200.349502111902
