212.827257064294
210.671221974578
219.349965937427
145.431455858315
192.40318790048
148.822767223976
151.785091936635
211.920824597311
137.36024805857
183.98869617637
143.9827636341
400
204.261632001787
400
149.154072509508
176.608594918344
400
145.4449544763
128.340476577089
159.110798890067
205.217323379907
170.188262775648
147.11142395858
193.473253861405
400
170.452646387648
153.346002208499
159.270636537362
199.446887601343
143.251686679653
144.258811142106
400
145.155460936382
400
143.550780630218
217.902337709646
208.664613251951
149.720806286434
199.487401512336
200.359264759087
211.388120648715
149.559726934676
202.474178047406
204.202341619539
400
400
202.286488072058
214.696143893084
201.891889763312
400
145.820199811388
