3087.64238410208
1856.12088545647
2126.87379696953
0
0
0
1080.65042871654
0
2764.30375433071
8717.0415945898
0
3060.11065500042
0
2973.0512476781
4433.48776260463
6431.36325650189
1898.57131598297
6574.87706713939
0
0
0
8239.16679117632
0
6758.20687310608
1075.90992429801
8026.82507004723
5846.76798857527
0
1163.77830291908
4572.04596395608
0
4097.77922873857
0
4678.71645527278
0
8079.42134380657
0
0
0
8000.99339667706
6693.11649687814
0
5102.86827957979
5593.43309441688
0
4130.55920361078
6003.91606222768
6430.26634226479
3719.17272882041
3269.20954851044
0
