5.16037061970565e-08
1.03141019280883e-07
1.25463770928036e-07
1.08295466816344e-07
6.85395207256079e-08
9.03564796317369e-08
7.4951458373107e-08
5.71310465602437e-08
5.08465518578305e-08
1.1839051694551e-07
7.89012801760691e-08
7.81524249759968e-08
4.48569608124672e-08
7.30552756067482e-08
7.21921651347657e-08
3.94716153095942e-08
9.96406015474349e-08
4.01415718442877e-08
6.49270077701658e-08
1.11402187030762e-07
4.02558271161979e-08
6.82370000504307e-08
4.63866172140115e-08
1.38615519063023e-07
5.80475898459554e-08
8.65513811731944e-08
6.42668283035164e-08
4.13061798099079e-08
6.15788167124265e-08
3.350851329742e-08
4.85532609673101e-08
1.28696569845488e-07
5.69107214687392e-08
6.98596522852313e-08
6.12847088632407e-08
1.02056333162182e-07
1.24558710012934e-07
2.51245523941179e-07
9.32876673687133e-08
7.65653567214031e-08
2.19369667320279e-07
3.98745214624796e-08
6.49157527732314e-08
6.08331447438104e-08
5.33749471287592e-08
9.29734369492508e-08
1.16881665235269e-07
6.31065404377296e-08
7.99816461949376e-08
5.78520484850742e-08
2.0259790289856e-08
