9.81242274927126
0
9.8124228029983
0
9.8124227785172
0
0
9.81242283370409
0
9.81242276699345
9.81242279408877
9.812422749745
9.81242278876073
9.81242276834519
0
9.81242276788964
9.81242280145034
9.81242278262221
0
9.81242277831348
0
9.81242278572665
9.8124227900189
9.8124227853956
0
9.8124228113744
0
9.81242279734295
9.81242280196363
9.81242275053
9.81242274822694
0
0
9.81242288900853
9.81242274980877
9.8124227803695
9.81242284749419
0
0
9.81242276131343
0
9.81242286481506
0
9.81242281090886
0
0
0
9.81242280806396
9.81242273895316
0
0
