0
1.78418962533897
2.52165697702992
1.9615367413511
2.39743173558441
0.983955556880915
2.09977718706614
1.31708918579386
1.24642906964266
2.26447094500327
1.07583843531268
1.62971256051094
2.69421738745541
2.09970807401828
1.63818672335731
1.87581653904056
2.01249290092608
2.59960711328165
0.983955556880915
1.77240358682025
1.5485562794446
0.983955556880915
1.63265648756123
1.5028884647412
0.984859305967007
2.18664161491847
0.00151460031383976
1.62567047857954
2.02656118644052
1.24642906964266
4.06256589614179
0.00119140512845206
2.01893290786029
1.50766252139863
1.09959299238994
2.25180361948321
0.090328412192207
3.21997280984681
2.75770931020645
1.878498827724
1.61852590025035
1.76260177086476
2.38319331318291
1.80226887732465
2.00002163194824
1.90376903826666
0
0.983955556880915
2.54576403487306
1.5028884647412
3.4805077880319
