212.915845183345
217.890615234277
212.915845183345
223.860114181599
212.915845183345
212.915845183345
219.880487734319
212.915845183345
224.855257785252
219.880487734319
212.915845183345
207.941075132412
217.890615234277
228.834884232532
212.915845183345
212.915845183345
223.860114181599
212.915845183345
223.860114181599
212.915845183345
207.941075132412
223.860114181599
217.890615234277
223.860114181599
219.880487734319
228.834884232532
223.860114181599
217.890615234277
212.915845183345
212.915845183345
228.834884232532
223.860114181599
217.890615234277
212.915845183345
212.915845183345
223.860114181599
223.860114181599
219.880487734319
212.915845183345
212.915845183345
223.860114181599
212.915845183345
219.880487734319
217.890615234277
212.915845183345
212.915845183345
212.915845183345
207.941075132412
212.915845183345
219.880487734319
217.890615234277
