189.037417474609
157.200512146332
130.337807499747
174.113754619574
174.113754619574
169.138984568641
175.108713676667
103.474416808438
174.113754619574
174.113754619574
157.200512146332
174.113754619574
174.113754619574
155.210599069964
174.113754619574
174.113754619574
174.113754619574
133.322618860168
175.108713676667
171.128882486113
157.200512146332
174.113754619574
174.113754619574
174.113754619574
174.113754619574
174.113754619574
175.108713676667
175.108713676667
174.113754619574
175.108713676667
174.113754619574
157.200512146332
157.200512146332
174.113754619574
175.108713676667
175.108713676667
157.200512146332
174.113754619574
155.210599069964
174.113754619574
143.271808348391
174.113754619574
154.215640012871
174.113754619574
157.200512146332
130.337807499747
52.7325261095255
174.113754619574
130.337807499747
174.113754619574
157.200512146332
