34.907984572204
37.7813261007284
24.9796811921797
35.5787039170925
197.014887129979
31.0985834790868
29.646254204948
36.2995743190791
25.6409272871492
31.3960732284033
32.7465105604774
30.5382388483733
26.8580915884565
37.2551309772275
30.5222869612571
26.532793897032
32.6198362352527
33.8434163763452
39.3704374987731
33.5218803276146
197.014887129979
28.595489983386
40.9615067392604
39.9826124988576
33.4029118570725
37.8262842584959
33.6793008532086
36.1212627557552
32.4584736904353
34.5486535406249
35.6417293747998
32.3167164824854
33.2724946544261
197.014786736797
29.4317993663024
20.0775617005661
37.9091269126245
39.7150072488446
24.6917077166506
26.2325473317455
34.2313657884256
40.9785551068233
37.3446133308362
37.6401046528938
37.4500047010797
191.090728629638
214.680658914729
28.7904042641892
36.6542858380067
32.7635779611439
24.531635186564
