1701.3904726735
1701.3904726735
1563.18223674319
1740.94249440198
1646.01885450827
1484.25080328292
1701.3904726735
1563.18223674319
1646.01885052321
1562.17208377829
1740.94249440198
1646.01884836475
1642.14928111114
1701.3904726735
1484.25080328292
1701.3904726735
1601.72410550678
1563.18223674319
1506.8004611187
1369.63799028548
1701.3904726735
1820.95593397558
1740.94249440198
1563.18223674319
1562.17208377829
1646.0188500517
1701.3904726735
1646.0188532695
1546.35248719195
1646.01885055702
1646.01884819728
1701.3904726735
1701.3904726735
1646.01885038829
1701.3904726735
1642.14928111114
1701.3904726735
1646.01885055516
1507.8106141928
1562.17208377829
1506.80046161693
1701.3904726735
1701.3904726735
1701.3904726735
1701.3904726735
1646.01885098801
1701.3904726735
1646.01885243997
1560.47980311335
1701.3904726735
1701.3904726735
