1070.3555711289
1109.90759137807
1109.90759191314
1070.35556999889
1460.89905241861
1460.89905268653
1109.90759281192
1070.35556963303
1460.89905192617
1070.35557088789
1460.8990519035
1011.11437808323
1460.89905349882
1109.90759260522
1109.90759339864
1070.35557270699
1070.35557043834
1279.36347439111
1109.9075912949
1165.27921812061
1362.10584009628
1011.11438068469
1279.36347537208
1070.35557099119
1070.35556983218
1070.3555704902
1070.3555703775
1070.35557083556
1070.35557138004
1109.90759272574
1070.3555703989
1279.36347527426
1109.90759160363
1011.11437877014
1109.90759163389
1070.35557059627
1070.3555722979
1421.34703102071
1460.89905295157
1070.35557255026
1070.35557004459
1421.3470311668
1362.10583947452
1453.54346363882
1460.89905240878
1011.11438039373
1011.11437867717
1501.32422872608
1070.35557082556
1421.34703100423
1011.11437880793
