1.00380115346593
1.42039426102565
0.0151187550973191
0.884223272167219
1.64557213551689
1.23889505563079
1.47861802733519
1.2659061117422
1.57673590827108
1.54421958301282
1.11737283513389
1.55023563399936
1.21446594173426
1.23127009169616
1.47820772117939
1.65033730622554
1.05507203911998
1.76237518790754
1.42398699567298
1.35468320551081
1.64085273286673
0
1.20469314421689
1.28017854176073
1.19218968624386
1.57843411665704
1.25926251570854
0
1.330122069141
1.22269100473477
1.45758726063173
1.37988185203585
1.30235864324618
1.64485308131339
1.10990620879534
1.20335386658917
1.56905276975954
1.99940518128778
0.833244733556739
2.12569735032184
1.29767172987385
1.97143277389841
1.75817898277751
1.6438828235141
1.48575289822043
1.33361184173759
1.72567097285537
0.878518718349596
0.0151187550973191
1.73238084325089
2.27373675443232e-13
