42.9686132697416
36.9062817357042
45.5822583803856
42.877911055753
39.3775607654279
45.4932374999751
45.7161650069231
36.9926748786088
40.3135310910388
49.4759971467729
45.2141533829304
48.890469337437
55.0038076949231
51.2869924557267
39.5744599859004
41.5446823823745
47.4547454488998
45.0948225852903
37.910016317614
44.5772010945152
42.6810987131701
32.7269546703449
39.947159225595
50.4725771234523
45.8845314260338
41.9542791940623
37.3332734035073
48.4866335875681
42.0994031668924
41.6623032881944
44.9922989604961
49.0803020431308
44.5593371207174
46.9898552229354
80.451519718732
51.2021163282707
53.6806057953409
46.1828424141254
40.7869110880279
49.798802635496
47.8917054412073
77.6240850033494
40.5716845852367
44.5368165835371
45.5333795298079
49.2787205504637
42.9121796454874
44.3187694396004
42.5285555348573
77.7587242332681
43.9286455748629
