48.5829667576695
48.7709987981641
48.3067960472999
43.2655936192496
42.4875721051253
44.8269756884843
41.0387515752295
53.0355608766936
40.782847053631
50.1314122247463
50.6955750185843
45.9417266031937
47.986233714709
42.8682966698475
46.716151156131
32.597521504659
41.1032450374423
33.4423080697475
47.0144400722422
51.8258902708371
47.006823882657
35.1082566970522
46.1524893570631
39.0274653066176
50.4658808398858
47.8490818193809
48.9794546100504
47.0083760829611
46.2997634496317
47.9940476229262
42.7719869046223
35.2147184558255
46.3628134641133
44.7323729399384
44.8242027613251
42.6621773690663
46.7697902963166
42.4948788645283
49.2010100421735
48.1307196163864
49.2103623428382
47.688439207227
41.9946660396167
49.0697622993785
39.8576469201716
50.6862767213991
44.5440124341103
41.6795680861651
32.8583968843277
47.5003539638778
40.387131577917
