2.7535598128502
3.21083379739935
3.26139128721798
2.59145690187802
2.38980088220251
3.00352681715185
2.75834583750157
2.87722340852997
2.3482950153641
2.97415270823694
2.41199913870469
1.98584980281862
2.31441968038303
2.07964567960062
2.98266110216946
2.98742233393091
2.65072399473911
2.66286638389511
2.97012180174329
2.47991844281091
2.76705564725899
1.96824356612706
2.887164855935
2.0413143213857
1.83851925079807
2.69928558729816
3.04872978409549
3.22992828614633
2.59346772782305
3.18661837207515
1.95014711952058
2.81252890869837
2.82287109695721
2.04090109157619
2.71525071698034
2.41544117522335
2.10232668238814
3.01820906720195
3.01080222538212
2.41083084103457
2.30721143559754
2.47446363046083
2.80494726404299
2.42332385151531
3.042025058425
3.27062011800376
2.94277738719438
2.63098284325315
3.02949292309722
3.10940064311831
2.97008994969838
