2866.0500453482
2854.64218380107
2866.49773745545
2860.68569553098
2866.49773745545
2866.49773745545
2863.35554883671
2860.98669470896
2860.68569553098
2866.49773745545
2866.73651174664
2866.49773745545
2588.68577730299
2855.94698644657
2536.34081276825
2866.49773745545
2860.68569553098
2879.77204064206
2363.76512442468
2865.37328159465
2585.80704111861
2866.49773745545
2861.10046041396
2866.49773745545
2866.73651174664
2585.80704111861
2869.91599938399
2860.68569553098
2857.59309720751
2540.1131285777
2860.68569553098
2536.34081276825
2831.05327105883
2858.75592438144
2860.68569553098
2879.77204064206
2858.89391051068
2866.49773745545
2791.63784823559
2858.88495316627
2866.49773745545
2865.19425914307
2866.87870214694
2866.73651174664
2585.80704111861
2879.77204064206
2871.42243433272
2836.19709743679
2866.73651174664
2853.63590819391
2671.10417147691
