2000.85979450294
2001.70169043891
2452.33819426768
2452.3381939963
2102.83034034923
2452.33819633179
2452.33819671649
2000.85979450178
2102.83034080091
1993.86646812327
2452.33819587413
2053.03615863117
2452.33819478612
2452.33819474759
2000.85979450945
2000.85979450112
2102.83034050898
2452.33819693558
2452.33819646117
2000.85979451051
2452.33819515615
2000.85979450112
2001.701690185
1993.86646812327
2001.7016902528
2452.33819638677
2452.33819496315
2001.70169054738
2000.85979449066
2452.33819501243
2001.70169049355
2000.85979448995
2452.33819916727
2102.83033944293
2000.85979450355
2102.83034083042
2000.85979449738
2452.33819525119
2000.85979450678
1993.86646812327
2001.70169033812
2452.33819396824
2269.13657223195
2000.8597945007
2000.85979452064
2452.33819559226
2001.70169055263
2001.70169035188
2000.85979449128
2000.85979449653
1993.86646812327
