282.784456081251
287.206563561816
258.426376308939
278.887175994533
287.17744908363
277.260284804981
269.721604743999
287.17744908363
283.280999180538
287.177449083631
287.17744908363
287.17744908363
287.185470656178
287.17744908363
258.489081189427
280.384616967493
287.17744908363
279.070796834926
277.260284804981
280.387714674453
287.17744908363
287.177449083631
287.17744908363
287.177449083631
281.853652127123
284.962766790618
280.387714674453
281.867424258131
284.956094223902
269.787492049812
271.585264734992
272.084484570255
287.177449083631
277.854631521176
277.260284804981
284.971131900595
281.853652127123
277.84616365139
287.17744908363
279.048125203357
284.959632108637
287.17744908363
280.387714674453
287.17744908363
280.390705373075
287.17744908363
287.17744908363
287.17744908363
258.344589601182
280.392993338706
287.185470656178
