1105.21499244821
1158.74353478307
1158.7435348335
1090.40293025467
1144.61402280913
1202.46616345378
1160.57064644447
1158.74353486153
1144.61402278179
1158.74353472381
1105.21499244646
1202.46616339463
1158.74353491245
1202.46616359034
1158.74353494969
1202.46616342416
1160.57064635942
1158.7435349042
1158.74353480995
1158.74353483475
1133.25710082049
1133.25710078706
1158.74353480688
1133.25711505264
1158.74353492582
1202.46616339553
1158.68588118047
1133.25711504919
1158.74353481063
1144.61402284146
1144.6140228017
1158.74353482765
1158.74353478075
1202.46616342182
1158.74353480672
1144.61402274323
1144.61402279976
1158.74353475049
1144.61402271706
1202.46616331174
1158.74353489219
1147.54882836927
1160.5706464488
1158.74353473918
1158.74353487601
1147.54882835615
1202.46616364948
1149.20006827799
1160.57064635357
1158.74353490972
1202.4661632372
