1.13686837721616e-13
1.69394470503903e-05
1.14286452799206e-05
7.95660071162274e-09
2.83437304915424e-06
1.13686837721616e-13
2.84465568256564e-06
9.32647038780487e-05
3.595291673264e-07
1.13686837721616e-13
3.55727706846665e-07
2.84356019619736e-06
1.13686837721616e-13
0
2.8423264666344e-06
4.73068855626479e-05
2.18270371306062e-05
1.13686837721616e-13
0
1.13686837721616e-13
0
2.83486610896944e-06
1.13686837721616e-13
0.000127371511098318
3.55425754605676e-07
1.13686837721616e-13
0
3.55516704075853e-07
0
1.21496251495046e-05
0
1.13686837721616e-13
1.13686837721616e-13
0
1.57441775172629e-06
3.56195869244402e-07
2.83348924767779e-06
0
0
5.6843418860808e-13
2.8367849154165e-06
3.55389602191281e-07
1.13686837721616e-13
1.13686837721616e-13
1.13686837721616e-13
1.13686837721616e-13
0
8.29776138289162e-06
0
0.00016868722025265
8.28791735330014e-06
