20.4480670985195
20.4762797037791
20.4655260047218
20.3496505560933
20.505625081643
20.3823572180809
20.4001286829886
20.5106600316274
20.4200995551016
20.3319016081946
20.4096054807932
20.3435655969107
20.5278234461533
20.6459970275512
20.6228536067247
20.3688697305416
20.3640550614462
20.5288622059741
20.5465808555683
20.5264853512626
20.3979771311093
20.4526665303644
20.592395642543
20.372478952247
20.4737653550681
20.5924783598639
20.5306403233386
20.3491953810701
20.5005579313745
20.4691357582363
20.4757055466786
20.3571592622599
20.4262952201136
20.4711820700517
20.3316443494517
20.3849825115428
20.5251622083325
20.5746849553846
20.5376104848846
20.4187212208637
20.4384976848402
20.3717350351747
20.4922823638705
20.5450351287236
20.493527313423
20.5498144352384
20.4067793532448
20.5340506623621
20.5375747836686
20.4466796639598
20.4583262935183
