11.78120247239
6.46164005099899
10.5286630887264
2.0952847301935
6.15270364466608
2.39454327084309
0.983955556880915
6.5251183666868
5.19785244349578
5.97261903076298
7.13665920154699
3.53563360827775
7.84897500876377
2.48395555688091
5.51263308716148
5.63665920154699
6.2279037276578
0.983955556880915
5.51384192336525
5.73068904225124
4.44323734282557
12.0875882962042
7.13665920154699
6.00652870145404
0.983955556880915
6.07635182233298
4.44323734282557
11.8045858602213
2.39454327084309
5.58042287249918
5.93484624261805
0.983955556880915
5.47089509317618
11.8706147584277
10.6809221376418
5.19088074501883
5.54724691550928
6.5251183666868
3.26834108017522
6.31993500521264
5.72543080867229
10.9138436624646
5.28727398803551
5.95328299913911
6.15270364466608
10.5915098516041
0.983955556880915
9.08542574590069
2.39454327084309
3.7827845904153
0.983955556880915
