1633.62066192484
1826.22079985033
557.556082285786
1650.58485063782
2302.1040712005
1593.23277829991
1010.04677286583
1292.31238588189
1308.68668446254
902.234565854744
1750.20853063449
1371.51406374434
479.747031919163
1175.59448698292
1849.32258324527
1314.20926736545
1177.38251189826
1418.97880361116
2073.62286803962
1922.68452589256
920.016230609847
553.96989456634
1202.20501859314
1186.18688116524
1345.48838036802
1682.53356996844
1174.29530119116
1289.28296376183
1303.56738929732
798.260020348828
1412.25786177886
1888.09789675295
1295.82084651269
981.450982395821
745.355342328912
1014.46065232586
1849.32258324527
1259.32891167057
1312.34226539437
779.325980929407
956.329699582545
774.695751676359
1849.17817748349
1867.80224711703
836.096721157626
1920.74492469713
775.739793209961
678.486134189281
1222.12175262556
565.91128568305
1664.43428525653
