365.155836213803
51.8818570412961
158.858841716639
74.0394626215086
111.587211493573
206.825464482558
68.8438994817564
164.686950773265
19.3550373535913
24.9410454699214
13.5933950580536
13.3417612763101
178.728277850154
23.3797355729187
53.5032503988402
62.0222408515929
41.3354873146329
18.9440714053837
54.1224200155575
25.2438667686961
11.0261970495721
70.9904509555697
115.031762161347
29.7536106439279
111.642988808424
81.3092241751378
31.0793165887958
155.496330217067
343.043091907138
77.007549286061
259.5794914126
6.10400234681128
78.2571139544204
13.1363853053404
278.985107935187
110.894637917089
42.9805790650782
44.0877121914305
42.6500487305893
141.51675887636
10.5577236269783
193.199654544398
21.3964968785176
78.2263633091495
19.3041119352386
18.3253910478445
119.038812599359
153.078899892468
31.0211634044433
31.1015279700164
140.776410354169
