13.9595204746283
48.1613481907793
70.0164609453423
28.1184759917001
77.9576239255687
63.3487938083613
85.0412242470811
51.7443443780146
51.2005802094579
53.2501446417598
50.0348001968343
32.1742447788274
67.0750666357869
38.1248937419996
28.1176045202328
65.9780132166402
48.9547514061169
37.1965334818083
44.5106646950915
66.1083012048903
32.861672139579
45.0293483958724
76.8034515105112
34.1265680012175
42.0342667393402
24.8767560405354
62.9888450494204
63.9197065457447
56.2954214694003
47.221391873938
44.0251082788707
45.4032216720645
66.0171681764639
65.9549105504561
42.0066272281585
20.9534550964586
85.9394919312249
47.1533841735136
43.2936879600661
34.3534056728524
30.3946798425377
27.1099541591614
32.2342001073027
100.750699108857
53.7076037239156
46.2581386123902
57.0323338589833
29.146448078197
31.0803401038427
39.0459059786922
40.2762439177266
