88.6489650649178
87.6514450693696
98.5985477349286
104.570833772946
94.6211745761939
103.564324461734
94.6208343038461
88.6515983280487
86.6613416281357
130.439794275745
103.563096759107
79.6955417018223
87.6547665457015
93.6208294650464
87.6530214362303
94.6192393999161
99.5946506759792
89.6466793628031
102.580566025004
113.523678049701
92.6288663958644
98.5975114049006
100.588790345685
110.539060367822
120.488980789948
109.545217839525
124.468654277807
100.589877938861
92.6308896945923
87.6542273827363
117.504493306573
126.452450054288
124.46595779666
116.509935577331
98.6008489473586
91.6364026223557
94.6212751974197
94.6198476857064
107.555662538635
98.5988559211517
107.55353825027
137.40380421291
88.650963382393
120.488905247943
101.584839006744
68.7528120108072
96.6100915689403
95.6157155640074
111.530557699773
81.686430568757
100.589250019763
