258.635140706036
241.660910634954
226.641519024185
159.52803162933
241.668437545261
273.700582427032
137.349918556103
208.502895763936
143.687962225526
170.882571370393
189.218429158284
167.873568648333
171.100583217648
192.352294654023
210.177522107655
188.380771853986
212.431526694432
182.491952512242
199.816028629788
196.936881573488
202.835264279424
226.620508142509
162.195713265772
178.026593443008
320.529968945976
250.2543074348
305.924828610687
240.139134065547
238.254962870447
264.141528083677
229.316307369972
167.342432892189
151.349891640308
263.015534006331
315.498816970998
244.374240731307
211.969564509936
216.123775951675
218.076593885342
155.03331204354
182.675922014253
249.470918168854
124.110896606903
196.035767801059
229.730921757936
245.22719116243
209.978945761433
85.7634090233139
253.935055746191
165.956923513488
149.385513940983
