62.6667197073109
95.8534447626751
68.9927664937104
19.0774031320932
74.93936171783
44.3657020691746
50.1869463168425
25.1567947536903
85.9461669182003
57.5559575491043
14.3370799733746
61.0231762674853
76.457587775328
90.5746525571128
9.07492113693274
138.613894685051
54.569745798522
27.0350162425548
54.1683842279369
20.0138725948336
50.1548441646187
73.1545797915303
26.7032317004623
30.2523381674057
103.828912930721
39.5652818421322
57.5977407974472
143.48454579611
66.8438935118988
22.1895301578406
52.08207097426
27.7817252521991
61.2671807915144
14.3422883976104
53.752971454137
151.349011942736
56.6182594144605
20.0216941472379
15.9962565205014
21.0311302496166
43.5539848979802
14.1748725382743
26.6167876369593
51.4664351284553
38.1977048948524
36.762644974752
21.4979924598301
30.7395658007765
82.4502753454406
113.184693355101
23.3498522606317
