664.267522883497
666.984553787278
664.16168408884
666.167678780805
667.477031206075
666.116438614053
664.356485953769
664.075460580998
664.615406904019
664.195628979433
665.136935739873
486.649528960665
664.768519976544
667.458074858847
668.034054516414
664.315886484457
664.53212382828
664.223147018766
665.455999566808
663.88122172259
664.356981922278
664.252900695164
664.090733576383
663.82658855244
665.495777768517
666.697360573439
666.344037909691
664.970228919445
667.59230197003
664.688683586794
664.841730929062
664.706487509278
665.373934699868
666.651900524461
667.87056128001
664.659840586668
667.510472327504
666.528942430417
666.740439205974
664.45981471178
665.578916832875
665.448253330351
664.910878393296
664.104603388953
663.516377027304
667.297965139416
667.922354812978
664.2089632728
665.525360016869
664.365006422135
664.428633214569
