1015.19930017376
1223.62492719766
1021.84648772273
1235.25035399051
808.867164004454
1151.73814999096
842.350649573447
594.876368936744
834.228572925013
1239.58628383391
1243.1354142194
1221.51943845393
1234.21656182609
1005.66255480827
1237.46911682593
1240.18774679263
1016.1783112409
1236.43366670616
1231.7276675701
1234.06239617527
1247.29132003084
1223.33533125357
1022.02943004372
1238.39231367692
1231.49756609527
1023.62414015859
1070.54993874091
1215.6148598166
1231.26330121986
1244.55251901885
1240.2635002732
1235.55364217956
840.243238798264
1238.61050839457
1236.24051509908
1081.91286357801
1016.90937734923
999.557396086096
1245.65100173379
1011.30279389252
1242.23868355696
1021.04425442994
1237.63623114159
1027.77017021215
1243.63020143274
1006.18856024477
1019.8388843717
1022.63428024044
1243.41311101636
1241.38503626038
1031.41798841483
