76.9098591525135
68.1394525228304
93.897112148235
100.781498714863
105.045017179909
95.8208875538683
61.4311181927683
113.044844560024
74.3137150280347
134.418641723479
111.023660009682
66.9916164083425
86.5449660767592
69.6910122023046
77.9455599676517
158.324364982061
73.518492599025
98.70745274516
79.2973910646062
62.2858896458979
83.7593083969878
99.5875092863791
93.4405638902247
68.2934711444323
55.0979633573495
65.3417650536487
84.6722406348906
88.6309136913189
96.7953131396803
83.9710810207705
99.1909373158876
51.7170322429663
57.7677616588542
95.9854108689344
85.4643063696267
125.760785188899
64.095128934769
59.7720596109791
63.9598482834449
103.546093918329
73.0139576903534
59.5237017134552
76.2849105109469
71.562914893577
61.6745546237128
88.6892555217623
79.6165511843637
54.8216209550963
103.199903543802
74.6722066023681
77.1099586543812
