14.7212717899222
8.11588722477632
12.2445804765814
16.0247644463507
22.6606646276014
11.6368979300798
12.705643939621
4.26203916825784
6.15364206365689
44.5861555767792
33.7177868294898
7.71858946242651
19.7851830059003
42.8253870815763
31.2644676386437
9.45104867348573
7.06102310663323
13.6428378257815
3.79977749450791
12.6096455164111
13.0055657829444
17.6890127407264
19.5570833946301
55.5478093913171
55.3822272348668
8.85112859493233
23.4167272125953
22.1713546148806
6.90750201657033
7.55820861676875
14.1166182604873
21.3299983562058
10.1520802684588
28.7874736585236
39.696529752174
19.2678247842161
5.09827696519574
13.6955824786573
8.07085046517454
19.2853450506582
21.7487928130583
3.65034738448139
12.1359735588053
17.0617646726755
17.1479783564134
8.91221421937098
16.5648668649569
8.20129806425871
13.3481498684498
4.98553353407033
7.61175616133573
