564.27248699785
550.571487619241
582.061676920318
582.061676920252
535.815513281409
586.152688222149
578.901436482858
530.472514309339
582.061676920358
558.37046537245
546.371939358089
580.128631454568
549.595026649597
553.444358346087
563.200056302272
546.371939358147
558.370465372352
546.371939358133
574.92585066423
550.571487619286
582.061676920495
564.272486997704
546.371939358152
565.841767132022
546.371939358054
586.800777972247
570.727184270766
544.503205450319
548.136752614396
558.370465372487
574.925850664362
563.412608101617
535.815513281629
582.061676920458
538.983592562184
596.328877535011
574.92585066431
582.061676920309
549.595026649707
546.371939358004
596.283560498744
586.800777972315
574.309437789665
578.738584637143
586.152688222191
570.727184270877
574.92585066438
534.797222765317
567.598670768054
548.136752614346
550.571487619211
