394.017503659996
591.820688193311
349.446092727827
418.345064067454
300.000000000001
424.444778818389
417.113081970947
590.722640241105
412.184828098058
579.383094443061
401.706707160326
414.943474150135
414.321034166571
452.490228773752
367.987377693808
575.082448131954
394.029165649954
300.000000000001
596.047821467549
567.522622792513
459.213901950555
403.090150517116
393.541674458503
589.056207726197
416.764895348983
567.684898783327
422.614645382031
591.906143239109
585.55554290136
463.489557638808
580.298073618818
411.327406266031
409.21665195342
444.985938630365
416.529058023377
584.943610764202
418.537191229872
585.377573861347
394.865195891238
420.811502765724
596.153244313075
585.52238081695
421.945163387863
420.515233404331
571.316216500924
409.408530378697
590.674181896866
427.141857586568
579.456527549531
590.176040763558
576.462826227412
