2388.05583246226
2388.05583246226
2388.05583246227
2388.05583246227
2388.05583246227
2388.05583246227
2388.05583246227
2388.05583246227
2388.05583246227
2388.05583246227
2388.05583246227
2333.04133661105
2388.05583246227
2388.05583246226
2388.05583246227
2388.05583246227
2388.05583246227
2388.05583246227
2388.05583246227
2333.04133661105
2388.05583246227
2388.05583246227
2388.05583246227
2388.05583246227
2388.05583246227
2388.05583246227
2388.05583246227
2363.39476893242
2388.05583246227
2388.05583246227
2388.05583246226
2388.05583246227
2388.05583246227
2388.05583246227
2388.05583246227
2388.05583246227
2388.05583246227
2388.05583246227
2388.05583246227
2388.05583246227
2388.05583246227
2388.05583246226
2388.05583246227
2388.05583246226
2388.05583246227
2388.05583246227
2388.05583246227
2388.05583246226
2388.05583246227
2388.05583246227
2388.05583246227
