524.698126957174
682.355231557656
556.468657261662
736.938908940657
708.900259363594
609.970313239393
524.698126893305
556.468657294291
609.970313182559
736.938908940657
501.096147666652
736.938908940657
736.938908940656
501.096147666776
556.468657357385
556.468657277256
736.938908940656
736.938908940657
736.938908940656
501.096147666771
736.938908940656
736.938908940656
556.468657297359
582.34188121241
736.938908940656
621.921513827634
565.360989202598
736.938908940656
556.468657351325
708.900259363594
541.256865658561
570.688313074563
501.096147666495
621.921513827634
488.4975352849
556.46865735245
575.604359725538
556.468657314505
501.096147666876
556.468657347395
556.468657283981
708.900259363594
556.468657274701
708.900259363594
556.468657279899
556.468657365605
541.256865633371
556.468657398355
621.921513827634
582.341881145126
708.900259363594
