5.6843418860808e-14
3.98662385430094
3.98662385430094
3.98662385430094
3.98662385430094
3.98662385430094
3.98662385430094
0
3.98662385430094
3.98662385430094
3.98662385430094
3.98662385430094
3.98662385430094
3.98662385430094
3.98662385430094
3.98662385430094
3.98662385430094
3.98662385430094
5.6843418860808e-14
3.98662385430094
3.98662385430094
5.6843418860808e-14
0
3.98662385430094
3.98662385430094
64.1181218606083
3.98662385430094
0
3.98662385430094
5.6843418860808e-14
3.98662385430094
3.98662385430094
5.6843418860808e-14
3.98662385430094
3.98662385430094
5.6843418860808e-14
0
3.98662385430094
3.98662385430094
3.98662385430094
5.6843418860808e-14
3.98662385430094
3.98662385430094
3.98662385430094
3.98662385430094
3.98662385430094
3.98662385430094
3.98662385430094
0
3.98662385430094
3.98662385430094
