59.0966065875166
60.1105187312024
59.0966065875173
59.0966065875156
59.0966065875153
60.110518731203
59.0966065875152
59.0966065875175
59.0966065875153
60.1105187312023
59.0966065875153
60.1105187312024
60.1105187312072
59.0966065875156
60.1105187312028
59.0966065875153
59.096606587517
59.0966065875161
60.1105187312037
59.0966065875162
59.0966065875162
60.1105187312024
59.0966065875161
59.0966065875169
60.110518731202
60.1105187312035
60.1105187312024
59.0966065875151
59.096606587516
59.0966065875152
60.1105187312022
60.1105187312025
59.0966065875166
59.0966065875159
59.0966065875158
60.1105187312047
59.0966065875166
59.0966065875164
59.0966065875184
59.0966065875159
60.1105187312023
59.0966065875161
60.1105187312024
60.1105187312024
59.0966065875155
59.0966065875162
59.0966065875161
60.1105187312033
59.0966065875169
59.0966065875161
59.0966065875152
