647.489153511738
653.156818307986
645.206663301566
645.206663301566
643.805369414501
639.573588784319
653.156818307986
659.127090438969
643.805369414501
659.127090438969
627.574677141915
641.19015315879
647.719617973888
645.206663301566
645.206663301566
642.440705757171
651.906265709604
639.573588784319
645.206663301566
653.156818307986
653.156818307986
653.156818307986
653.156818307986
642.440705757171
653.156818307986
639.573588784319
639.573588784319
651.906265709604
627.574677141915
648.410977888154
647.489153511738
642.440705757171
647.489153511738
643.805369414501
653.156818307986
645.206663301566
659.127090438969
645.206663301566
639.573588784319
654.845772364865
653.156818307986
659.127090438969
645.206663301566
653.156818307986
647.719617973888
653.156818307986
653.156818307986
653.156818307986
639.573588784319
638.137704618253
645.543860915302
