111.273144662256
111.273144662256
111.273144662256
111.273144662256
111.273144662256
111.273144662256
111.273144662256
112.257841161489
115.386123082917
112.563290233918
111.273144662256
111.273144662256
111.273144662256
111.273144662256
111.273144662256
111.273144662256
111.273144662256
111.273144662256
111.273144662256
111.273144662256
117.999187997369
111.273144662256
111.273144662256
111.578593734685
111.273144662256
111.273144662256
112.257841161489
112.257841161489
112.257841161489
111.578593734685
111.273144662256
111.273144662256
112.257841161489
111.273144662256
111.273144662256
112.563290233918
111.273144662256
111.273144662256
112.257841161489
117.999187997369
111.273144662256
111.273144662256
111.273144662256
111.273144662256
112.257841161489
112.257841161489
117.999187997369
111.273144662256
111.273144662256
111.273144662256
111.273144662256
