7993.96491648574
7478.73373276669
8388.85372604622
7556.08545106028
8091.81558184792
7793.73577980123
7696.57943130872
8051.53059255734
8090.71636567353
8209.18150132905
7834.1033969916
7893.01989870076
7834.12843289475
7873.93286448608
7538.29797017808
7755.60058008208
7280.97357738169
8329.65222988006
7596.85108418415
7952.10352528759
7518.30671568942
7577.60448818931
8209.73874149826
7913.08372226245
7873.30020245371
7697.33561990599
7755.96858006896
7952.70079186833
8052.06927044763
7538.36774015123
7676.7655007186
7694.48323509738
7695.20136928053
7931.92351980627
7438.10957815372
7419.28070505324
7834.1158988237
7794.6009833041
8190.62930433199
7933.1757696909
7577.50813476311
7576.9493977691
8090.69804539548
7873.38650257556
7796.43388617287
7676.79053065523
7755.49489661974
7754.00356993188
7755.51987385676
7793.96003987125
7420.40150522172
