37.8081553665834
11.9394784127669
36.5349360254868
7.77633851382757
12.9344526287555
22.8839927306215
50.4641852185005
43.7776543139048
32.5549827355264
20.8940948131492
24.595462650539
38.5248339429588
40.7927821804442
36.8129509898899
29.8485131821897
46.7625112884703
58.4235820832941
21.8889930972023
34.8232832331225
28.8536762245026
38.8031144236766
14.9243505462277
24.595462650539
37.5298343095396
21.889033673528
44.4942107908741
13.9293914891343
49.7473834219311
38.5247118435525
14.9243505462277
13.9293914891343
20.8940340401089
53.448812032361
57.428827769475
48.7526291081119
53.7267830290873
50.7424049261779
62.6813842705744
30.5651917585651
22.8839927306215
62.4029816904504
34.8234053325289
2.98487717128
9.94956029858031
24.8738652306631
6.68630578170996
42.5045430341067
40.5146451166345
37.8079100469834
21.8889930972023
32.8334466420165
