1309.73967434379
1741.373691422
1668.15925940075
1882.54860296832
1682.36394339723
959.355277413556
1595.51313498826
1526.73160896194
1516.91288423787
1563.53330486743
1430.40728381588
1371.02669135734
992.993415068254
1647.58256411413
1075.7294820907
2254.35183793239
1686.47828704112
1094.29734089496
860.7056458351
1964.49842899302
1492.11882298603
1508.16375015768
1368.30697157642
1152.09899705143
1275.07568240421
1624.55322862325
1281.85077416755
1333.66357955843
1138.13888219789
1457.7410858879
1354.08677528244
1232.00001718956
1276.41419284698
425.789364017988
1092.76127668032
1319.34950427748
1769.94897786039
1122.80166422002
1647.72968441515
1710.04317018499
2011.38428927782
1609.34071833135
1606.50281204725
1156.881752806
1605.20424072689
1652.91650412597
1256.31923492421
1201.95510893931
779.325980929407
897.833708756229
780.07125709609
