3557.73434691021
3497.66489327131
4341.26689587994
3089.33623174223
3867.72742185273
2999.47061784093
2698.8078543184
3191.39062940267
3413.80072064208
2469.31926740319
3419.35756719399
3099.79102864693
3117.74626856943
2407.31793985711
3308.0549281122
2932.69555132007
3488.62206633699
3290.70240249002
3000.83739442306
2270.78399877681
2449.51493425263
1835.85850394278
3755.00719190884
2830.3779090538
3934.87221070159
2365.9443484905
3528.82823509147
1837.10105246511
3018.67143367791
3288.67844138257
3602.28727583365
3354.67480375111
4438.02370052857
4061.59595439354
2931.20755654813
3940.35790734862
2470.06472424025
3196.39710113403
2994.40183970109
4205.41584858917
2920.12570181518
3313.2149418168
2964.802162807
3317.22582038847
4340.54173336794
3175.38261732754
2532.33079515202
3292.76844999042
3321.94447492255
2263.48537471274
2028.41452077712
