2640.02908694296
1558.52228535139
1763.96588320228
1216.1442693482
1574.82896758516
1969.56539112012
1915.91418490807
1997.30923053756
1596.55972815958
1873.14156722468
2330.35267907733
1594.65311356983
3174.51810747334
1534.60213016892
1882.58405982896
1864.5084364182
1932.23980667062
1291.32583316881
1964.87415961581
2639.87527106547
2529.51556415985
1405.79868211046
1505.28024195012
2154.18189639736
1426.80775049375
2302.41620462774
1425.05847262023
1194.9632898495
1860.20958273468
2125.19197124701
1755.34328907831
1858.0559415612
1391.7100168152
1857.64174793523
2286.2438033577
2105.50918633966
2762.24223577893
2045.87721188003
2197.9771220591
2044.39986893307
2104.51346302496
2398.63018762988
1534.74879762737
730.291847425777
1784.94394059285
2161.30704768646
1963.89117756802
2100.10052767282
2246.71498662159
2417.30650063687
2250.98707568077
