201.080995813658
154.319430587005
172.228187932845
180.186446382691
161.284411466064
142.378760660911
201.080461042452
143.374283979266
184.166518530245
176.207125951731
161.282628714955
152.326877867486
147.353434493832
187.151002695895
192.124942758071
154.319370169577
141.383746305755
162.276460588046
157.303047904567
175.211884977074
171.232577273223
194.116640193472
163.27269789284
149.344085038877
172.226316329545
162.277207646294
157.302648903446
157.304330690048
173.221952949619
162.277650695308
170.237127977433
173.221418376248
186.157641796713
150.338314815127
156.308669047739
169.247376295642
175.213053852849
170.242222619092
176.208690864512
164.268451753723
145.363998388181
170.237129876866
177.201348862188
178.197089060575
149.344109408886
165.261829823891
174.217024600029
168.249327265838
163.272666991617
155.312876066324
188.157031064914
