99.5958232580549
92.6288182722219
95.6154613562715
86.6611277356419
83.6738601263585
108.550289517251
110.538652262738
108.548316744814
101.583408086449
106.56003524545
106.555636995038
109.540942622485
92.8120341391345
111.706218693808
112.53008789658
104.569658640119
115.514013820386
106.557574319025
111.532881711482
92.6298387673291
91.6552009290347
92.628016487811
106.559896904128
90.6367200971085
92.6310292721021
101.657051375236
99.5952738004453
111.532495808852
115.513624405015
96.6096275166124
101.585319345568
92.6295893648009
101.581942425675
108.609301702635
101.582531222763
79.6963826390336
81.6839053736674
87.6524035233545
95.6076784845927
94.6205530681623
125.464408223783
101.585196655828
87.6504278544257
117.502797729057
113.515581203199
99.5956630479031
104.567316226151
112.530250342016
107.552134754928
94.6155758528471
80.690935713302
