101.836530769142
41.8684683648767
45.862121829065
53.8280122600413
98.5946805556737
44.873836160911
35.7221900025027
58.4582859223235
33.8778338291793
23.958141514014
37.2218430492626
38.6600854098381
28.9124253978969
39.1943103595029
40.1805858510402
56.0995812153658
68.6795140493714
64.7726621821112
70.7268142454579
53.0842470826558
37.2411952074299
25.9697443863572
38.0852019801441
55.8182366545354
29.9434859106905
24.961008085995
46.4139473807522
33.9276705040518
25.9691613363532
38.9041579870745
37.9036965993996
58.7998752128992
40.8708536267329
49.8212238556805
41.8865844336613
39.3522504064472
76.7000620865579
29.7750303638391
49.9190092656584
59.4865204302246
40.8934087856976
74.721049552875
29.9486725195311
46.8578729395151
40.1669238544814
58.3698834984375
43.8453616399524
39.7985710984515
35.7566790769911
37.9072478460539
37.9051928401548
