451.354615942316
465.416206542788
496.918874365308
441.756291880204
436.716199820521
467.519253875326
408.041776946362
512.030924582935
415.672419860438
436.800132091608
428.499251419357
499.517960976419
421.645569551425
502.722124624558
408.120628799301
435.209173932384
513.779100679101
482.173642495431
394.861621495688
525.560794567467
421.993558420243
455.129787876052
442.309041399193
406.630994151229
490.054034406692
425.282772926785
440.993209415655
437.500790724637
438.638824962291
408.697623726252
511.484562440954
483.473025487243
402.557205332716
477.701171349202
462.250818456771
540.839507095889
487.236197984239
471.025534208582
524.152613288053
427.353988302994
491.153299646595
454.954109850756
437.112954843138
477.294011103841
466.881535068665
400.259699027764
472.596890149887
400.701852988736
506.688700144241
444.850688143502
447.677270085702
