236.91888335213
272.706409925165
155.791620337564
268.969939002802
197.377422783636
149.683558905916
261.938037008887
149.176890342971
202.521659237003
205.678283260259
211.470130722638
250.549507555196
167.463092115159
181.365541194028
97.1407844668252
266.129824511223
176.356376353479
208.843766054807
229.31467239378
165.652657633783
273.068694477901
236.881441098727
278.688608891852
226.153595376515
229.574778275224
261.888134476381
216.128249988316
214.534428663869
273.223270131454
208.033590758093
184.257829441305
170.998444249618
277.033767694509
267.9209696949
269.690988320848
218.398707719906
279.618407757785
269.258602282878
230.291719278299
256.773992563335
154.624201875306
238.496827778714
262.502599071357
276.685330345978
122.508141271692
212.222018713298
249.724543023546
239.429812699159
121.303441926841
227.947240208927
142.863428914487
