1592.37876039394
1711.09699536408
1712.28310119706
1579.57041569781
1573.50673962385
1713.20807834456
1713.05597700146
1711.33527658821
1712.22866350084
1711.13799367009
1712.61736770078
1711.50011585077
1710.46514202721
1573.10239887814
1711.48252778865
1591.63033652088
1452.29463046563
1710.7470338587
1710.88326419839
1710.63143846841
1712.96206330453
1709.80570969356
1572.93060391462
1711.42993443112
1791.8437658267
1710.65241625691
1711.73747195178
1574.64409585812
1711.13778116193
1711.09637978798
1710.40989949777
1711.87872455248
1711.62786837657
1788.72124437581
1571.74246629886
1711.35612922018
1591.35626538783
1713.53521619999
1712.83965508964
1572.67628397776
1711.67554876986
1711.09110674845
1712.84830468267
1572.45177486112
1711.68708360575
1710.93759570188
1573.56849630772
1572.74620587324
1710.78136965478
1713.75655199497
1591.87949053068
