289.620941758109
449.401213659752
1397.2113499585
357.726790563492
339.856165493669
285.999628691309
383.891645609338
282.418676825397
386.689126349665
341.829788204447
439.944797737639
323.417147515412
322.610180021006
347.713439113784
55.8291711321494
331.25187170093
363.930256205675
1249.59205829405
282.596655135063
300.133755763813
449.15063790919
331.898899690731
376.652274725965
393.950597528703
316.201823207746
346.742458541647
359.186031812311
279.467175987091
1239.7233556541
232.433331507107
257.070057863812
345.02973077222
185.930561425963
345.606034107718
503.526349076839
401.602387202528
264.584109414086
400.623542337344
355.698868837367
302.247738980312
309.173071430722
1257.31299503921
1240.61597488319
306.805043592345
277.449360643478
381.79023755847
60.8509556822448
341.233996608095
1074.61842380272
255.635355589009
1253.28096520072
