153.481587784594
221.230112642055
149.404932142173
162.378720871741
134.574446642574
177.693735727769
247.972761437642
202.459316220064
115.601490361538
190.991492866029
133.05490343579
237.074164565124
96.3197965205859
228.708433391395
179.160717444954
125.089338195399
189.554036668704
120.33381387298
151.959514528006
161.171935628444
169.755723984676
130.901062810385
142.609204380072
169.01073691448
98.9737843485623
106.489885518463
108.892660366604
139.887125956706
133.518890310552
179.897619089204
129.849222537353
139.675969429966
136.631909194695
119.371599021092
106.744298073049
172.449041238765
101.954004440647
157.232480556997
143.101291029176
171.805234157704
148.781912122776
145.228775628603
245.302331372475
161.801841818584
126.982537530083
234.847536106472
165.242559242095
205.936352865417
138.214421948803
157.78240879763
159.571944940848
