103.63792765397
78.3280322819191
65.9415509451073
72.8247621988819
111.364086198749
91.1894757246353
98.8916986017198
68.2391395044494
74.5619088715591
102.337494930998
63.4003751132925
93.7982077568224
70.2943838376063
88.0968233207848
134.493182140656
90.6445498389642
93.8315648183809
98.9947668038021
122.7718537776
104.467251331758
115.807199756757
65.448438760872
68.1282226526291
73.5489850270278
89.5192400470662
68.3337408232071
78.6437363585464
66.4484044324181
85.9052584724116
73.624396217733
92.1231407091475
101.872711797599
89.3427506895973
65.432012653102
93.9967652207358
107.962044578985
97.6586803111422
76.3151551438925
79.2667247020183
62.3175199909385
82.7575479875104
95.1220350707399
86.6993550120146
123.862655806719
94.8981602169138
95.6073298746931
83.8065353512739
112.274180558458
63.5761302529629
105.132466852116
81.8550346917455
