7.86645169324447
5.09767895037726
16.8665851610021
90.641668944786
12.3044200756271
14.5517122525252
4.68779520127782
4.20319123621698
4.66712750842498
3.16682040861087
44.6934304388178
56.9682587323011
27.5744038287478
10.9245808792421
9.45312263716164
40.3691131671433
10.9601550579023
19.0262365848528
8.80508634936245
8.85675673907554
86.7020956965857
17.7070172336873
22.9670913594
54.6596936830601
16.6740811936011
20.7022094397771
9.41901514145798
9.65408815469937
8.4499057219823
6.53307416295092
14.5080387967439
19.5014432420533
7.14132473131872
23.400338831161
6.46748955501107
14.6363547030496
45.2868344830554
28.8589338428544
21.972966457799
5.65754633041161
15.1184469816485
20.951388527551
8.14444360154766
3.8559443658296
40.0666924630925
8.44311711843375
17.5614383540792
21.6575851299513
14.2681010304332
31.0570661448353
6.7549705183601
