1853.89654243636
1632.13689299051
1865.9966276456
1631.37102478385
1642.54212794985
1853.20320046967
1860.42976952979
1636.20991351606
1862.20889112216
1632.35777732084
1648.41640325498
1860.7624886733
1645.4188410516
1851.05696296084
1626.97181314509
1847.19523466947
1638.32705762124
1846.89275730497
1634.38827102481
1640.11227283358
1629.56133953639
1646.46069910917
1628.78362283527
1633.76092431163
1632.66274286411
1630.64141261295
1630.39829693557
1642.42831486206
1632.70892373963
1625.59844846047
1632.2130121479
1630.31790641654
1853.17939936028
1854.67867717956
1635.09631918769
1852.81946868015
1647.11427398249
1628.25024182816
1651.28609302048
1866.98705292217
1647.91766356571
1640.0735744597
1643.79601718916
1852.82698867347
1638.63692263993
1635.33078619127
1644.435075026
1635.7232032229
1639.38702434035
1638.11331796566
1860.86772525322
