678.877526075619
554.644058794046
230.476131211204
241.622134959108
730.487194638975
722.249106124696
228.496183566303
217.440066245409
230.005268535102
604.367435605824
661.892564750509
239.550802474073
223.759752762024
727.13763430608
217.187899027007
723.947172394205
223.89037061765
326.514901387916
254.973791802459
227.012698415537
233.301174132511
620.372995027552
275.660596198058
707.976417356187
226.581370601513
218.699490233115
686.388114400514
674.542141466743
215.8728777968
671.40930896132
357.018238721144
709.995238292542
224.483735850963
221.315738400605
317.652415790964
635.685887006739
731.012247453859
658.813961135335
723.947172394205
708.48510632109
468.267136999494
692.835870399409
228.095566269225
682.503957142039
216.261751034323
219.748139198449
223.525328081181
243.089857226596
284.006277488315
697.232559629965
224.062770853622
