339.326586675651
566.963111104543
567.673977496881
547.28982546337
535.815513281339
570.727184270398
566.727509146109
535.815513281297
538.030920810735
546.371939357829
580.255260968522
546.371939357839
596.707953611208
550.571487619061
544.503205450117
574.925850663942
574.309437789445
565.961112850279
538.030920810736
564.272486997559
558.370840546343
564.272486997565
540.370472036965
557.593662818524
547.289825463368
542.374879995227
561.294138156783
606.299298068033
546.37193935783
550.571487619046
570.306487830678
580.128631454276
546.371939357862
537.414107965821
550.571487619049
558.854337691571
546.371939357861
540.370472036959
546.371939357834
580.255260968524
558.370465372208
578.738584636601
549.595026649352
550.571487619071
549.595026649341
574.925850663924
567.82034603057
543.633734794867
534.682488636315
535.815513281317
575.415485452387
