2450.84677481618
2408.37905107713
2440.27313615632
2470.60163397302
2534.47570764722
2302.35065499012
2264.21107963886
2522.97737039217
2522.97737384266
2534.29281387155
2264.21105453838
2487.1364025835
2440.2731381449
2408.37905313999
2264.21105813325
2534.47571644315
2264.21107647817
2450.84677114378
2534.47571539962
2345.43498405543
2487.13640903962
2487.13640465046
2264.21107565168
2408.37905176323
2522.97270414239
2487.13640700382
2522.97294739022
2487.13640580199
2487.13640506914
2522.46574268924
2491.71971856936
2487.13641122472
2408.37905489129
2522.97270457024
2534.29282135114
2318.123215612
2408.37905345571
2408.37905504491
2407.79523107777
2407.79522989047
2319.53580915472
2408.37905015972
2534.47570985249
2487.1364083805
2522.97273403302
2450.84676902662
2408.37905492732
2572.86363728094
2319.53579923167
2345.43499517621
2440.2731243602
