425.057952867979
419.759075326259
431.536278894999
409.715393594397
445.167905334059
431.332714699845
439.647424788261
425.161469594771
430.619896600078
432.764739855907
436.792391500054
415.959261245972
423.804612729612
455.255983806762
429.786788365178
422.29587106289
431.638783503014
481.559741914835
418.921754063619
455.51737248941
424.578976164842
431.623600403041
421.214419501493
438.816730458193
425.521192102575
422.407905203834
486.777670671348
424.47148472126
412.358486488248
429.580006377751
420.181593186487
418.15906076586
479.699018865689
425.076009136824
450.152173472829
412.612435846463
411.591514712156
428.504654874038
421.469516682146
423.431333130682
425.636973684115
441.763609784191
422.165490873684
432.373122740981
459.897950264535
419.656957695986
426.980816149896
439.854406771554
447.279973089633
424.301497675445
423.111708647927
