2388.05583246227
2388.05583246227
2388.20104127278
2388.05583246227
2388.05583246227
2388.20104127278
2388.05583246227
2388.05583246227
2388.05583246227
2388.05583246227
2388.05583246227
2388.05583246227
2388.05583246226
2388.05583246227
2388.05583246227
2388.05583246226
2388.05583246227
2388.05583246227
2388.05583246227
2388.05583246227
2388.05583246227
2388.20104127278
2387.95818507627
2388.05583246227
2388.05583246227
2388.20104127278
2388.05583246227
2388.05583246227
2332.92100828637
2388.05583246227
2388.05583246227
2165.93558162967
2388.05583246227
2388.05583246227
2177.32484917902
2388.05583246227
2165.93558162967
2388.05583246227
2388.05583246227
2388.05583246227
2165.93558162967
2388.05583246227
2388.05583246227
2388.20104127278
2333.04133661105
2388.20104127278
2388.05583246227
2388.05583246227
2095.69417590105
2388.05583246227
2388.05583246227
