300.000000000001
9620.5623514955
9020.93816154499
10851.2568451465
9476.97927281187
7970.18262645895
4145.94402096781
300.000000000001
9832.30724666397
8578.33163548481
9754.26004158666
10244.0686525401
9421.07779153254
10346.8233170853
9918.82897592467
7356.52903528424
8108.67610365879
300.000000000001
300.000000000001
300.000000000001
10313.5433716735
8958.20599239051
9778.81709208076
9387.38016029963
8558.41061933347
9571.12761400669
9582.36922996815
10026.3303026298
4567.84179131689
9883.93162668876
9802.97139701728
10304.8732919804
8974.92514279941
9992.41204360424
10587.4923245138
9688.21350125382
9376.96390836197
6815.56686579786
300.000000000001
7758.57059292948
6170.00682645028
9611.18839736142
300.000000000001
9884.50610755461
10295.1023922114
8624.42548855123
9083.05903270525
10538.705383277
300.000000000001
9790.09807071021
10928.8852154238
