4078.66908830592
4185.53056791326
3989.11649601469
4078.88565839018
4171.57787114972
3981.87326382835
4047.06475528225
4047.06465743499
4203.117905516
4185.53039238674
4185.53025490502
4078.94107869526
4047.06469219432
3996.90591473327
4078.60410332024
4171.57804720173
4078.40593038444
4078.49288740992
4185.53032390335
3379.67421817209
4078.88592817848
4185.53050060126
4097.25464488169
4203.11801862022
4203.11803656969
4116.35331583327
4203.11817440304
4203.11805465651
4185.53079662874
4200.16641587113
4078.39580310263
4078.38970335854
4203.11793733079
3981.8754995651
4232.94177393633
4185.5302716103
3379.67399773505
3989.11685472928
4078.38198405374
4047.06475945926
4077.50865426487
4078.46189954695
4185.5303067382
4185.53031045314
3379.67437014127
4056.96513317425
3994.98693947216
4185.53025736492
4127.95357265142
4078.37846839497
4047.06473820617
