682.355231557656
575.604359437526
541.256865567357
736.938908940657
632.332394593642
556.46865722315
482.338707095439
708.900259363594
752.302485308755
736.938908940657
556.468657207683
682.355231557656
682.355231557656
524.698126674862
524.698126658514
498.413390208088
556.46865720728
501.096147666929
736.938908940656
736.938908940657
736.938908940657
736.938908940657
772.701312762539
682.355231557656
708.900259363594
736.938908940657
772.701312762539
708.900259363594
736.938908940656
736.938908940656
569.287921715199
736.938908940656
682.355231557656
772.701312762539
736.938908940657
541.25686553993
488.497535284411
736.938908940656
556.468657192096
633.01505839021
682.355231557656
626.632460812056
736.938908940656
556.468657186581
541.256865567102
402.02918723086
520.486906006432
682.355231557656
556.468657223665
772.701312762539
772.701312762539
