9237.10327459975
9237.10165703008
9242.57599667496
9497.79066319254
9242.57584136867
8396.81089155504
9242.57584809072
7621.40612473495
5952.11859321499
9242.57584137152
6136.23659015345
9330.87301026239
9242.5758508517
9242.57584272065
9242.5758535378
9242.57585339203
9242.57585841909
9176.2611547282
9242.57585002597
9242.57638508427
9237.10407632242
8389.0342969369
9242.57586729916
9242.57586018598
9242.57584473088
8726.14304901478
9176.26117612271
9242.57603943445
9242.57632928323
9176.26115817453
9242.5758516305
9242.57583801639
9090.23931437913
9242.57588813191
9242.57585085469
9206.70368860002
9176.2611650647
8960.62995387813
9478.07147883794
9242.57584045061
9242.57585369786
8396.81089700561
9242.57585522158
9176.26115955409
9242.57586427279
9242.57584406591
9242.57585965108
9242.57584111279
9242.57586479437
8396.81088759155
8389.03428236145
