843269.708574478
753495.975516638
868818.260308465
840143.445225618
932587.165957259
884728.380635625
945407.818178618
718592.705026626
733658.540990452
780269.674102815
805418.337349728
791587.379994966
780899.954745932
802053.33416555
761459.274264031
989763.690025987
795929.774379808
1015829.25870072
775063.8952222
887550.400375115
828785.142574712
781113.084529789
845919.988248356
1017048.09602448
797492.494954672
912413.736514953
792240.863036957
844027.360412275
1084476.34659914
914029.669142134
883093.989524307
858422.556205324
990421.904425136
867725.331548433
1180626.4987773
1018625.3953059
892868.291273941
806441.360668144
884854.572900358
883126.103788029
894387.852365459
1123893.49032651
669882.956038101
1171230.87749969
852210.188930526
908264.15165312
916366.16357199
1185981.35871154
863289.924033946
913052.442434695
834679.897495631
