499.894682557757
548.259511611893
503.799263686099
488.127270961071
497.994254683739
485.957071777555
476.308190716235
488.956965325024
524.711571127013
478.538454933377
523.640744271408
480.559797363075
488.87210560693
509.012135231763
493.687185768842
490.329280919217
490.4959194937
505.735579612317
558.01648852967
527.642147434186
482.483978290628
522.681870642635
495.904676726117
491.238263114316
484.419010104842
513.884320810097
489.179941253064
476.479396900926
493.048251249284
484.018904770064
487.771664393552
482.614260359203
476.447243779282
508.872006670974
494.853426643167
483.434609013539
483.666986959215
495.396118286602
488.707912821222
601.519372463347
511.782793300737
502.240738432701
538.03329134196
470.832332684294
475.8451676567
488.295819379131
539.387628417021
499.198598756625
525.730030368668
507.614406931004
505.148150462546
