132.327659803074
132.327659803074
132.327659803074
132.327659803074
132.327659803074
132.327659803074
132.327659803074
132.327659803074
132.327659803074
123.373180660994
132.327659803074
132.327659803074
132.327659803074
132.327659803074
132.327659803074
132.327659803074
132.327659803074
132.327659803074
132.327659803074
132.327659803074
132.327659803074
132.327659803074
132.327659803074
132.327659803074
132.327659803074
132.327659803074
132.327659803074
132.327659803074
132.327659803074
132.327659803074
132.327659803074
132.327659803074
132.327659803074
132.327659803074
132.327659803074
132.327659803074
132.327659803074
132.327659803074
132.327659803074
132.327659803074
132.327659803074
132.327659803074
132.327659803074
132.327659803074
132.327659803074
132.327659803074
132.327659803074
132.327659803074
132.327659803074
132.327659803074
132.327659803074
