91697.729220941,92417.1160399288,91884.9652189567,91484.670090617,91040.3221787389,91412.4904889095,91886.2192377368,92285.0249984879,91407.170673091,91272.520227682,92453.5641215901,91337.1853204103,91337.5582647727,90819.5741631481,91012.0092219349,91454.662700332,91708.222470014,91860.7940524673,90976.3441128389,91965.0184470116,92456.9344130064,91865.5157727928,92009.3333551342,91397.0924142917,91950.6773093355,91508.6619658174,92107.3173152728,91797.5745754879,91781.3412981135,91401.6859457467,91964.508442893,92511.0710750467,91898.9691594184,90622.3163697182,91482.5665195815,92013.0837867236,91487.1266960543,91398.0864821736,90961.8224604425,92342.0100877991,92139.8949671513,91150.6407664414,92129.9826261302,91162.7205445428,90735.4841903721,91252.4099846113,91196.0446826039,92005.9124613531,91407.6575415658,91983.9624538624,91445.8940975587
79002.8771970529,81983.7908079349,82108.6124158717,80247.4434020992,81808.7016021253,77074.6291129434,78544.2149840101,81105.5545333806,82438.5871710544,82009.8550139476,84836.4690639354,73195.0921043164,78923.84047861,78228.6701406549,78626.8230659524,81693.8388888229,78057.1874606448,81667.3758881103,81420.1692303037,82538.4384688016,82813.2414932117,82587.2237917543,84217.1014060119,80761.249457116,83198.6379786243,80622.2470323144,82298.650054306,80210.1393897522,83190.7127876662,80022.2107636117,82227.0710187372,83450.0789442987,83070.4691783539,78955.383511952,80445.6580498189,83544.8984315365,82916.0683934324,81200.1370776022,80396.1462949972,84043.213171968,83695.0767444914,82710.0394747195,79400.0408859426,80122.160984116,72795.4399626679,80624.523352114,78990.9665279604,84680.4384483214,84456.468984782,85047.0664204779,78842.2794644867
44807.7263192888,39027.0460236063,43668.1877715831,41180.7034193422,52388.8060655857,30870.9489510864,41308.5269422901,38802.1020381909,59385.4684447526,48899.0850873938,61270.3279587699,32224.3449515855,51221.6927154119,42358.869837514,31006.790423717,47435.9802871152,49975.5075479066,47362.7788068859,49055.8312989595,52633.1194178193,51960.496592065,55678.147351695,56460.9170994842,40313.74512652,57344.6984382619,46180.3741354452,39723.2829223153,46825.479680334,46251.3220642048,39147.3957665894,58672.670515352,42928.5260034872,45143.7609996433,38246.3710234599,45042.1133611559,53827.3177561769,44379.3393097076,44993.5170546362,51162.1511200051,55295.791383055,61363.8931216126,53254.1555778274,48624.4170440155,49434.6484242144,29874.1680052587,43055.0762086092,48901.989652715,56591.4736371008,61043.1188776052,59855.1016401515,36204.8373876244
12629.0233238341,10483.3308553659,11260.8473294572,14908.936614671,13795.7847466762,11397.7327603767,14388.5368934679,10915.4465351092,15490.7495663484,12881.711399961,16750.0929031251,12925.1199853989,14924.2882342541,11309.137165296,10712.817090298,15191.5018544516,13685.5891067903,14008.8649189662,13491.8037046099,16702.8597455545,18104.5645878888,15116.7247473281,14766.5378143894,18377.8535906748,17322.5653735012,14790.9550688735,13356.4997090974,10395.3850225351,6558.14135978107,11124.8090899677,14205.0346402854,9731.23052257357,15133.2899991602,7375.51455366021,14462.680567372,15269.6643653105,16699.096158529,12917.8681916031,13399.0396485274,17115.5337336478,13764.1285331886,16251.2978410009,15636.9093510592,14739.1040649886,7030.99469428359,12126.4852638609,13268.9787050806,10689.931297056,14466.2780035063,13298.3367918355,10559.0281279983
0.262517030841423,0.302342951934349,0.192929376003633,0.48347972648628,0.345325349945881,0.611262999106884,2.05612081430741,0.0224286687880522,0.938153380878134,0.0459046728307726,0.173552535596912,1.43346308221703,0.217899522160849,0.17303168508414,0.371477709993258,0.678171272483041,0.228771954446131,0.275250966782323,0.409655701174131,0.205450412557695,1.91028848320025,0.596459912293938,0.181372859131727,1.67886593495183,5.65427783918364,2.19320854983386,0.790389164995361,0.254817157126979,0.0421420985564964,0.0229433859574897,0.167513814272525,0.2093369711842,0.615699300978577,0.187462055309595,0.158513444119137,1.55026153045935,2.33495454345712,0.173452182697588,0.179235005830947,0.475894533491328,0.293048241738745,0.563305524138912,0.316858348643734,0.203932696325012,0.0618521709175184,0.0937874762509523,1.08604225466121,0.0776082591521572,0.176868201266416,0.82959923016756,2.39045954379384
5.6843418860808e-14,5.6843418860808e-14,5.6843418860808e-14,5.6843418860808e-14,5.6843418860808e-14,1.13686837721616e-13,5.6843418860808e-14,5.6843418860808e-14,0,5.6843418860808e-14,0,5.11590769747272e-13,5.6843418860808e-14,0,5.6843418860808e-14,5.6843418860808e-14,5.6843418860808e-14,5.6843418860808e-14,0,5.6843418860808e-14,5.6843418860808e-14,5.6843418860808e-14,1.13686837721616e-13,5.6843418860808e-14,5.6843418860808e-14,0,5.6843418860808e-14,0,0,5.6843418860808e-14,5.6843418860808e-14,0,5.6843418860808e-14,0,5.6843418860808e-14,5.6843418860808e-14,5.6843418860808e-13,1.13686837721616e-13,5.6843418860808e-14,5.6843418860808e-14,0,5.6843418860808e-14,5.6843418860808e-14,5.6843418860808e-14,5.6843418860808e-14,5.6843418860808e-14,5.6843418860808e-14,5.6843418860808e-14,5.6843418860808e-14,2.8421709430404e-13,5.6843418860808e-14
0,0,0,0,0,0,0,0,0,0,0,0,0,0,0,0,0,0,0,0,0,0,0,0,0,0,0,0,0,0,0,0,0,0,0,0,0,0,5.6843418860808e-14,0,0,0,0,0,0,0,0,0,0,0,0
0,0,0,0,0,0,0,0,0,0,0,0,0,0,0,0,0,0,0,0,0,0,0,0,0,0,0,0,0,0,0,0,0,0,0,0,0,0,0,0,0,0,0,0,0,0,0,0,0,0,0
0,0,0,0,0,0,0,0,0,0,0,0,0,0,0,0,0,0,0,0,0,0,0,0,0,0,0,0,0,0,0,0,0,0,0,0,0,0,0,0,0,0,0,0,0,0,0,0,0,0,0
0,0,0,0,0,0,0,0,0,0,0,0,0,0,0,0,0,0,0,0,0,0,0,0,0,0,0,0,0,0,0,0,0,0,0,0,0,0,0,0,0,0,0,0,0,0,0,0,0,0,0
0,0,0,0,0,0,0,0,0,0,0,0,0,0,0,0,0,0,0,0,0,0,0,0,0,0,0,0,0,0,0,0,0,0,0,0,0,0,0,0,0,0,0,0,0,0,0,0,0,0,0
0,0,0,0,0,0,0,0,0,0,0,0,0,0,0,0,0,0,0,0,0,0,0,0,0,0,0,0,0,0,0,0,0,0,0,0,0,0,0,0,0,0,0,0,0,0,0,0,0,0,0
0,0,0,0,0,0,0,0,0,0,0,0,0,0,0,0,0,0,0,0,0,0,0,0,0,0,0,0,0,0,0,0,0,0,0,0,0,0,0,0,0,0,0,0,0,0,0,0,0,0,0
0,0,0,0,0,0,0,0,0,0,0,0,0,0,0,0,0,0,0,0,0,0,0,0,0,0,0,0,0,0,0,0,0,0,0,0,0,0,0,0,0,0,0,0,0,0,0,0,0,0,0
