2746.25380114493,2521.27778049447,1931.39239436408,3152.37429526642,1941.25098235065,2818.01714004978,2900.59531289096,1906.87407882286,2429.8207016918,2908.55163435504,3459.00634638417,2278.8016323003,3270.75773276174,4656.41728939634,3095.3979993904,3504.80700488054,3387.69968920516,4364.2655096312,1439.81061491866,2636.12486864494,3408.12362225349,2605.83017965751,3505.56055749967,3734.95516786501,2696.33306186553,1880.55198662642,2155.23048597872,1999.42912722538,2325.50850573927,2377.4833879538,2523.76344228452,4270.06925229156,3235.60355561497,3522.38745207036,1856.7243604493,2135.99469689495,4177.8555053371,3860.45076181695,4535.63943999646,3209.4688476929,2223.4350163898,4202.06718918995,2586.0811767063,3863.04904348582,2267.61441676293,4606.01231154337,2684.40217178573,4745.75836394345,2275.60834428175,4242.28596716301,1501.0401802686
0.154426804840568,0.279031448957312,0.105286689670947,0.508272805883053,0.153171015251473,0.290251784209659,0.638420322659613,0.0987307388541012,0.203946181935407,1.87894550280112,1.23004322909469,0.143447100217145,0.682639070832693,0.139333728097654,0.21243688110826,0.204710294403867,0.577356365197147,0.455031426132791,0.0922259962053431,1.3287064121987,0.217016320433913,0.0994643755702782,2.21650019965409,0.181063884902187,0.356969668514466,0.0779714055299792,0.169986640702746,0.568879275743029,0.183568593820382,0.341092616702781,0.112039817277946,3.69277874136196,0.939365290699243,3.48725720906509,0.127953047691335,0.108185088755363,0.671838817758726,0.456304288378533,0.173370103749903,1.07556722463301,0.214167549009744,2.55266339019204,0.101426661115966,0.20885213188194,0.607097466366213,0.29880699768546,0.100838724742289,0.769932663265308,0.123187468263495,0.206489894741935,0.0783397544762465
7.24973476735613e-05,0.000129854949818764,5.32941066921921e-06,0.000458664700317968,0.000115096764147893,0.000305254854765735,0.000760900798468356,6.47656861474388e-06,8.34348020362086e-06,0.00178521289217315,0.00295527460684752,8.05422314442694e-06,0.000458955847307152,1.25672045214742e-05,7.45588522477192e-06,1.21728292015177e-05,0.000591999211337679,0.00023276532692762,6.74423336022301e-06,0.00320537126685849,1.66679735684738e-05,7.2375066793029e-06,0.000253096292453847,1.39484691317193e-05,0.0012648664221615,5.73996862840431e-06,1.4733000398337e-05,0.000553113149635465,1.92070099274133e-05,0.000863598387468301,5.49274750483164e-06,0.00140405952652145,0.00169304158976047,0.00133302521612677,6.38354526927287e-06,6.37742982689815e-06,0.000653790840942747,0.000254713587537481,1.23886882192892e-05,0.000897813899200628,7.99171448306879e-05,0.00398145975032094,5.75967169424985e-06,1.35383108954557e-05,0.000188889588343955,1.15207983526489e-05,1.35871157453948e-05,0.000368473028629523,8.05917466095707e-06,7.29563794266141e-06,5.37091364094522e-06
1.30285116028972e-10,1.83035808731802e-10,0,1.22099663713016e-10,9.54969436861575e-12,2.84444467979483e-10,1.35037225845736e-09,2.27373675443232e-13,2.27373675443232e-13,1.07411324279383e-08,1.1292968338239e-08,2.27373675443232e-13,1.01044861366972e-09,2.27373675443232e-13,2.27373675443232e-13,2.27373675443232e-13,1.44154910231009e-10,1.33240973809734e-10,2.27373675443232e-13,8.34006641525775e-09,2.27373675443232e-13,2.27373675443232e-13,1.32558852783404e-10,2.27373675443232e-13,3.85034581995569e-09,2.27373675443232e-13,1.29602995002642e-11,1.26055965665728e-09,5.18411980010569e-11,1.03909769677557e-09,2.27373675443232e-13,5.81849235459231e-10,1.50373580254382e-08,8.62542037793901e-09,2.27373675443232e-13,2.27373675443232e-13,5.10226527694613e-10,1.76669345819391e-10,2.27373675443232e-13,4.69299266114831e-09,4.7975845518522e-11,2.09599875233835e-08,0,0,9.7361407824792e-10,2.27373675443232e-13,2.72848410531878e-12,6.12089934293181e-10,2.27373675443232e-13,2.27373675443232e-13,2.27373675443232e-13
0,0,0,0,0,0,0,0,2.27373675443232e-13,2.27373675443232e-13,2.27373675443232e-13,0,0,0,0,0,0,0,0,0,0,2.27373675443232e-13,0,0,0,0,0,0,2.27373675443232e-13,0,0,0,0,0,0,0,0,0,0,0,0,0,0,0,0,0,0,0,0,0,0
0,0,0,0,0,0,0,0,0,0,0,0,0,0,0,0,0,0,0,0,0,0,0,0,0,0,0,0,0,0,0,0,0,0,0,0,0,0,0,0,0,0,0,0,0,0,0,0,0,0,0
0,0,0,0,0,0,0,0,0,0,0,0,0,0,0,0,0,0,0,0,0,0,0,0,0,0,0,0,0,0,0,0,0,0,0,0,0,0,0,0,0,0,0,0,0,0,0,0,0,0,0
0,0,0,0,0,0,0,0,0,0,0,0,0,0,0,0,0,0,0,0,0,0,0,0,0,0,0,0,0,0,0,0,0,0,0,0,0,0,0,0,0,0,0,0,0,0,0,0,0,0,0
0,0,0,0,0,0,0,0,0,0,0,0,0,0,0,0,0,0,0,0,0,0,0,0,0,0,0,0,0,0,0,0,0,0,0,0,0,0,0,0,0,0,0,0,0,0,0,0,0,0,0
0,0,0,0,0,0,0,0,0,0,0,0,0,0,0,0,0,0,0,0,0,0,0,0,0,0,0,0,0,0,0,0,0,0,0,0,0,0,0,0,0,0,0,0,0,0,0,0,0,0,0
0,0,0,0,0,0,0,0,0,0,0,0,0,0,0,0,0,0,0,0,0,0,0,0,0,0,0,0,0,0,0,0,0,0,0,0,0,0,0,0,0,0,0,0,0,0,0,0,0,0,0
0,0,0,0,0,0,0,0,0,0,0,0,0,0,0,0,0,0,0,0,0,0,0,0,0,0,0,0,0,0,0,0,0,0,0,0,0,0,0,0,0,0,0,0,0,0,0,0,0,0,0
0,0,0,0,0,0,0,0,0,0,0,0,0,0,0,0,0,0,0,0,0,0,0,0,0,0,0,0,0,0,0,0,0,0,0,0,0,0,0,0,0,0,0,0,0,0,0,0,0,0,0
0,0,0,0,0,0,0,0,0,0,0,0,0,0,0,0,0,0,0,0,0,0,0,0,0,0,0,0,0,0,0,0,0,0,0,0,0,0,0,0,0,0,0,0,0,0,0,0,0,0,0
