13392325.1075558,12178494.2174495,8383198.1172836,20872470.0462126,13932743.5332418,12451912.506821,13380594.9363045,11192457.7072147,13346106.1502128,11787018.5319472,12312166.086012,13766972.8442171,12757342.5069434,9534278.97019833,10716379.3830197,10352732.6901398,14741331.3414843,10681199.3251017,11184227.6555554,9777881.00346047,15020608.7762608,15083651.9760753,13178685.4478554,15425276.4017796,8811024.84476207,9589552.00729591,11723201.2170823,9595407.01437279,9086683.08634847,11016529.4930724,20536547.6427118,10504287.0824858,13332422.1563138,9817478.52123037,14965230.2848128,7448720.65897935,11121760.1347445,9497263.42565095,13083261.7023118,15215056.3611031,22872075.7661344,13384585.7626446,12824309.0251965,11607969.3632911,10543271.5626682,12291201.9545243,10358558.8793812,10862640.9300137,9005112.44615531,8255746.13077537,10927397.9303017
5966167.45968003,4789725.69179606,2187734.81909552,1361025.33659851,6405469.53936806,4724912.59381488,3780439.3661608,1979878.37624746,3776553.877391,4203956.87266503,4335978.62845026,2091899.19930035,3550353.06988884,3736610.5259811,2468254.84600396,5988186.67554313,3503044.66908492,2137666.10497479,2768269.14484125,4665175.14702013,6382225.91150476,5099343.40518345,3846074.58193576,4113290.03151865,3869635.47871845,3218122.51420474,2660065.51150053,4383489.81060373,3056820.4519689,4739614.92274377,4237055.96173212,4175898.78927535,4439377.75747031,3320604.78101604,7597889.56749578,3284310.83443272,3618895.65552224,5024030.99818084,3028411.5405514,2809850.95372202,4038781.55280037,4661936.41120133,4823800.46696033,5624872.70304129,5743130.09958937,4357790.07549625,847663.690324174,3874032.29611457,4857204.95039212,3816904.98595322,2603545.90496083
846000.022063391,73227.9694685628,117081.689306584,36122.3022196244,383342.851715018,112992.443174654,53626.6425530026,45165.500515004,378841.461320292,29813.3630637737,1292435.2497754,145259.112845076,350754.213827491,532971.022060832,40736.5498647189,642754.568845118,639779.922897881,66288.2428032791,162190.334270255,398937.037721977,1478957.69734925,112514.075198567,163551.055091299,416183.049990275,289668.772788269,1100169.29738552,104128.453992895,240627.338280599,290047.016214623,2037960.51869724,1136479.14661125,297821.245654143,234161.483605122,47089.2094074177,1470567.93880915,385155.738044281,266684.332905621,131124.567498925,205849.216743317,111809.419794444,97857.1675654043,198362.238723068,442645.751090759,1329654.41160678,909195.424753497,797270.461102516,36935.2720388513,963193.907442994,807265.429183197,358009.582403868,24708.347615757
2108.60540657877,1351.52596212648,195.32835483617,20174.1312232892,17518.5136181835,5112.86943480368,30142.1789179193,5504.1098245385,14359.2072767215,479.499215515897,2369.51727352076,7785.00858379818,2508.58135090222,8872.41395910261,8531.89541480627,13296.9232126935,9315.52729803531,6369.26312153299,5682.32379354127,1929.38284335892,17808.7219078387,1742.89832164128,3784.16122948135,28947.9753535931,16190.7068135883,9964.54413114257,2772.68127453367,8954.27221839772,1143.5648323872,58262.8590418832,3464.97715153867,4757.32919959933,14818.3989759833,1843.25484379165,4825.87846783243,16871.4133476421,19504.5261515109,9720.53007335174,17204.3839748962,5125.00820892938,16473.3612845833,14848.3148078092,9340.95994806564,4820.12197295877,12393.5882876856,9749.77502601491,4194.92924248291,3501.51317907785,9162.20058352837,12774.2115193401,1621.14925101846
0.0895268794656658,0.62626782002053,0.0100094954771066,0.355084568983557,0.000509235072968295,0.000406591118007782,0.265212774946804,66.869039139855,0.611320873632621,2.19408866541926e-06,0.17185272693655,0.00108051916345175,29.3090077043876,297.44306885212,8.7643920987764,1.32038420682261,0.111144014435467,0.517789525418721,2.41816992905751,0.000392978649415454,0.0567314380264179,0.0591659125943806,2.5384526291748,7.99350418674294e-05,0.0680509245580652,1.49658998801419,0.381394061021865,38.9228453659209,0.169448752019207,0.409720831228242,0.000864543780153326,0.291744172371182,0.000218134405031378,8.29477357910946e-08,4.84144483386308,0.00109201910845513,5.49430942159233,0.000560482737228085,0.000763821632290274,0.000363762490223962,8.30923162478916,0.00643895320376942,1.58643558427548,0.092204656441254,6.98199755788664e-07,0.0172184563036808,9.10631938728102,0.232408246424257,7.67327912853943e-05,13.2245890261263,0.0985229426773913
0,0,0,0,0,0,0,0,0,0,0,0,0,0,0,0,0,0,0,0,0,0,0,0,0,0,0,0,0,0,0,0,0,0,0,0,0,0,0,0,0,0,0,0,0,0,0,0,0,0,0
0,0,0,0,0,0,0,0,0,0,0,0,0,0,0,0,0,0,0,0,0,0,0,0,0,0,0,0,0,0,0,0,0,0,0,0,0,0,0,0,0,0,0,0,0,0,0,0,0,0,0
0,0,0,0,0,0,0,0,0,0,0,0,0,0,0,0,0,0,0,0,0,0,0,0,0,0,0,0,0,0,0,0,0,0,0,0,0,0,0,0,0,0,0,0,0,0,0,0,0,0,0
0,0,0,0,0,0,0,0,0,0,0,0,0,0,0,0,0,0,0,0,0,0,0,0,0,0,0,0,0,0,0,0,0,0,0,0,0,0,0,0,0,0,0,0,0,0,0,0,0,0,0
0,0,0,0,0,0,0,0,0,0,0,0,0,0,0,0,0,0,0,0,0,0,0,0,0,0,0,0,0,0,0,0,0,0,0,0,0,0,0,0,0,0,0,0,0,0,0,0,0,0,0
0,0,0,0,0,0,0,0,0,0,0,0,0,0,0,0,0,0,0,0,0,0,0,0,0,0,0,0,0,0,0,0,0,0,0,0,0,0,0,0,0,0,0,0,0,0,0,0,0,0,0
0,0,0,0,0,0,0,0,0,0,0,0,0,0,0,0,0,0,0,0,0,0,0,0,0,0,0,0,0,0,0,0,0,0,0,0,0,0,0,0,0,0,0,0,0,0,0,0,0,0,0
0,0,0,0,0,0,0,0,0,0,0,0,0,0,0,0,0,0,0,0,0,0,0,0,0,0,0,0,0,0,0,0,0,0,0,0,0,0,0,0,0,0,0,0,0,0,0,0,0,0,0
0,0,0,0,0,0,0,0,0,0,0,0,0,0,0,0,0,0,0,0,0,0,0,0,0,0,0,0,0,0,0,0,0,0,0,0,0,0,0,0,0,0,0,0,0,0,0,0,0,0,0
