758.690568686617,646.350489906878,691.184723457367,627.637814204958,718.944693205271,731.121818227261,630.150776103205,680.798705737674,664.84698957935,690.00596702337,683.648667196325,677.040087050926,701.043937689404,738.080195879551,688.051991668293,671.992937326958,633.057723963704,730.874725785523,742.454109378545,707.944249942143,746.993439047681,681.521919181941,657.247050662834,639.761509804637,713.025388430284,761.057885413074,674.562447606295,656.404999765843,710.293518099958,702.948537542938,662.379801481632,764.475039862175,596.796593312549,717.064528585154,644.905264500393,718.707955605516,697.091675811052,611.387758447001,711.710866980999,751.817599993589,637.482683250142,671.564464914042,639.576263811663,748.214278629393,687.555256815227,752.794162238582,673.802206623698,691.33431988685,617.13752532373,612.203588827627,686.543606155109
410.019871837061,411.624578801129,415.955760263288,406.584125135865,410.379959968648,407.958672633649,411.824154846387,413.630096841226,412.684393577545,416.031264360682,410.318243123767,410.207433913765,407.719602086182,410.325702173796,406.997826352477,408.676935064298,407.566196369528,409.57286861113,409.823592438866,412.983547494338,415.758798550689,412.943040868879,417.833503837199,406.911014325045,418.408536361437,409.644664225796,406.779679446405,411.731087209003,414.527593736553,422.38003191828,413.624159333037,412.160332193972,409.702582382145,425.401918799641,407.761388771763,410.826264375543,405.508063614578,410.01360715712,407.883422515735,410.962006479413,410.043033739352,414.079277921658,406.006073035151,413.516511600232,413.228517582057,414.111787976132,407.496915486693,407.292196400136,405.583162924432,406.561484486591,416.065041265027
400.779561138494,400.822453996581,400.729604799753,400.43547008983,400.562346938254,400.615832825041,400.468918908704,400.596976733042,400.703823578817,400.860208624887,400.506643785047,400.460080690026,400.515556698361,400.576402860119,400.623912510238,400.474457784069,400.340485975773,400.366963361715,400.933327366948,400.781328530191,400.971241024176,400.546985043698,400.932616434831,400.470475259798,400.717810544781,400.708813636496,400.590402327803,400.570879769289,400.844199952541,401.180791457551,401.202797578911,400.681465816318,400.346597659237,401.399770716863,400.375681817131,400.847540076476,400.397892647103,400.488791935072,400.456280700504,400.367515572516,400.509946520454,400.977086625095,400.387304407245,400.940132602152,401.010203816351,401.268565566491,400.582787180736,400.502337601843,400.430746330639,400.370681305782,401.130503707361
400.004319527149,400.004001916389,400.003566985686,400.001517290907,400.002569868276,400.003187484611,400.001737156555,400.002013119691,400.003185684549,400.004766329924,400.00201233354,400.003554481802,400.001102452639,400.001818037256,400.001822547899,400.002388091327,400.001468312268,400.002982492324,400.003954108572,400.005230280715,400.003850444157,400.001567325972,400.00521869448,400.00225013408,400.00405242382,400.00215427932,400.001951584929,400.00277438706,400.004887493138,400.005793565632,400.006193681498,400.001497704378,400.001023283065,400.005765339603,400.001736903811,400.005105721602,400.002222055294,400.001227567073,400.002881240165,400.001942073743,400.004129025702,400.004023033236,400.00129922555,400.005178988264,400.004493434047,400.004731972102,400.002323546963,400.001558122853,400.001919939319,400.001895717155,400.004575703087
400.00000001183,400.0000000044,400.000000008405,400.000000001272,400.000000002336,400.000000005171,400.000000001809,400.000000005336,400.000000006496,400.000000013134,400.000000001659,400.000000006827,400.000000002498,400.000000002244,400.000000004979,400.000000002415,400.000000001426,400.00000000916,400.000000005707,400.000000013441,400.000000007414,400.000000002259,400.000000003824,400.000000004137,400.000000005831,400.000000003347,400.000000002156,400.000000005642,400.00000000502,400.000000009803,400.000000009478,400.000000002156,400.000000000529,400.00000000721,400.000000001869,400.000000017881,400.000000002966,400.000000001282,400.000000002387,400.00000000303,400.00000000663,400.000000006316,400.00000000151,400.000000008053,400.000000007483,400.000000007681,400.000000008631,400.000000001502,400.000000003001,400.000000003871,400.000000006104
400,400,400,400,400,400,400,400,400,400,400,400,400,400,400,400,400,400,400,400,400,400,400,400,400,400,400,400,400,400,400,400,400,400,400,400,400,400,400,400,400,400,400,400,400,400,400,400,400,400,400
400,400,400,400,400,400,400,400,400,400,400,400,400,400,400,400,400,400,400,400,400,400,400,400,400,400,400,400,400,400,400,400,400,400,400,400,400,400,400,400,400,400,400,400,400,400,400,400,400,400,400
400,400,400,400,400,400,400,400,400,400,400,400,400,400,400,400,400,400,400,400,400,400,400,400,400,400,400,400,400,400,400,400,400,400,400,400,400,400,400,400,400,400,400,400,400,400,400,400,400,400,400
400,400,400,400,400,400,400,400,400,400,400,400,400,400,400,400,400,400,400,400,400,400,400,400,400,400,400,400,400,400,400,400,400,400,400,400,400,400,400,400,400,400,400,400,400,400,400,400,400,400,400
400,400,400,400,400,400,400,400,400,400,400,400,400,400,400,400,400,400,400,400,400,400,400,400,400,400,400,400,400,400,400,400,400,400,400,400,400,400,400,400,400,400,400,400,400,400,400,400,400,400,400
400,400,400,400,400,400,400,400,400,400,400,400,400,400,400,400,400,400,400,400,400,400,400,400,400,400,400,400,400,400,400,400,400,400,400,400,400,400,400,400,400,400,400,400,400,400,400,400,400,400,400
400,400,400,400,400,400,400,400,400,400,400,400,400,400,400,400,400,400,400,400,400,400,400,400,400,400,400,400,400,400,400,400,400,400,400,400,400,400,400,400,400,400,400,400,400,400,400,400,400,400,400
400,400,400,400,400,400,400,400,400,400,400,400,400,400,400,400,400,400,400,400,400,400,400,400,400,400,400,400,400,400,400,400,400,400,400,400,400,400,400,400,400,400,400,400,400,400,400,400,400,400,400
400,400,400,400,400,400,400,400,400,400,400,400,400,400,400,400,400,400,400,400,400,400,400,400,400,400,400,400,400,400,400,400,400,400,400,400,400,400,400,400,400,400,400,400,400,400,400,400,400,400,400
