70022.647388164,69589.3631952478,69751.5714742891,68838.7578665785,69786.8798677508,69296.0752832253,69660.5821202319,69932.3829114034,69889.9007512342,69783.1853064819,69465.1039763172,69154.6220611721,69144.1901514158,69879.8071716063,69712.0701355365,69385.6588046351,69443.0408381719,69117.5269059309,70038.6692892074,69521.2256520949,69509.72333897,69454.9913245686,69236.5653983932,69266.1360056436,69928.3985022154,69635.527469759,69427.314894402,69455.3412124636,69676.0806055037,69142.6900784544,69602.8600796474,69477.7187233269,69646.8940450561,69650.5812019809,69389.7487372595,69700.2876942576,69951.5355656705,69652.3208590728,69724.5046201136,69215.2818646399,69413.4296042103,69776.5212930457,69699.9367948378,69400.4914189621,69025.5294433459,69989.9423967451,69464.8178203602,69608.2986186858,70148.9774112857,69735.9478672962,69751.9729889202
68958.3370528356,68082.3439357373,68831.130561642,68364.3047011122,68861.7506815496,68818.4336493858,69571.3928813275,69137.9457690737,68632.991256208,69755.9699028459,69465.1039763172,68431.5691196401,69144.1901514158,69234.2635275467,69057.5899782299,68648.1686806068,69280.003100076,68788.0998763632,69013.0462409821,68664.6418190631,69336.4224670852,68994.3189505059,68947.0082091141,68857.9096424115,68521.5405916683,68474.4944650754,69174.7050422392,69293.0566339856,69041.4597536957,68731.9457257762,69354.4475815766,68724.7636355835,68978.1084324595,68646.8005711726,68700.2060441315,68829.7894379648,68797.5226319688,69181.8718924113,68785.5865778984,68753.6231652994,69413.4296042103,69554.0888478502,68811.0920568511,69063.1360123667,68155.7530077017,69377.0951333871,69130.3596025391,69307.783515051,68744.310879656,67904.8831087214,69060.6006101751
46424.1295787325,43566.9889854171,54954.3507092814,53860.1369369791,50884.0115903877,51549.2815381683,58510.369779885,50666.6503305409,47577.1533582491,50566.6100774287,53352.2606631099,41182.8568314681,55442.0881388298,50454.7605935834,51688.7107521241,35647.069119708,56184.3831006509,54521.7181632486,50772.1248037838,40146.3286931694,53973.1031720221,55729.3357557913,49281.777774509,59134.1534745442,35626.2898421204,40450.2176097152,51049.0571187911,57798.1660132056,46200.4349676064,59037.0848456,54397.7075390891,55477.2782377576,51011.7015070977,44929.0193762056,46321.1373177884,50680.1057953109,54816.2815063117,56438.4550213011,49079.4792036729,60833.1858520679,54777.4570182697,53757.5990602085,58476.7296020518,44177.9356914384,56562.8270434179,48399.2581784998,55334.1273324098,54391.3623448341,50034.5418098488,47166.3923218299,52830.8594784725
12089.5729986275,18122.6358691603,21759.8471069815,24106.5692591653,13961.7954434664,19150.4701739804,13528.0244086778,14961.8288156912,20346.7689055345,23855.2913068344,11544.4788338489,10314.8490425503,24303.6327725549,14881.8374731666,20862.3541271556,13568.8433512366,18243.5500598105,17337.788214929,13286.122042615,20191.8430148268,15957.9602681583,16259.9398227208,14234.6120071811,19052.6269935969,18511.6087047005,13931.0002456226,10459.3527205067,24422.8978631342,19693.6606904668,25951.9569066483,13541.6669458643,21506.9247450248,14574.2055171299,13552.1507951545,14310.7633468619,15477.9750416001,13374.1574063421,13784.9866619344,19196.1841294502,21830.5049606692,15144.4726452041,16559.1861378492,17736.6475008314,17100.4068801639,17280.7329589594,18150.1698199601,19880.4062060777,12901.6477031952,25585.0487176565,17080.1364150985,9656.20035630164
2.15568929209326,9162.9343248566,186.050156571451,214.58132725811,6.46340614588507,13.311928203145,17.4916119801817,14.3269944314234,12980.9169748662,353.077171186817,13.5267877411122,1513.02729389297,58.7459678813107,10.3960165731758,28.3149230091544,25.5111466515912,3.18224283730001,284.446120257739,19.4878847376765,15.8651006981534,262.22870214151,10.8486754347953,110.565448646947,17.7020481767586,9323.82798933856,6.60112171410492,31.0337377241094,15.3320374675679,7.63418527894441,68.2180584988619,160.8441257456,6.03432573765099,2.00659691754845,16.1255423993614,2016.72755804786,128.637908046804,4.75498235523855,2079.08767974278,51.7983342596042,9834.75311196583,30.283068819479,14.231799173531,31.0574693401034,6211.25376844974,11.5717521549552,27.8203671742124,7.67812157142293,17.2967540276361,334.5260642484,17.2907616033856,0.94497530051126
0,2.27373675443232e-13,2.27373675443232e-13,2.27373675443232e-13,0,2.27373675443232e-13,2.27373675443232e-13,0,2.27373675443232e-13,2.27373675443232e-13,0,4.54747350886464e-13,2.27373675443232e-13,2.27373675443232e-13,2.27373675443232e-13,2.27373675443232e-13,0,0,0,2.27373675443232e-13,2.27373675443232e-13,0,2.27373675443232e-13,2.27373675443232e-13,2.27373675443232e-13,2.27373675443232e-13,2.27373675443232e-13,2.27373675443232e-13,2.27373675443232e-13,2.27373675443232e-13,2.27373675443232e-13,0,2.27373675443232e-13,0,0,2.27373675443232e-13,2.27373675443232e-13,2.27373675443232e-13,2.27373675443232e-13,2.27373675443232e-13,0,2.27373675443232e-13,0,4.54747350886464e-13,0,2.27373675443232e-13,0,0,2.27373675443232e-13,0,0
0,0,0,0,0,0,0,0,0,0,0,0,0,0,0,0,0,0,0,0,0,0,0,0,0,0,0,0,0,0,0,0,0,0,0,0,0,0,0,0,0,0,0,0,0,0,0,0,0,0,0
0,0,0,0,0,0,0,0,0,0,0,0,0,0,0,0,0,0,0,0,0,0,0,0,0,0,0,0,0,0,0,0,0,0,0,0,0,0,0,0,0,0,0,0,0,0,0,0,0,0,0
0,0,0,0,0,0,0,0,0,0,0,0,0,0,0,0,0,0,0,0,0,0,0,0,0,0,0,0,0,0,0,0,0,0,0,0,0,0,0,0,0,0,0,0,0,0,0,0,0,0,0
0,0,0,0,0,0,0,0,0,0,0,0,0,0,0,0,0,0,0,0,0,0,0,0,0,0,0,0,0,0,0,0,0,0,0,0,0,0,0,0,0,0,0,0,0,0,0,0,0,0,0
0,0,0,0,0,0,0,0,0,0,0,0,0,0,0,0,0,0,0,0,0,0,0,0,0,0,0,0,0,0,0,0,0,0,0,0,0,0,0,0,0,0,0,0,0,0,0,0,0,0,0
0,0,0,0,0,0,0,0,0,0,0,0,0,0,0,0,0,0,0,0,0,0,0,0,0,0,0,0,0,0,0,0,0,0,0,0,0,0,0,0,0,0,0,0,0,0,0,0,0,0,0
0,0,0,0,0,0,0,0,0,0,0,0,0,0,0,0,0,0,0,0,0,0,0,0,0,0,0,0,0,0,0,0,0,0,0,0,0,0,0,0,0,0,0,0,0,0,0,0,0,0,0
0,0,0,0,0,0,0,0,0,0,0,0,0,0,0,0,0,0,0,0,0,0,0,0,0,0,0,0,0,0,0,0,0,0,0,0,0,0,0,0,0,0,0,0,0,0,0,0,0,0,0
