0.0295521836928856
0.162644015356022
0.0615484601423759
0.0862617159564252
0.152396715859823
0.244020198797443
0.100989855977332
0.0984381471992037
0.0517649050775617
0.0295472820089344
0.0936455395354869
0.128152122402525
0.0737983654814798
0.13301312526869
0.219255258482463
0.0123209888752172
0.0418462211134738
0.0491564648648364
0.0295620278654951
0.00739604033424257
0.295743380788736
0.0885928554931752
0.0862298547820046
0.0492520235787879
0.0418462211134738
0.137869755709971
0.0123209888752172
0.0467956890794312
0.0615140781694663
0.0639487108148842
0.0936504340336342
0.0271056928247617
0.364487547425824
0.100796541218529
0.0836873974867558
0.130549680031208
0.0985261761150014
0.0862100907681906
0.068897811562465
0.0295521836928856
0.00985728460784685
0.162452259510701
0.0763085544080013
0.130426927606209
0.120594188341101
0.00986467206098496
0.202053469757175
0.0221856608573034
0.0197194892482457
0.157571782129821
0.135334737259882
