0.0320454164352668
0.0861634502296056
0.0295546698239377
0.0616246385291106
0.0862592631367534
0.049281516193787
0.0246444486946302
0.0246370610601616
0.204581085076256
0.0295767736135986
0
0.0862617159564252
0.00739604033412888
0.150303330903171
0.0320060694987205
0.0271007838030073
0.0911350129223365
0.187367218533154
0.0443664048184473
0.0221856608573034
0.0147724077228304
0.0221856608573034
0.0320061103852822
0.21440409250431
0.0123209888751035
0.0517649050775617
0.0123209888751035
0.0246370610601616
0.0542089135642527
0.00985728460784685
0.00986467206098496
0.0936774412159593
0.0838250922377028
0.0517599667412014
0
0.0246370610601616
0.0443664048184473
0.0197194892482457
0.128233348125946
0
0.0197194892482457
0.0838250922377028
0.123244389664023
0.0196899980048784
0.0246370610601616
0.152833568972483
0.00739604033412888
0.0221856608573034
0.317919110081903
0.00739604033412888
0.0591781770551734
