959.111682711444
950.157203569363
914.343330861439
923.297810003519
923.297810003519
950.157203569363
959.111682711444
962.096554844904
923.297810003519
945.18243351843
932.2522891456
950.157203569363
950.157203569363
941.202724427282
959.111682711444
950.157203569363
945.18243351843
954.136912660511
950.157203569363
945.18243351843
959.111682711444
950.157203569363
959.111682711444
945.18243351843
945.18243351843
917.3282029949
946.177392575523
950.157203569363
927.277519094667
923.297810003519
950.157203569363
921.307912086047
949.16224451227
932.2522891456
945.18243351843
932.2522891456
936.227954376349
954.136912660511
950.157203569363
950.157203569363
950.157203569363
950.157203569363
922.302749043734
959.111682711444
950.157203569363
950.157203569363
950.157203569363
918.323039952586
950.157203569363
950.157203569363
909.368560810506
