950.143814202992
950.143814202992
950.143814202992
950.143814202992
950.143814202992
950.143814202992
951.138773260086
949.148855145899
950.143814202992
950.143814202992
949.148855145899
950.143814202992
950.143814202992
949.148855145899
950.143814202992
949.148855145899
943.179171652018
950.143814202992
949.148855145899
950.143814202992
950.143814202992
950.143814202992
949.148855145899
950.143814202992
950.143814202992
950.143814202992
950.143814202992
950.143814202992
950.143814202992
950.143814202992
950.143814202992
950.143814202992
950.143814202992
949.148855145899
949.148855145899
951.138773260086
949.148855145899
950.143814202992
950.143814202992
950.143814202992
943.179171652018
950.143814202992
950.143814202992
949.148855145899
950.143814202992
950.143814202992
950.143814202992
950.143814202992
950.143814202992
949.148855145899
950.143814202992
