174.113754619574
174.113754619574
174.113754619574
174.113754619574
174.113754619574
175.108713676667
174.113754619574
171.128882486113
171.128882486113
174.113754619574
175.108713676667
174.113754619574
171.128882486113
174.113754619574
174.113754619574
174.113754619574
174.113754619574
174.113754619574
174.113754619574
174.113754619574
174.113754619574
174.113754619574
175.108713676667
174.113754619574
171.128882486113
174.113754619574
174.113754619574
157.200512146332
174.113754619574
174.113754619574
174.113754619574
174.113754619574
174.113754619574
174.113754619574
174.113754619574
174.113754619574
174.113754619574
174.113754619574
157.200512146332
175.108713676667
174.113754619574
186.052545341148
174.113754619574
174.113754619574
174.113754619574
175.108713676667
174.113754619574
174.113754619574
174.113754619574
175.108713676667
199.981686472863
