1368.23772714541
1368.65140709123
1368.65140709123
1368.65140709123
1366.87552823086
1368.65140709123
1368.65140709123
1368.65140709123
1368.65140709123
1368.65140709123
1368.65140709123
1385.27364809967
1343.50373092493
1368.65140709123
1368.23772714541
1368.65140709123
1385.27364809967
1368.65140709123
1366.87552823086
1370.758920189
1368.65140709123
1368.65140709123
1368.65140709123
1368.65140709123
1368.65140709123
1347.28107062217
1368.65140709123
1368.65140709123
1368.65140709123
1366.18167977846
1368.65140709123
1368.65140709123
1366.87552823086
1368.65140709123
1368.65140709123
1368.65140709123
1357.40326746607
1368.65140709123
1368.65140709123
1368.65140709123
1357.40326746607
1385.27364809967
1368.65140709123
1368.65140709123
1357.40326746607
1368.65140709123
1368.65140709123
1368.65140709123
1368.0609224826
1368.65140709123
1385.27364809967
