8780.39494136822
9078.13983307564
9018.06145783216
9173.98523068644
8744.26294803354
8861.03672573761
8740.75021005197
8683.1531261635
8957.99282673426
8764.37644123725
9041.8512447916
9077.95814386218
9078.07145404107
8801.54604306025
9252.50686678195
8903.33723295764
8979.51080769303
8406.60325939763
9137.87996823094
9178.41173585279
8763.08826008624
8897.25555299165
8704.52603516193
8800.34101898826
9080.29485140148
8764.21087910985
9058.97545362938
8740.86671644484
9039.7172829914
8704.88513953014
8922.31680955131
9096.27388673033
8939.05605085981
8957.91287326627
9078.16814105338
8903.01243682962
8584.32022446727
9017.15543637261
8860.74665707065
8584.35068018959
8740.84231071006
8407.26614203434
8531.94135938772
8584.23366595966
9176.87455029342
8842.63788798845
8860.90044976717
8799.83519546847
8683.23120408623
8860.87626194019
8563.02956240929
