9916.06488329753
9936.20109336256
9956.34029268495
9778.67139054857
9936.20301412394
9956.34104396241
9758.53451935756
9956.3396881766
9956.33814221208
9956.33880127627
9916.06361214643
10133.2825718222
9778.67054630264
10016.0291188535
9956.33845884218
9956.3385938231
9956.33956569801
9956.33803750856
9936.20233075689
9956.33896925704
9936.20456658122
9758.53317149121
9956.33760784184
9936.2023438457
9936.20045712955
9936.20077680189
9956.33851068736
9956.33969037052
9758.53199881295
9936.1996932423
9916.06358630632
9956.34026684409
9956.33797694544
9956.33873681872
9916.06375222111
9758.53410292669
10034.8499321317
9758.53270131019
9956.33905989424
9758.53323761081
9995.89145328179
9956.33862262005
9956.33903107417
9956.33859579353
9956.3411812443
9956.33890889221
9936.20234326522
9956.33851621885
9956.34023984278
9936.20158293182
9936.20174894267
