1421.34707616356
1460.89906963494
1460.89906523726
1109.90759808249
1481.03682627615
1481.0367503008
1421.34704647529
1481.0369101218
1460.89916716628
1130.04530282316
1460.89910847656
1460.8990567027
1460.89942852487
1481.03674169392
1460.89907340906
1421.34706771698
1616.8937351759
1460.89925279122
1265.9022748137
1226.35025308522
1460.89907920183
1616.8937351759
1616.8937351759
1460.89941974081
1421.34705732352
1481.03681104215
1616.8937351759
1421.34707940526
1421.34705280625
1481.03672949786
1421.34705675761
1460.89908310619
1481.03672586767
1460.89906798612
1481.03674180031
1460.89908390699
1421.34703036419
1481.0367176284
1616.8937351759
1421.34706177705
1585.3385785744
1460.89910867493
1481.03673144125
1460.89910543757
1460.89914080619
1577.34171344742
1421.34703544011
1481.03677901837
1421.34708053811
1637.03139377369
1421.34704300954
