0.373956948855721
0.336800593018097
2.68615811744075
0.410353087520889
2.87274067998578
0.34969318366484
0.357459285769892
0.210453093901378
0.177711281804932
2.77162619147407
2.59375326359509
0.234268142167139
0.814331270662933
0.257806624548948
0.430157335633567
0.316840094906411
0.316621009009168
2.405188650426
0.246292059579673
0.124588693849546
0.190295349817234
0.152598504602338
0.595871108841493
2.70942299225544
1.10193978927282
2.85665995410523
0.469835868610744
0.172580204807673
0.504839460207677
0.399611114988602
0.222954753199247
0.481313250079211
0.201591825447622
0.313438629411166
0.404740568411853
0.26674084356614
0.135243668465591
0.267152531059992
0.263945248529353
0.471892237357906
0.130712093095326
0.313438094123057
0.458440554203435
0.215259411350644
0.332919976693802
0.518419495413127
0.373695320557317
0.229127021102613
0.222989660363965
0.253574912514296
2.65119885818581
