0.239771400401196
0.294319358890789
0.254514467115769
0.210686802888176
0.253943651835925
0.284347421881421
0.345857399234774
0.296552073001294
0.24183335910584
0.346149231532081
0.304319965366631
0.254349067881094
0.217964668262084
0.397279138944441
0.359636825237203
0.342316849424606
0.302972918806972
0.413701594922259
0.247011286438465
0.223285135470178
0.375887418864068
0.311310581597127
0.299297720207051
0.287314640802833
0.287198801972409
0.186855583816396
0.298459136821975
0.314254032980898
0.212051355174708
0.21405182154831
0.281638796688412
0.455535634408079
0.286816137074084
0.385070991804923
0.351320743034648
0.281084800448525
0.361118900755855
0.237295937882436
0.43232618056868
0.280719195386155
0.313082658671647
0.309019226187047
0.192161841546749
0.209389106342996
0.24762802054147
0.248128277104342
0.341270006649893
0.326940410823227
0.389441272422573
0.323084924107434
0.288535148077244
