0.137655760596544
0.152920858621883
0.344679451179672
0.123285434933905
0.145235741346141
0.206015363871074
0.178944011378462
0.298205627073003
0.373608730367323
1.27864554165694
0.118059122379691
0.258981001458096
0.14180767174912
0.254820827674621
0.0667842168377319
0.171583677923536
1.05259514531258
0.311957482790376
0.0941213905230143
0.218470786790704
0.136451619817535
1.36120474088216
0.197621664557573
0.360859635487941
0.356812568336409
0.171621557924254
0.15518864761475
0.23937339581471
0.0736200704677685
1.37903468028117
1.24153140031603
0.338760950047345
1.62475839758804
0.38708005843182
0.0638310968463429
0.104003486479087
0.949282867463808
0.169978616816252
0.062696123571186
0.312291015599612
0.401633074655592
0.0953241442218768
0.39280498908056
0.997872960565019
1.2602123055558
0.319377426476649
0.978642305284438
0.263097701111064
1.19649095825434
0.0845314849634633
0.209005909946427
