152.264492293302
152.820892096315
145.336945886091
152.820892096315
150.186905680558
148.381832204812
152.820892096315
152.820892096315
152.614404753466
151.213795746726
152.820892096315
150.863883286562
147.779397303768
152.820892096315
152.058004950453
152.264492293302
149.484523110799
152.820892096315
146.062106018543
153.842513862612
152.820892096315
153.905576088147
152.614404753466
152.820892096315
152.820892096315
152.058004950453
152.820892096315
152.820892096315
152.614404753466
134.281640741367
152.820892096315
147.008775209376
151.962762359587
152.058004950453
151.020791552492
149.834435570963
151.743536402453
149.497608473233
149.204792577562
152.820892096315
152.820892096315
148.031919744648
154.242749934026
152.820892096315
149.630505877545
152.820892096315
151.083109243696
152.820892096315
149.551451727821
152.264492293302
152.058004950453
