1147.26419393069
1141.49280123801
1145.1337982753
1145.80759344431
1084.6645787662
1138.56728421454
1136.39724739426
75.0374879992794
1160.00345115416
1128.68251118962
1144.30834268301
1159.44536998339
1121.3977085872
1145.14245063217
1164.23453745239
1152.89350869832
1150.05226302844
1145.36089392618
1143.80484908396
1150.16130205939
1152.09349148709
1159.34075401527
1139.57290206183
1164.85455494844
1160.54755736765
1159.56615170446
1144.27756383343
1156.20328380347
1148.81973983519
1140.35058213333
1148.55622350959
1140.04939876251
1059.53198172131
1130.95831777113
1154.67839131247
1133.62043266055
1155.99021786403
1137.30948482537
1142.00159233166
1137.84371956182
1146.11472508761
1095.47578747597
1155.45269689427
1150.33521168861
1149.51069280525
1144.17782769715
1154.67948937314
1146.31794858406
1155.27539873451
57.1547495363018
1145.28499283675
