4.7330391325454
8.35050241645058
5.23096850509432
5.2550361548324
42.1902256218459
9.47041546284026
8.81559784801584
15.967947962441
6.51564087545535
16.0918418530619
14.3669985057431
15.4824419410024
12.5383153406451
9.19310827730578
8.06997705920026
2.93871436019003
5.4731124819607
3.28895207801315
41.5665533400927
29.9126547102028
29.7168980761026
5.51739315161808
23.8011178433426
11.1494903890225
7.95995801118715
22.9365172254802
21.5656016397952
39.5200218738501
5.26903642884804
6.46269757955929
6.43140384908384
10.5294323261564
30.2329955712407
8.35968230514641
21.3132030823867
9.85687776480563
16.9310575392624
4.53556678111795
12.9253192171668
14.578196920834
25.566763375858
4.6521458354448
22.6436396084021
23.8847926874489
22.2211984254693
6.42713904581092
8.09096152168831
40.4738769252626
8.50664663829707
15.4597097770131
14.0136578309941
