1081.20903837961
4553.39322718416
1455.35737998925
2367.57243906126
3909.09119663104
5348.34913797454
5255.24729111881
1420.99444113866
12761.7273136824
3131.99326464807
1374.76502676215
8719.47753436042
7827.02221320201
2945.05638751224
53218.8235118096
9556.69520909967
4593.17002041321
8550.62661043883
4680.8363813555
7544.84557213275
5255.54352639316
4151.7053416367
4449.01435392956
10035.2065357299
5991.51089005461
2121.96480280426
4108.02550809404
6068.28195922072
4304.52591647921
6501.26980056768
5626.83498408839
5126.6554318223
7831.26214500907
6567.75327387049
4444.65841958971
1415.76104560986
5150.0984904165
2758.93304580886
6742.70793298736
6818.91079059382
5775.67851290558
1817.67180214664
2853.81448651587
2555.23135278129
1199.88946736101
4043.67317916321
2868.22195931989
3797.20756840842
1437.41156442573
9468.78052665614
3826.28505909036
