0
6.82121026329696e-13
4.54747350886464e-13
154335.943929575
4.54747350886464e-13
0
2.27373675443232e-13
2.27373675443232e-13
2.27373675443232e-12
2.27373675443232e-13
3.01042746286839e-10
0
2.27373675443232e-13
2.27373675443232e-13
1.59161572810262e-12
6.82121026329696e-13
1.13686837721616e-12
8.5265128291212e-11
0
0
0
3.70619090972468e-11
6.82121026329696e-13
0
4.17503542848863e-09
2.27373675443232e-13
156699.34070899
0
0
2.27373675443232e-13
0
0
0
8.41282599139959e-12
2.27373675443232e-13
5.47970557818189e-11
0
2.95585778076202e-12
2.27373675443232e-13
19344.9913175646
2.27373675443232e-13
0
2.27373675443232e-13
0
1.42244971357286e-09
0
0
4.54747350886464e-13
4.54747350886464e-13
283521.825710906
0
