21.540627949591
21.279896228988
21.4769174392986
21.4340492144665
21.3743300841757
21.3223826397411
21.3507914093993
20.8446922471126
21.5438487253655
21.3165305879643
21.5113397224818
21.4859910996947
21.5547800100867
20.6295782778839
21.426723976464
21.6417039818803
21.6350999777824
21.7267335272859
20.9214363526853
21.716478031467
20.410567416011
21.2058895990349
21.5864930728412
18.7444477441622
21.3247009945635
21.2966090859763
21.2813356901556
21.6103461626631
21.8295490555502
21.4833837343695
21.6118319042721
21.7731572032117
21.6622572142101
21.5208755461799
21.831573702776
21.6592181703936
21.8634680137297
21.7397380410275
20.8916865640003
21.4720056006868
21.5939509183736
21.7470402674162
21.7976602358713
21.6863939314348
21.7557154191136
21.1993060292612
21.6652954448032
21.7308852256592
21.3103668973677
21.7238361478294
21.8196522652038
