14097.2251405144
14205.145785832
13899.2313497056
14019.9830745994
14183.571524025
13949.53044261
14109.2859938215
14172.4431740379
14065.0889073234
13977.0372020332
14049.1847322812
14013.3378797018
13937.4350582306
14044.3562111047
14056.3789415172
13934.677981116
13932.0806967217
14143.0074295915
13970.109007969
13948.7014988588
14097.8320127582
14183.1364457352
14109.2402900479
13800.1993802151
14111.2451271985
13885.0087983149
13884.5421383606
14026.6868429358
14100.0100423044
13970.0185820848
13948.3369547542
14187.0481031576
14330.1560292959
14183.0197351153
14106.0871583596
14021.2248012417
14295.4955932822
14097.0069669953
14040.7036778934
13948.32055017
14143.2359358038
14020.2383756757
13944.116212113
14109.0333882829
14360.9438411566
14205.6078442908
13895.5855529297
14046.9593432092
14011.133062973
14044.9406306278
14183.0595968731
