13092.651276792
12877.7790082468
13075.8277207487
13021.0116599285
13419.6424714165
12686.6808201232
13419.6366172674
12556.1691367472
13427.9534724259
12592.4817403596
12683.4848710743
13282.2005458597
13229.7494927554
13518.7301795497
13303.2881102018
12504.1672088623
13180.3609565893
13569.626178792
12521.7268230559
12936.205077347
13629.6894888319
13019.6199227746
13419.5603310818
13431.9757107372
13254.5968364037
12707.975580326
12802.9900347958
13419.6001926699
12547.8268703651
12595.4228825139
13106.4552590139
12845.2274348186
13261.7676972554
13419.5761785955
13768.386790583
12677.8467698993
13419.7138606532
12753.9833559191
13419.7940400399
12779.9505619977
13127.3576564185
13419.6002931477
13302.832599541
12008.0184102591
13033.8116754474
12934.3255783494
13318.8105768287
13419.5643461946
12992.598729212
13019.8741566702
13251.6034290354
