2520.77416776644
2520.77627017215
2520.77414928741
2520.77386472753
2452.33824363629
2452.33835294012
2520.77386616199
2520.7741421847
2520.77415601871
2520.77388074654
2452.34231930363
2102.83320791018
2452.3382097333
2452.34124331004
2520.77497802805
2452.33828933728
2520.7755394057
2520.77387242321
2520.77386531233
2520.77387051999
2520.77421206629
2520.7767342053
2520.77386319599
2520.77394561119
2452.33837679597
2520.77387100981
2452.33822974702
2548.83930640406
2452.33904919626
2520.77733663218
2520.77652384052
2520.77386759735
2452.33827221301
2520.77399055988
2520.7738977307
2523.03441790635
2520.77388895439
2520.7738673238
2520.77427037657
2452.33854283151
2520.77431466433
2520.77410479384
2520.7740512665
2523.03441283441
2548.83808596959
2520.77406978287
2452.33824566791
2520.77401363524
2520.77391221624
2452.33819717576
2520.77409266144
