704.047516044134
723.045730538967
719.928733428132
776.561977724708
743.942854284348
713.021926119306
703.054404785102
721.695108451331
718.251827132243
704.487779852602
706.209458774427
695.039551104351
706.984258885212
711.435099335375
707.078559650782
721.967759312457
709.633634013953
752.878862997323
706.515632228555
752.586905209301
705.003649626144
704.14181812356
704.149954312514
721.673683914742
707.232102053605
704.51484204693
719.93165773652
784.750963718635
708.830213310907
720.453988611499
706.684938573246
704.710162861661
706.087422365471
716.378697913522
706.881004177837
705.112660130808
762.9463892039
717.536408736778
703.011671372275
706.334706704455
768.879393344182
765.800533908196
705.175835744274
754.210818031841
709.204637422402
717.932685756923
704.437349914199
705.053570488055
708.781165273964
705.801110061503
718.510281709242
