1625.63601793859
1671.38776321803
1627.61485457538
1643.51533878776
1656.82492026433
1615.90873638959
1677.22826803666
1634.43064202026
1661.25288313052
1626.7175723956
1667.20627922131
1626.31133871875
1631.41884804178
1701.37802671681
1629.24393249027
1695.85481659915
1617.90288040504
1612.68638083928
1660.25581116003
1608.52325164047
1657.13747780103
1661.5865065873
1663.38935455172
1674.2283747736
1692.28798096571
1646.31587421811
1625.58885673868
1667.15222775424
1616.85675724591
1676.76986401767
1616.86386005705
1628.07127817273
1652.29677064149
1679.69861121165
1625.07159559005
1627.47781965776
1655.30765187242
1641.05258960426
1629.61206276866
1677.57495981668
1672.66994755167
1663.47613465422
1631.13490792213
1623.65248540474
1615.56416947303
1631.73792092291
1612.55737614613
1662.09509924655
1703.63382525987
1669.59074287457
1635.40141896298
