343.862904977531
374.910065526818
349.047960327862
343.533846795891
353.173348783404
353.549782910322
353.103867842401
350.083599854654
293.581443906315
378.679668047681
353.052992678316
348.961119870728
353.382227315362
353.099042114185
350.157616921729
375.047264611186
344.123806920393
350.42054588065
288.038753197262
350.150599094955
288.054141604904
288.20318273089
353.081986961085
350.119427254943
348.615893819605
288.131034086618
353.387771928941
288.676250937532
350.072575667018
353.030106115511
348.569897999813
343.747309027284
353.442435856502
349.955348745614
293.494947797567
325.93176329928
293.869067397726
344.15131601648
353.304638992347
378.583568088151
343.660153976277
293.909873138384
350.507145808979
350.410363210669
369.287476787477
349.946844460756
350.309378714081
350.382165969286
343.567206303943
343.572766812897
350.116745425784
