349.57380531616
331.980190710713
332.73505704822
356.911642292675
340.025070077363
348.389033911945
351.488213148973
341.282011319553
349.660492943924
345.440747301831
334.277695816364
352.918540489638
337.393834885471
350.349400846888
343.227728127186
350.930968470606
338.231422875742
333.476500529328
341.497848646017
336.366971171312
344.251477835563
339.24914418462
356.661255035012
348.067096920826
330.185436259669
350.859501622902
340.463148798093
354.882677735348
336.481255907841
342.725182204192
348.284636924156
340.509068528097
341.521773662353
344.020534899545
329.502884097577
355.045851913751
348.388944464261
346.10530552482
360.604774260034
347.191123277589
352.064771454203
339.360706483127
333.154454826528
336.792786781399
335.74022991635
347.51690193019
338.412056854504
342.041408418528
354.079280041818
337.606367916912
330.243499840391
