404.510307432661
414.607457155115
417.192038128645
422.217339645423
429.502686508656
429.222277854291
423.83456730477
420.342818739704
428.437071730832
430.406311528169
409.284756648185
413.646374647631
433.145485738863
405.498335703238
405.437499977843
427.331852495033
427.467378945564
426.046890787744
432.669247050963
413.204431153093
414.59074516595
418.911260486094
423.781718675509
421.179770188003
408.72151349149
433.825525342438
428.747906919266
414.701158763036
412.911595051904
438.846649712735
420.328834671103
430.007251715032
418.833130716376
416.675914055202
439.274337490273
437.020196143924
421.528691209012
412.028469931337
427.283030051344
410.675007708805
407.101697219802
429.684004177455
415.811173707139
442.178891956128
429.802263178116
415.035291606398
421.332617625164
421.248590477315
406.306523662127
423.280626577042
416.939825873138
