742.981489286418
959.085748862415
844.650258068537
967.643076483683
695.160777326886
694.874180615801
779.322442876011
738.018083445082
723.475472268333
713.101628878318
781.595105373925
679.533550283428
685.255349930693
717.069866498049
861.262683143326
686.829953861587
826.921541765674
825.01364699551
690.405852128303
981.227297050234
791.441181754862
717.828646915795
692.363577010879
1019.36161894577
749.303949587601
811.87863139719
746.283243511717
695.971175591983
813.586550275839
828.030599146542
871.395906981984
943.060016407358
885.489523810294
886.300744425372
883.662300032793
691.690228646974
965.09826426128
709.836851462371
912.111235324447
792.370579246746
691.753270939546
686.825597098867
768.140537854732
711.346206020179
882.035747746201
725.854371594321
760.258602254609
846.911273062305
683.886437788538
790.775805847704
848.903013708166
