1791.60685194616
1689.18474667957
1588.74948392713
1538.7014575566
1897.60210542928
1814.13423959593
1801.75147726025
1598.26558435839
1934.46492693725
1576.35118991884
1734.95292298597
1497.8815132843
1648.27946173694
1857.18353144487
1722.12574688721
1556.30359856096
1894.64585988424
1611.95843011066
1717.23633213819
1490.94958910662
1702.80852703776
1656.2428932898
1617.46678975531
1789.44094624831
1938.37653189084
1466.92484545219
1786.58525182685
1487.53305455107
1616.17082668145
1796.51269545408
1967.08305498561
1749.22920055515
1686.82176799115
1733.83543287459
1803.29217601081
1943.22221151038
1679.53989703627
1511.26420838065
1634.20975174744
1928.64484869695
2297.08284111501
1771.13936958817
1706.24094560843
1744.50031296261
1867.86878598837
1850.5125310234
1774.46242930125
1726.54865282743
1840.87128023133
1843.02690946007
1692.67746766949
