5050.30091429975
5326.80718977982
5290.00760010543
5196.5695254997
5540.91438156238
5408.02434441678
5433.25565831871
5401.28809891844
5197.02027157101
5197.5954668956
5462.98010506345
5216.52434382548
5057.58901576296
5565.57339584254
5462.97667353829
5471.72863033241
5026.34963627913
5408.98506291035
5305.50791482546
5656.13568430427
5147.0777432821
5746.21004871621
5241.28253897057
6125.59423642124
5801.58939924532
5515.48178747946
5238.52742289516
5275.42183554601
5322.28087947541
5524.76471275073
5272.66253618027
5254.38928636341
5519.39306228459
5801.80104644077
5778.87378970874
5619.2031580506
5237.68025707378
5236.86435847687
5537.56086920076
5371.10301405144
5152.11490846087
5486.1624657027
5188.04898705221
5199.31524907724
5651.17564228016
5190.20528827246
5357.07798005611
5672.1540255206
5373.83955170706
5490.22578235758
5162.94413866026
