9252.07443320125
9045.22039494076
9565.58332713188
9298.37283897135
9124.52595014384
9291.04850903047
9129.08808703273
9268.8485155213
9057.8169934571
9437.83842364906
9495.14332896991
9351.22611895803
9292.78448227874
9452.32478535745
9373.21348597199
8877.75444646147
9119.1879726821
9155.95699107991
9133.90973349201
9282.53807857076
9225.48969619515
8967.70054401473
9209.12066250406
9287.08782438114
9351.13912906775
9138.45045461282
9223.0506847944
9083.45891533895
9367.36422150395
9175.4145214212
9198.96963604643
9235.38260929997
9131.37003365684
9147.08527779406
9177.51380436718
9394.79272757253
9050.73116188177
9079.34403910713
9275.26286046798
9247.83104317977
9502.96388962668
8986.45534418684
9057.3865196246
9504.31526558054
9112.73741886819
9188.37700776649
9340.65277734186
9105.93292632483
9090.4107948467
9284.12350680435
9174.54726880119
