75781.3355030238
91042.5365000781
11954.9937296176
297439.51650676
58353.2722369136
3716.97099801035
200148.884621404
848981.692222244
4573.73560569803
58038.3962302006
98403.6128680621
181692.489270709
45425.320432018
1366727.89405614
43446.8426566206
18846.1446241089
257455.586510106
29727.8782951082
1226923.80080164
356956.351066167
67311.2151233793
210227.558985981
288721.373033329
86877.5069345187
186246.962975943
75729.2896443529
136581.679536857
14203.947872705
369603.904064286
512683.678688665
173531.476741782
9023.78290956055
180107.018605984
249074.064882429
26350.4344119635
318663.404908774
382889.993537378
91671.3540196586
77727.0905401856
506116.573739574
141627.20953533
1009287.56287085
57297.6365590549
50539.0210925976
226723.239981415
942836.143004852
36740.0000727775
45285.1969835613
65924.0108512913
3691.65144301987
1619063.79593631
