3.86905330742593e-05
2.81326517779235e-05
4.41951026459719e-05
2.39905987200473e-05
2.52169440955186e-05
2.86912542151185e-05
5.66319482686595e-05
2.87432386585351e-05
3.23324271676029e-05
4.39717763356384e-05
2.78673925322437e-05
2.00481503043193e-05
2.91895919417584e-05
3.21611928484344e-05
1.62445701334946e-05
2.69540254294043e-05
2.10271115292926e-05
2.49317272391636e-05
2.08131543786294e-05
2.53711698405823e-05
2.99964705163802e-05
3.62851209274595e-05
1.89529554290857e-05
3.53491345777002e-05
3.83889794193237e-05
1.33103430925985e-05
3.38880950039311e-05
4.02894268063392e-05
5.55803312636272e-05
5.17663687560344e-05
5.47799676269278e-05
3.39203032808655e-05
1.75693056689852e-05
1.98285656551889e-05
1.30648122649291e-05
2.24147975131928e-05
2.67013381289871e-05
3.8753030821681e-05
4.86937884716099e-05
3.45801162211501e-05
3.26507121144459e-05
1.81760889290672e-05
2.7066708980783e-05
3.25268299548043e-05
2.84186728549685e-05
5.56122108719137e-05
2.45057566417017e-05
1.73866158093006e-05
2.29373140427924e-05
3.63812844170752e-05
2.33835785365955e-05
