1.45228341352777e-07
4.91235937261081e-07
4.0523923416913e-07
7.13954477760126e-08
8.62706883708597e-08
1.14363842840248e-07
1.63598997460213e-07
1.46602474160318e-07
5.81115955355926e-08
1.56618511937268e-07
2.18591594602913e-07
9.86385657597566e-08
1.21453695101081e-07
1.04898845165735e-07
4.43594672105974e-08
1.50756818584341e-07
1.53017140291922e-07
1.09265556602622e-07
7.43210648579407e-08
1.29127784020966e-07
1.03843603938003e-07
2.05009087039798e-07
1.78228560798743e-07
1.93913365365006e-07
1.10625364868611e-07
9.97076767816907e-08
8.89177727003698e-08
9.74421254795743e-08
1.53685050463537e-07
3.29682620758831e-07
8.4881662587577e-08
2.27076839109941e-07
1.2078862710041e-07
1.43078523251461e-07
1.23502445603663e-07
8.11642166809179e-08
1.72934164766048e-07
1.57819386004121e-07
1.73272496795107e-07
8.17027512312052e-08
9.83640120466589e-08
7.54636175770429e-08
1.28600049720262e-07
5.40645714863786e-08
1.11361259769183e-07
6.98605617799331e-08
1.09214965959836e-07
2.46634044742677e-07
1.2250711733941e-07
2.3122390757635e-07
8.28310930955922e-08
