10.4540194600207
8.4163936742051
9.01640521069237
7.37643772422405
10.8633884573121
6.92794970361444
7.69360043867198
10.8107092165756
7.09661521668545
9.30237038607061
8.20381142264137
8.57743482831222
8.82191200105046
43.4473315349711
7.45904567795787
8.01641537738215
7.692887393104
6.58038143531007
6.69566940456048
6.84024194451206
7.85478007215465
8.3851691985177
9.59488257064743
7.87529253464641
7.94065241456303
10.1908442214714
11.1890042641811
43.4473317175398
8.54941520962336
8.5611888314279
8.41222075404914
7.84089866609725
8.3578829641616
7.48292536572535
8.63096058664337
7.83125765073567
9.0071748206276
8.40686965766065
9.24780639210519
12.5529188640884
7.03726092481122
6.96754887507757
8.2905504433636
7.38582336037916
6.7759586946579
9.1812089087183
8.08935957371432
9.08772987967075
5.87690362229978
10.9268945759075
9.86412501859945
