62.7756400979341
48.2625385078363
49.281644113467
40.4295377901926
33.6921631736559
43.5164167710179
43.1973943428815
56.4792241195441
89.4087355090554
43.5789216173612
53.5735426684387
46.7578643272864
49.6850804859599
45.6638345111163
69.2288583410424
50.6942922264089
54.6059794296028
56.8606199915112
63.3160380976631
38.6526122257467
51.0099333701858
65.409236660524
48.8023918473554
99.9923130950634
42.1201197404279
37.7586080330199
60.577667921561
51.9571144651491
71.9133420405178
53.0138096107363
62.0470576701795
44.8284760922388
69.1957716401357
68.5308138055169
61.5458791383368
41.7455326397439
27.6478440357963
70.0180347866379
75.3916330294139
64.0929408605988
23.9456630241905
68.1611458417548
47.2477306638436
80.3269694434957
59.4469795853677
58.7280954936236
57.2910660718928
36.7212619411775
42.4206139041071
21.5737082971671
81.2826446258177
