20.9295590453403
20.8713025953402
21.0079251981583
21.0217758553365
20.9130046382481
20.9871788055242
21.0244826941486
20.9671308427378
20.9038193480892
20.9022081766443
20.9138705867058
21.008977053256
21.0261068610004
21.0086181550124
20.9750897191005
20.9897043595383
21.0072460387222
21.0018712650681
20.9697986727439
20.980744316457
20.956604105817
20.9352583074397
21.0024627270959
20.8761765145213
21.0796359201915
21.0320269235663
20.9860238767631
21.0232930669739
20.8787599474226
20.9655324032686
21.033955232576
20.9495958558512
21.0164276440976
20.9900482427962
20.981176255526
21.0470144354292
21.0113354337515
20.9660300982015
20.9548273950248
20.9532902822949
20.9539033453558
20.9405236357287
20.9998525657584
20.9856681471867
20.9878784132262
21.0284450671047
20.9892360142688
20.9374667470643
20.9637335277901
21.0120904894762
20.8780666976375
