21.1240793054454
21.1778232392905
21.1661743406258
21.1594863776969
21.1567630204545
21.1673969237393
21.1849295351344
21.1217939030777
21.1265391367391
21.1849522392546
21.2005434902858
21.1698494056319
21.1062195463896
20.9950624125863
21.1391654093186
21.1581342159518
21.1745801697064
21.1798377605065
21.1323649840006
21.1457831220782
21.1516302320164
21.1529935649183
21.0884141351174
21.1909780744959
21.1491525570279
21.174047702418
21.1682527760913
21.1794679997091
21.1047091575296
21.1537642776755
21.1441419444974
21.1120144593672
21.1912974716694
21.1008387964632
21.1450457673297
21.1618701630755
21.1862427353833
21.155760523996
21.1663569139298
21.1888291214983
21.1446282623024
21.1031621947548
21.1848969104162
21.1244386735405
21.1904430460149
21.108936431592
21.1497279246885
21.1950854380069
21.1124194842862
21.1493719375056
21.1651350869626
