13.6920722902161
15.4723528358389
13.7011756690779
14.5682325636261
14.3446983800975
14.8439707896152
13.2069841919673
13.4085251261583
13.439671620016
14.2899928737086
15.8382263501634
11.8530942293046
14.8138245496039
14.3641528546472
13.9857251282533
13.3188197739537
13.4224688736256
14.3166663843683
14.7335760836501
13.7509158916931
13.8295303878925
15.9116393116451
13.8226079329877
14.1665604518043
15.8930029210753
15.3482601103609
14.0307753586518
15.9303028669826
13.7527008854939
13.6345107542329
15.8750986205936
13.7784730680631
13.471744943025
15.7338420443176
12.1173365876207
14.6344593138596
8.90393963691588
11.0659073831654
13.7118691669966
13.6708864612726
14.2755920592111
13.2834302627133
13.4272404882363
13.928056601768
14.250735887944
14.2288756202216
15.0495170685939
14.7775946716035
13.7864829372431
14.4408636593547
13.3093424675842
