0.000666595956559408
0.0010134665792292
0.000438408960642801
0.000647481667160689
0.000476033755637216
0.000759814645150197
0.000448201417983085
0.000383995719186321
0.000474525013442943
0.000450476040766071
0.000268337230012865
0.000573102038065478
0.000673202250928773
0.000502263578712413
0.000809053547296952
0.000260274284743506
0.00140939259045214
0.000422482384753616
0.000523467255712772
0.000439773813361357
0.00046871155786999
0.00032579119465348
0.000699303161606978
0.000608697810492225
0.000154763180365055
0.000557960622376877
0.000495664287240106
0.000233874631094924
0.000469351595647826
0.000631144430165672
