1.14303021200753e-21
2.87451026210999e-20
1.24062322794654e-19
9.89906206676619e-172
3.61796942178501e-20
1.04569440486503e-19
7.93614761457145e-21
3.88240464076325e-20
4.21955903712438e-155
6.14238147914021e-21
5.03903456699528e-21
9.34715374855097e-160
1.03565237904577e-21
3.52450279109011e-19
1.63303198475743e-159
6.96289000154763e-20
1.05273361094178e-163
1.64111637392546e-20
1.929175943699e-20
4.50132673721781e-153
6.16770858211823e-21
3.43192632219222e-20
7.49793299349151e-21
2.77916594185748e-20
5.7410528882677e-20
8.33266712924008e-165
1.18548113505154e-19
1.67152944751544e-148
6.5617284009795e-20
2.13727379906537e-20
