0.00310575850464756
0.00435905517960877
0.0106017455697477
0.000256373690475036
0.00506537769293994
0.000105277323957712
0.000688568987537954
0.0148354250793306
0.0106213196053415
0.0119405117468712
0.0107921231836474
8.97322477337268e-05
0.0105784098277161
0.00438198945930122
0.00149908434316706
0.00141660756848493
0.0103048658818311
0.0105300157139471
0.011509730050073
0.000264124458520995
0.000182663646487753
0.012548285983909
0.000914236070919608
0.000351011379272448
0.0379413052527155
0.0109046362398751
0.00197294532273873
0.000272572502347507
0.0109558200184514
5.91060863113045e-05
