8.88178419700125e-15
8.88178419700125e-15
8.88178419700125e-15
8.88178419700125e-15
8.88178419700125e-15
8.88178419700125e-15
8.88178419700125e-15
8.88178419700125e-15
8.88178419700125e-15
8.88178419700125e-15
8.88178419700125e-15
8.88178419700125e-15
8.88178419700125e-15
8.88178419700125e-15
8.88178419700125e-15
8.88178419700125e-15
8.88178419700125e-15
8.88178419700125e-15
8.88178419700125e-15
8.88178419700125e-15
8.88178419700125e-15
8.88178419700125e-15
8.88178419700125e-15
8.88178419700125e-15
8.88178419700125e-15
8.88178419700125e-15
8.88178419700125e-15
8.88178419700125e-15
8.88178419700125e-15
8.88178419700125e-15
