2178.05274725943
2000.29248960064
2138.50072553095
2138.50072553095
2138.50072553095
2178.05274725943
2039.7075122401
2178.05274725943
2178.05274725943
2138.50072553095
2217.60476898792
2178.05274725943
2178.05274725943
2178.05274725943
2039.7075122401
2178.05274725943
2178.05274725943
2178.05274725943
2039.7075122401
2138.50072553095
2039.7075122401
2355.72112640351
2138.50072553095
2178.05274725943
2138.50072553095
2039.7075122401
2079.25953396858
2138.50072553095
2178.05274725943
2138.50072553095
2217.60476898792
2178.05274725943
1980.46632067774
2138.50072553095
2178.05274725943
2217.60476898792
2178.05274725943
2178.05274725943
2079.25953396858
2178.05274725943
2178.05274725943
2178.05274725943
2217.60476898792
2178.05274725943
2178.05274725943
2178.05274725943
2178.05274725943
2178.05274725943
2158.13469982182
2039.7075122401
2138.50072553095
