118.438334614438
513.338261663803
733.309487798346
631.684717763529
853.356772299082
532.033328271384
338.501439263693
118.854620583729
955.379609332664
575.61915295478
656.145173858833
238.810036087094
458.665096509692
323.143178706303
764.237347104579
119.737872615769
534.708610657773
118.438334614438
533.475920261587
464.075780323787
119.946015600415
118.854620583729
1046.35454612876
597.112125281118
395.316213018657
336.877542006343
238.393756953345
426.41868371597
458.456848395824
129.819432683258
458.665246673758
335.578004005011
119.737872615769
734.70090431439
651.454619079397
120.15415858506
473.994382919963
873.284843249407
238.601876484328
296.522999727809
238.393770892704
238.393803690247
532.002549095615
337.085684990988
415.245728631795
118.854620583729
651.662762064043
480.076279337369
119.946015600415
335.578004005011
572.695717696098
