116.195160248598
99.0602603996458
121.274935254071
148.259017875291
114.005098935373
132.005558875802
157.801264940349
158.925898564338
118.684016158785
85.4804050439482
116.056601708158
77.4166086631303
60.9202789800404
60.479119161577
52.7236522662954
137.103238112612
74.5765807303262
50.9906081313745
58.4208270245547
54.1031034649914
36.9719393319554
79.4874238171133
142.814393940439
63.6915168294454
44.3711370926387
178.354273372511
95.0546797218076
30.9566442404575
95.1227448309764
145.454553911921
145.522705276624
86.8010697405423
115.407184109701
63.7027552899558
127.318488198319
186.476806010819
54.8035576000782
105.077708057629
108.107910643519
102.614749202628
36.0813716444936
118.100069438865
88.0338979428159
137.545720708388
111.974197552436
192.159724734728
48.8315823497096
46.9589869015801
81.9017046061531
75.5693690610026
35.057668960281
