7.80515230042602
17.9307272835345
26.2645664141237
6.13620943907517
43.530069513625
12.1875566862789
8.67491536568104
45.3304791326436
6.90288320103946
8.77881109401687
20.8287881532315
12.6572240545097
42.2420062728127
11.3018345223159
79.2502658752342
9.75256518409333
4.9441538859212
12.5164690933848
12.3714421378756
14.9425026351016
22.5121028880794
4.00498984814908
23.5566978686079
5.47248945547199
23.910761625024
31.6167580320557
5.56253553133843
17.6586981926666
22.1141056370359
17.0466513352249
6.2515560743152
6.43590408251976
6.98195864884678
10.4881638609515
8.49306043539104
10.4317175084525
26.6080701445123
15.7338168938097
13.6681244665131
8.55094395837114
7.15604294357922
5.25146882067133
14.8841067313265
8.74373997002021
20.9328198776184
11.5015366101557
7.34539752249975
10.2648663887983
9.69175558224015
8.98754927295795
10.4245796680582
