443.172176225728
443.172914353647
443.17504286461
443.174967236311
443.175217464493
443.173114116232
443.174555973369
443.174907321279
443.173662363563
443.174392946405
443.174867988826
443.174361821634
443.173664344803
443.175339079455
443.174719938798
443.174356805536
443.174347105857
443.173914466303
443.175098258087
443.172850689413
443.175603855624
443.172607819674
443.175222959347
443.17416397737
443.173155549778
443.174714749191
443.17500486301
443.174986344769
443.174893095346
443.174515014753
443.175689382204
443.175157372219
443.173392803189
443.174021009021
443.175063008797
443.174716349219
443.174628250047
443.174355461786
443.175387056338
443.174639922827
443.173658806167
443.175263068519
443.174232034133
443.174264204607
443.174913805869
443.177785848633
443.173928850299
443.174940159709
443.17338616603
443.175103409786
443.174899716773
