1003.61069379195
1003.61069379195
1003.61069379195
1003.61069379195
1003.61069379195
1003.61069379195
1003.61069379195
1003.61069379195
1003.61069379195
1003.61069379195
1003.61069379195
885.85434312399
1003.61069379195
1003.61069379195
1003.61069379195
1003.61069379195
1070.03147014289
1003.61069379195
1003.61069379195
1003.61069379195
1003.61069379195
1003.61069379195
1003.61069379195
1003.61069379195
1003.61069379195
1003.61069379195
885.854343123991
1003.61069379195
1003.61069379195
1003.61069379195
1003.61069379195
1003.61069379195
1003.61069379195
1003.61069379195
1003.61069379195
885.854343123991
1003.61069379195
1003.61069379195
1003.61069379195
1003.61069379195
1003.61069379195
1003.61069379195
1003.61069379195
1003.61069379195
1003.61069379195
1003.61069379195
885.854343123991
1003.61069379195
1003.61069379195
1003.61069379195
1003.61069379195
