443.342273107684
443.347028304239
443.329950401073
443.415980802708
443.443565897489
443.347028304239
443.400114144446
443.437050114158
443.440976010444
443.381099297097
443.394249413089
443.434007217426
443.377146392626
443.370625268405
443.428932511009
443.364526478092
443.373121327445
443.373121327445
443.394414153907
443.426807148214
443.363812043711
399.584967871679
399.584967871679
443.381617989478
443.370625268405
399.584967871679
443.417479938361
443.380657208129
443.403027413611
443.416084562162
443.525765765236
443.372241311239
443.380657208129
443.377146392626
443.408072178001
443.380657208129
443.359012002286
443.479033573451
443.389531739165
443.329950401073
443.372302796336
443.407538649185
443.3339087684
443.564462050485
443.380657208129
443.43573309074
443.405658646061
443.3339087684
443.59079776491
443.406445526983
443.470566166099
