398.176448641105
452.85586378686
378.92962421532
507.451837346263
371.046877639267
336.320313962967
459.790082223759
496.208245010557
363.380855709923
338.886326275188
385.69862820172
356.135067571724
492.181420109284
426.071977233702
388.252017859832
414.540530759085
403.462195348373
423.076929432365
605.862815998651
373.354284526546
459.82002359011
498.363754857886
372.861010969043
510.865055042007
402.189416696734
316.483196920355
367.09908823241
386.242715210151
347.496308220108
325.9839376249
345.517371851906
294.633760820126
411.547713500926
477.525423741225
370.944118538779
592.867877813409
365.264884219146
561.130687445712
378.013635259041
306.165841483127
404.331122649101
454.635306377636
274.02901064933
486.774869415641
605.140997066523
340.507722319768
361.685477533872
288.786287451205
315.121252251507
483.425908981416
382.240444965062
