622.76589625168
631.258622587157
493.079651659705
465.292086118262
445.905679241551
409.090433579213
705.659328397221
412.950269322772
445.093053440928
523.685207451902
394.574349668578
404.188743217084
408.899505914812
423.075166416954
672.058926003155
452.371418047438
481.252520773859
462.662378247323
864.740261335139
475.103336251959
453.142258105788
556.209325753613
505.912407281216
446.109839946467
485.491098944588
623.0942471681
487.212469660044
524.843672570577
407.553562734516
466.835107653255
410.555095624068
518.858219684123
470.146477240527
398.115137886734
395.830253738918
459.119598786505
521.372478144749
560.556997035686
483.63659070742
404.063233393745
648.097770682736
399.199427524706
499.034368716172
679.356684805952
588.92415936406
500.716269391208
455.005371006619
465.708922786009
455.354983510204
571.28390610013
782.799320474065
