641.608115425446,492.531378089921,628.705892667014,796.495495834432,744.46183178272,439.676200533814,650.926771815785,805.574096199799,778.141627952715,598.645641651874,805.162513111629,700.886737284784,865.203595717876,749.960967816088,539.242484943629,651.990763029694,742.548671719746,389.204076565812,981.35516705522,523.087353622028,766.526306409442,728.248552086623,455.286321478825,551.286571618951,684.762300357923,627.478187410794,622.74064984836,624.389691416608,684.891631547145,464.357686692433,578.873952616039,755.402426572503,541.247227197379,847.717204286256,640.884219245319,593.856578351945,546.645067131021,484.971549270615,773.396659805852,517.179682761169,662.928916212932,849.291883267081,525.096886513819,649.21414320135,653.701443596749,635.559055264469,689.438290302103,804.072814187487,878.200826040566,758.459244079862,495.334623061912
28.91842363558,19.1692158180274,26.7673413816738,13.1654237696403,25.6920086940283,29.3736956703679,13.1760247309684,21.5803153829254,31.1457947705226,14.0102621447932,23.4023258227614,25.6546876895468,27.7707882130467,27.7202331512051,20.7036165278314,17.7048835649109,22.2880041915132,26.8657224539256,19.008163745923,20.7088194485464,23.2153553819437,22.1958225465846,14.4541610952897,48.8779760307334,34.978093062681,14.7467630789511,14.1749482612488,24.9400284387852,22.1463487227508,26.4559663728053,29.9009070753445,31.8270746218009,13.4078455378815,28.5342400930342,23.8258421739295,32.3115049294413,27.1419681924986,26.3568201825187,21.2148863230607,19.9914646387449,22.4347632950448,27.1825418199264,12.9995867035077,18.5375714117457,24.7065185599554,22.301768143845,23.6030085470339,32.8930683593458,26.9491910593915,33.1076309048153,18.1190841163009
3.19581939006207,2.26007102299263,4.53171773300505,2.78749335512782,5.62142623556895,3.51965327270295,2.57306082461878,3.52206297911698,3.05907153780549,2.65458043054764,2.09110784348604,3.52923150107745,3.00395923232782,3.73690756614758,2.73792316261711,2.24973931521185,3.93798247030918,5.16950965573119,3.14752360280102,3.59558854948318,2.97205509506568,2.84914224346949,3.14004627570523,4.14866138736124,3.93284201148026,3.1908858752779,2.6164429119375,2.66142794382426,2.12196535289377,4.34513000575157,4.56592160521086,4.41405233321416,2.68554681892556,3.42012181559437,3.65772482304828,3.12712219805098,4.61740593394984,3.09136119429127,3.06936037831883,2.51523876191141,3.31224436155048,3.54044951881497,1.81732737747404,2.29339075328903,3.57707896881152,2.89665387172386,3.55806928588152,3.03859982086408,4.46383751612927,4.36143826702823,2.77166373466105
1.00914149363939,1.01497590249835,0.976098339978989,1.01778486190119,1.00284077404422,0.990538115315871,0.828765193835807,1.00841746799711,0.977817142891809,1.00297003874471,0.952369829158215,0.985143660495396,0.959567730293884,0.986939951435488,0.986020385445613,0.998887177507413,1.01691942639036,0.862936924470432,1.00287358662615,0.991396831201996,0.995805622596208,0.898766990986587,0.865220520634921,0.993608929948209,0.871763804319926,0.942777653144844,0.996523661620586,0.912297361562082,0.98717656086626,0.908886530595282,0.9913099825053,1.00741437443708,1.02197867542191,1.00033015510348,0.993773874850149,0.964163765369449,0.84206327118568,0.963159292121077,0.961328294896816,0.948869880855909,0.984322250473269,0.885636141260079,1.00230304004981,0.964534408995291,1.01989758374339,0.975995469824966,1.01432337030224,0.916728435168125,1.00249486763573,0.93810167790582,0.981884521972461
0.00026935648907056,3.86544820685231e-05,4.8852199824978e-05,2.81657034975069e-05,0.000124995271335138,0.000821719757141182,0.000136469893050162,2.95896868465206e-05,3.15408158257924e-05,3.62387777386175e-05,0.000100429060466922,4.63839794520027e-05,5.02247449958304e-05,3.66091285286529e-05,4.06041959877257e-05,4.75182994250645e-05,5.78620181386214e-05,4.03874785206426e-05,4.61825284219231e-05,3.19482290933593e-05,0.000137818773055187,5.49011434713975e-05,0.000174820735765024,8.16612606513445e-05,9.4545854608441e-05,0.0003202491321872,0.000134321286509476,3.28972726038046e-05,9.02560036593059e-05,7.85917607117881e-05,5.59549719127972e-05,4.17502409391091e-05,5.98920981929041e-05,6.91066049967048e-05,2.90176149064791e-05,3.83884658958777e-05,3.3615933261899e-05,2.47553072085793e-05,3.23033218592172e-05,4.18821372250022e-05,5.5052914603948e-05,3.21040918151994e-05,6.71979191793071e-05,3.75505296688061e-05,3.17459009693266e-05,0.000201731426159313,0.000162039149699922,0.000239617289935268,0.000283635994719589,4.17563539940602e-05,0.000377056659544905
1.13686837721616e-13,0,0,0,0,4.54747350886464e-13,0,0,0,0,0,0,0,0,0,0,0,0,0,0,1.13686837721616e-13,0,1.13686837721616e-13,1.13686837721616e-13,0,2.27373675443232e-13,0,0,0,0,0,0,0,0,0,0,0,0,0,0,0,0,0,0,0,2.27373675443232e-13,1.13686837721616e-13,2.27373675443232e-13,2.27373675443232e-13,0,2.27373675443232e-13
0,0,0,0,0,0,0,0,0,0,0,0,0,0,0,0,0,0,0,0,0,0,0,0,0,0,0,0,0,0,0,0,0,0,0,0,0,0,0,0,0,0,0,0,0,0,0,0,0,0,0
0,0,0,0,0,0,0,0,0,0,0,0,0,0,0,0,0,0,0,0,0,0,0,0,0,0,0,0,0,0,0,0,0,0,0,0,0,0,0,0,0,0,0,0,0,0,0,0,0,0,0
0,0,0,0,0,0,0,0,0,0,0,0,0,0,0,0,0,0,0,0,0,0,0,0,0,0,0,0,0,0,0,0,0,0,0,0,0,0,0,0,0,0,0,0,0,0,0,0,0,0,0
0,0,0,0,0,0,0,0,0,0,0,0,0,0,0,0,0,0,0,0,0,0,0,0,0,0,0,0,0,0,0,0,0,0,0,0,0,0,0,0,0,0,0,0,0,0,0,0,0,0,0
0,0,0,0,0,0,0,0,0,0,0,0,0,0,0,0,0,0,0,0,0,0,0,0,0,0,0,0,0,0,0,0,0,0,0,0,0,0,0,0,0,0,0,0,0,0,0,0,0,0,0
0,0,0,0,0,0,0,0,0,0,0,0,0,0,0,0,0,0,0,0,0,0,0,0,0,0,0,0,0,0,0,0,0,0,0,0,0,0,0,0,0,0,0,0,0,0,0,0,0,0,0
0,0,0,0,0,0,0,0,0,0,0,0,0,0,0,0,0,0,0,0,0,0,0,0,0,0,0,0,0,0,0,0,0,0,0,0,0,0,0,0,0,0,0,0,0,0,0,0,0,0,0
0,0,0,0,0,0,0,0,0,0,0,0,0,0,0,0,0,0,0,0,0,0,0,0,0,0,0,0,0,0,0,0,0,0,0,0,0,0,0,0,0,0,0,0,0,0,0,0,0,0,0
