11071688.2843809,12415119.3013646,7655100.25852391,8097307.95440364,9612834.7862316,8543294.7771106,8039653.94980912,9724017.74093412,13188946.2177363,9096239.21645614,17739816.1092028,10154409.112182,12205729.1358565,8619634.08056839,10819974.5896804,11636958.9186345,9206674.8892066,7722365.35687301,8930336.56006801,9463541.21504608,11900649.1648045,10381963.1743031,8669995.08252186,9130027.66726119,10990878.5130033,13194559.5903072,16234490.4881288,8954752.07425002,10508182.124884,6406287.44308735,11388116.5075208,8126202.41676571,10997920.3204904,11063553.5169442,12657817.5400951,7183131.64236254,7943743.64649734,8021830.14902857,6872828.44242145,5766737.60066324,8190514.78051819,16597985.209777,10336535.1117382,10811371.3244196,10460729.9121896,12083832.0156107,13617316.3553585,9933065.75991831,8495016.9276239,9245651.32434155,12442445.6165315
1601683.3219621,4533509.39644323,2125862.34549332,3095504.45285902,2405191.03320453,1213750.33645475,2869733.5501567,3808533.77394121,4129987.36342213,998076.170787962,1872446.04848139,2362839.83452205,3065787.38072702,2443561.45130036,1701428.08425926,4052656.14238581,2641113.69300722,3336996.26681405,2441409.20873932,1034476.75404958,2559667.20846488,3116106.45970135,1609200.31959378,1547191.44217987,3882145.26961303,3063343.29932542,6073778.85656939,1699913.04511447,2943607.21626025,2527987.92354666,4559552.40350741,1168832.02824773,3223244.32978386,2018183.8827581,5349033.32760183,1069618.80950707,1219791.34103932,2415986.90921636,2089847.48810586,1153230.85506452,2149475.73657454,362096.745391167,1268141.22488351,2239695.24657696,4570755.68620836,2047992.14666413,4099228.50505083,2097135.07068506,2964385.14748354,1360654.8958916,3618933.7086532
28116.4767204807,60180.0344680132,131859.329969993,67580.9644934163,35227.6504201781,21685.7454700876,159523.411601453,338589.814440428,246501.744019862,24616.1471441697,81013.6170833017,84542.043839141,43689.3664913864,253665.810165053,22153.7725893266,48421.3066867911,53342.8098415516,40341.5216559402,220857.710626899,46568.1069508196,28143.7905749164,125058.624695619,209047.138082782,53703.3786611971,93293.015380934,189144.257137181,209236.197704366,51414.9739155161,254243.018031674,43457.6462667794,208609.664037684,3669.19387555575,325269.767028644,87051.0015283251,107255.00524953,62414.5307791881,116443.702949358,48920.3759788305,94692.605509206,47526.2817975131,63026.1542523191,62888.3869515719,46905.1401429918,377730.701945483,376017.819206774,142691.258814256,266186.372658188,42321.1083615608,23973.2242616325,106630.54670534,330437.227619802
381.093015098374,1949.04922725398,2936.37076684896,524.770686612842,1318.24911015074,901.812387874323,10685.1374346367,12071.1497797107,3034.42850296691,1394.56019438693,3346.95108543325,385.00033075542,2166.82746202436,1127.73650525539,683.699750449215,10601.4102530238,9252.38833708428,8979.72630258355,4294.8742588337,899.455884528997,2373.49761493747,3190.66081752081,770.33778543261,2608.6868863779,4727.77873113036,4253.49552582523,4502.4412659832,6449.72433299557,3761.02928837828,314.362734034925,7965.69156131326,345.812641885548,2338.4035845719,4928.99135706812,4109.59897606881,6990.58722352006,3150.61316006461,1042.88085062185,2256.01018346882,4271.80120765206,21184.2775520489,799.148094207345,1757.29773429879,5178.51043976125,4136.40921147123,814.345127220021,5092.50754930116,2952.23647913716,4285.35203664601,13892.1872267271,10718.7239190493
7.68613085710967e-06,4.76266516216128e-05,0.0614433992150225,1.63412612437241e-05,1.80327185717033e-05,0.000170867984934375,0.000138623733164422,0.00119324014212907,0.00152265206588709,0.0011623086477357,0.000896085261501867,0.000123981320257371,7.73986703279661e-05,2.80382237178856e-05,6.64090582631616e-05,0.000717298461268001,0.0012596820008639,0.00278288705385421,0.001803816441452,1.7962856190934e-05,0.00527468357836369,0.000141695153388355,0.000140484590701817,0.000108068564941277,0.00270968578843167,0.00145047617093041,0.00144020053721761,0.00270358523084724,0.000250048407224313,6.21915780811833e-05,0.00121787652642524,6.19173213181057e-05,0.00333772203248373,0.00156824691771362,0.00122109148446725,0.000651967903195327,0.000760644737511029,0.000388166342418117,0.000383696742119355,0.00676708670334847,0.000942044624480332,4.7248942337319e-05,0.00114639630214697,0.00354935739505891,0.000362726988441864,0.000116658077331522,0.0386424535870447,0.000495617726528508,0.00322415045025082,3032.11034210995,0.000198797410121188
0,0,0,0,0,0,0,0,0,0,0,0,0,0,0,0,0,0,0,0,0,0,0,0,0,0,0,0,0,0,0,0,0,0,0,0,0,0,0,0,0,0,0,0,0,0,0,0,0,4.12132976634894e-08,0
0,0,0,0,0,0,0,0,0,0,0,0,0,0,0,0,0,0,0,0,0,0,0,0,0,0,0,0,0,0,0,0,0,0,0,0,0,0,0,0,0,0,0,0,0,0,0,0,0,0,0
0,0,0,0,0,0,0,0,0,0,0,0,0,0,0,0,0,0,0,0,0,0,0,0,0,0,0,0,0,0,0,0,0,0,0,0,0,0,0,0,0,0,0,0,0,0,0,0,0,0,0
0,0,0,0,0,0,0,0,0,0,0,0,0,0,0,0,0,0,0,0,0,0,0,0,0,0,0,0,0,0,0,0,0,0,0,0,0,0,0,0,0,0,0,0,0,0,0,0,0,0,0
0,0,0,0,0,0,0,0,0,0,0,0,0,0,0,0,0,0,0,0,0,0,0,0,0,0,0,0,0,0,0,0,0,0,0,0,0,0,0,0,0,0,0,0,0,0,0,0,0,0,0
0,0,0,0,0,0,0,0,0,0,0,0,0,0,0,0,0,0,0,0,0,0,0,0,0,0,0,0,0,0,0,0,0,0,0,0,0,0,0,0,0,0,0,0,0,0,0,0,0,0,0
0,0,0,0,0,0,0,0,0,0,0,0,0,0,0,0,0,0,0,0,0,0,0,0,0,0,0,0,0,0,0,0,0,0,0,0,0,0,0,0,0,0,0,0,0,0,0,0,0,0,0
0,0,0,0,0,0,0,0,0,0,0,0,0,0,0,0,0,0,0,0,0,0,0,0,0,0,0,0,0,0,0,0,0,0,0,0,0,0,0,0,0,0,0,0,0,0,0,0,0,0,0
0,0,0,0,0,0,0,0,0,0,0,0,0,0,0,0,0,0,0,0,0,0,0,0,0,0,0,0,0,0,0,0,0,0,0,0,0,0,0,0,0,0,0,0,0,0,0,0,0,0,0
