19556.3793567491,17890.388255869,17969.4106757055,16773.4189739122,18359.9703389589,18315.385194063,17959.5423639669,17468.6123997445,17831.1445372077,18649.1688721019,19720.9912172527,16589.5977156544,18095.8584235678,18549.1104698464,17712.6745059275,18226.7882618273,16225.3956529829,18864.9936058937,18674.6811590293,17264.8995755025,18016.1422359369,19774.3786435509,17799.105339108,18631.5380693289,18368.2008611646,17649.9820071866,19607.0643006063,18323.4570739935,17972.0781546095,19091.8338071409,18192.8324956216,16551.6692244064,18483.0436347906,17931.0824671449,18592.7296086557,17386.8414440971,19014.1486328697,17391.9518331468,18554.7893220988,18600.1267020246,17625.1306859559,17864.9506469292,17977.8684526121,17175.2207952563,18950.7238659188,17996.6686763404,18037.173177437,17642.5977462773,17787.7205197953,17553.0532815387,18282.4900323439
17455.9836501868,17723.9352430516,17699.1812448249,16773.4189739122,15485.1357583058,16243.008905514,16246.3295842711,16337.0563590751,17504.2393579381,15609.5151666037,15965.3131801639,16589.5977156544,17887.257129658,18031.4697602004,17381.0874192941,17940.5076620687,15174.7582146701,17505.7869882006,16812.3489426768,16218.3871125344,17553.4382742068,17806.1877495306,17120.4847256461,18397.3940926003,14683.6533000245,16868.1294674088,17906.2807937202,17401.168152324,16756.3312771677,17776.1197948977,17210.1433556921,14691.5163734029,15513.0722722828,16482.4371704549,17789.3113321281,16155.6521351438,17010.0416964213,14693.0227915167,16487.4758253433,16660.5066494699,16127.8407223926,17864.9506469292,17015.6706984776,17175.2207952563,18196.3632091387,16870.008153635,16756.9471950229,17439.72223684,16540.6553558455,15848.2753033789,17099.6110163527
12256.8021260845,10605.2378040773,15851.6375490908,12791.4184544897,11508.3285657068,14795.2456398308,10869.0360233889,9210.0492829415,7034.38734918633,13722.5818365709,9709.66787190876,12171.8901785035,17887.257129658,11983.7441335615,13460.9762068648,16318.9746883265,8700.19293363869,12698.7619877487,14166.6100851893,16218.3871125344,10716.7633728273,14438.3818184632,13622.9484698917,17253.844503547,2338.83811928554,11848.1741574656,15829.3865746667,15741.8875306821,13592.9376400276,17688.5629103058,16897.0707704606,10396.5672920832,14324.7553944109,12821.6934339099,14560.0427800668,13724.3972001422,14638.0551985194,13379.7893378743,16487.4758253433,5768.89716721248,15137.0213314049,12755.2870390228,16815.3682740961,17175.2207952563,14350.7682913709,15038.125869887,12983.8858431693,13518.6100161328,7064.98332626171,11496.5137148929,12016.1596420676
163.540936744433,26.6743428155046,466.646461236904,2284.90633874608,195.38829857355,17.1351255394034,9.89840031854555,83.8589233998349,12.3436088650283,2179.75190066173,204.130681736919,151.683851145798,16894.4867517381,2741.60686993268,31.5271219101187,424.493927198922,4.27693208271035,181.638329068782,854.939473899286,233.41581121495,54.9772791916698,11935.6977687285,122.607911906688,6918.32214726497,28.5634872222754,240.772310236291,12097.1205277633,1120.14593969083,250.337087336435,4038.24641473797,8780.86400554915,31.0982352697326,939.305556943728,104.924594730316,1029.15373697485,188.537453932288,3686.28119944991,1190.29957283694,13099.9697404855,68.3731671334981,5618.49457071482,1433.24024886201,13302.283157437,3453.61861607045,29.9545405777758,232.045583012023,34.0357366459909,241.510911879836,12.5684730851717,300.071559195852,96.486426234225
4.64596587335109e-06,1.97729855244688e-06,2.87088987533934e-05,2284.90633874608,1.64978018801776e-06,1.82282292371383e-06,5.72523049413576e-07,3.02057196677197e-06,9.14330485102255e-07,0.00261357491126546,6.06265530223027e-06,2.97875749311061e-06,69.9326443964765,0.0144798472570073,4.79166897093819e-06,424.493927198922,7.74556383476011e-07,3.46673346030002e-06,1.36229380132136e-05,2.09490683573677e-05,2.91532023766194e-06,21.0078838160503,5.02398120261205e-06,0.0120168271455441,8.40075927044381e-07,2.67346490545606e-06,9.48210548334669,1120.14593969083,7.9377800830116e-06,0.00981832211641631,0.175638298181411,4.41390511696227e-07,0.000273142263040427,2.31599119615566e-06,1029.15373697485,4.29323040407326e-06,0.018658697028286,0.000429719492785807,12.0823197698389,8.98681491889874e-07,0.0154805382790073,1433.24024886201,2.63668275724422,0.0921804000035991,2.91232549898268e-06,5.2232524012652e-06,1.05454932963767e-06,3.35473600898695e-06,1.35502182274649e-06,1.02738740679342e-05,4.18304171034833e-06
0,0,0,2284.90633874608,0,0,0,0,0,2.27373675443232e-13,0,0,1.25701353681507e-06,2.11457518162206e-11,0,424.493927198922,0,0,0,0,0,3.01069349006866e-07,0,3.18323145620525e-12,0,0,2.57484089161153e-07,1120.14593969083,0,8.86757334228605e-12,1.4915713109076e-10,0,0,0,1029.15373697485,0,2.95585778076202e-12,0,1.09938582681934e-07,0,1.36424205265939e-12,1433.24024886201,1.84456894203322e-08,4.7975845518522e-11,0,0,0,0,0,0,0
0,0,0,2284.90633874608,0,0,0,0,0,0,0,0,6.82121026329696e-13,0,0,424.493927198922,0,0,0,0,0,0,0,0,0,0,0,1120.14593969083,0,0,0,0,0,0,1029.15373697485,0,0,0,0,0,0,1433.24024886201,0,0,0,0,0,0,0,0,0
0,0,0,2284.90633874608,0,0,0,0,0,0,0,0,0,0,0,424.493927198922,0,0,0,0,0,0,0,0,0,0,0,1120.14593969083,0,0,0,0,0,0,1029.15373697485,0,0,0,0,0,0,1433.24024886201,0,0,0,0,0,0,0,0,0
0,0,0,2284.90633874608,0,0,0,0,0,0,0,0,0,0,0,424.493927198922,0,0,0,0,0,0,0,0,0,0,0,1120.14593969083,0,0,0,0,0,0,1029.15373697485,0,0,0,0,0,0,1433.24024886201,0,0,0,0,0,0,0,0,0
0,0,0,2284.90633874608,0,0,0,0,0,0,0,0,0,0,0,424.493927198922,0,0,0,0,0,0,0,0,0,0,0,1120.14593969083,0,0,0,0,0,0,1029.15373697485,0,0,0,0,0,0,1433.24024886201,0,0,0,0,0,0,0,0,0
0,0,0,2284.90633874608,0,0,0,0,0,0,0,0,0,0,0,424.493927198922,0,0,0,0,0,0,0,0,0,0,0,1120.14593969083,0,0,0,0,0,0,1029.15373697485,0,0,0,0,0,0,1433.24024886201,0,0,0,0,0,0,0,0,0
0,0,0,2284.90633874608,0,0,0,0,0,0,0,0,0,0,0,424.493927198922,0,0,0,0,0,0,0,0,0,0,0,1120.14593969083,0,0,0,0,0,0,1029.15373697485,0,0,0,0,0,0,1433.24024886201,0,0,0,0,0,0,0,0,0
0,0,0,2284.90633874608,0,0,0,0,0,0,0,0,0,0,0,424.493927198922,0,0,0,0,0,0,0,0,0,0,0,1120.14593969083,0,0,0,0,0,0,1029.15373697485,0,0,0,0,0,0,1433.24024886201,0,0,0,0,0,0,0,0,0
0,0,0,2284.90633874608,0,0,0,0,0,0,0,0,0,0,0,424.493927198922,0,0,0,0,0,0,0,0,0,0,0,1120.14593969083,0,0,0,0,0,0,1029.15373697485,0,0,0,0,0,0,1433.24024886201,0,0,0,0,0,0,0,0,0
