2787.88266768666
3320.96585831842
4265.28328719316
3212.75397142757
2822.77814312555
3783.21993078709
3055.69876561012
3365.08698900071
3015.76496545433
1885.97508440001
4596.48902453538
3661.32135425388
2989.66721226954
2466.92585904226
7139.91455146515
2860.49851797035
2400.69358812975
5034.0390967691
2206.6796247612
3175.27332850648
3913.16132846055
1898.89655700951
2179.53830655592
4257.67871247252
2764.58206247285
3194.45023060496
2922.81113128963
3873.32541544094
2729.80451074376
3174.60784392447
3420.26303260447
2589.02128721798
3478.98814447624
2557.96800387519
3135.67694352631
4446.72392982047
4352.27578594157
3862.54673465449
2950.8759618144
2973.19882494968
2368.22970174537
3209.37811689849
2453.1131319746
2941.31009121029
2839.83070407279
2398.51661021877
3701.06110357198
3009.20045672081
3113.80513537954
2659.10995350131
3329.75307313951
