1077.25061608328
1740.0953120906
2384.46759285843
1534.33452421712
2290.73045894997
1848.13111269267
1448.25592003346
1361.49783523602
1636.18188438543
3287.72943667597
1905.72340774843
2126.88574848673
2980.12642923024
2483.40754664935
2270.36850189267
2205.79030474859
1608.83563650571
2529.09175481897
2414.59313605496
1367.67286583605
1152.73707388127
2144.26793182535
1462.99041293283
2202.74713888446
1702.19809114013
2074.77648817611
1719.29422851393
1253.06356664278
1694.37505858149
2974.86161586648
1875.99520253634
1167.07863832994
1558.40152058705
1722.01685273549
2202.03355468969
1681.9404308044
1908.95045748088
1854.72643539307
1430.62804630336
1366.92980700736
1835.47926731022
2224.111929208
1759.41952572182
2334.52755762576
1342.61315821369
1963.2620402325
2023.76724901322
1517.60128975694
2509.06937137992
1802.12843339904
1200.8290532084
