36.9134906638637
30.9428123934824
64.7729130621062
69.747775596926
24.9784892910748
34.667902261051
76.0351593424925
40.02829364287
57.7998047304923
46.8636711721633
41.8877836023476
35.4111496887808
57.7642780330093
44.8624360946476
29.9495271599394
55.7400528780961
45.364024680589
36.4691595018346
39.886899955593
33.9858808031502
39.8990687017736
33.9291529179764
54.8220637474558
40.5098520570527
49.8484696904425
41.3544795711186
34.5671399087894
33.9267169548802
41.195275849986
52.5253984763162
53.8281245400742
40.7414236225318
37.9064966389687
37.9042803465593
32.9219398671669
62.7806701188222
29.3812441355444
48.6063158870877
45.7889017077387
68.743291563125
26.6961332496628
31.9248945575812
39.2060250560482
43.8666811986084
52.8267374081565
81.6757605200942
48.9151119926164
40.3505299377143
57.7508867498129
41.8730494571005
54.8132580988506
