104.613247594948
101.678641841997
115.512746438446
94.622132798251
387.86512467299
102.802891579086
104.839313036395
95.0883766212664
332.986325779218
88.5124138059196
324.945193390898
394.169072273487
88.6705179679793
105.566037215386
397.086456662978
342.454121246563
88.7039045169493
100.667166396468
82.9873931796358
113.522837434165
97.6013998150568
256.972826260395
95.609851456511
118.787806169717
273.314242396191
209.63214752127
92.9473418218149
92.8099779254894
245.298374441897
105.944015599669
99.6086405892447
93.7600136353058
83.7833403790012
111.550508664293
102.135776164537
337.24460775833
100.352301354774
439.525374201235
102.776137586946
103.574354300931
93.7182405479607
106.562975146276
92.6517216311281
106.12618426344
93.6818754341007
104.725795033793
258.82294920194
94.3973677696467
110.53971359828
94.6735498186322
93.7247955826745
