245.695432086685
168.729517778
221.668875380165
456.045578667512
270.451428253979
362.61771735688
290.99441170036
198.156765612269
197.838684211862
303.830536266986
299.618294156634
170.55278177998
231.95093253026
398.168297055669
180.388740657473
458.379044097017
555.24194275258
301.902079673056
403.396769367657
247.84814220013
295.124537387111
383.932397271521
296.410176587662
680.545238044085
177.454762994188
206.039912169341
203.370029040316
316.723711663026
210.300694531011
230.687900026624
241.723949800229
216.140246709892
284.03901603081
414.483739303148
204.183436097578
261.276938451088
309.582216090728
215.90091529441
189.07545591621
258.092358802144
301.902754875523
299.317339830569
294.568388624784
201.248873731031
176.616039904628
350.045473919811
244.221426605712
352.328084547888
202.652497647334
268.379748327747
293.605646826456
