85.5734757589976
35.5154779313248
84.1994689270398
41.9260021091445
19.2516438987311
130.086400471253
66.080774900905
33.7562991289383
103.419830860321
51.2772965167173
26.6697436104701
14.4832608353695
109.547912615378
54.8000867630931
53.4886323386736
51.6422619323625
111.051521008123
60.919521742936
82.3674985370499
48.9753523584602
29.1602972115386
53.4138203550267
16.9454223746561
23.3704149295027
90.0727436182133
90.945158124005
17.7576061127609
43.5765966054976
162.641001209914
94.4689711836374
27.4789735781058
46.902658221712
72.1095684756986
23.7008513872652
88.6072646416426
59.0882169166496
73.8119126797512
21.1062927705232
95.7102407334196
68.1584215689077
56.8009781793317
48.1218409711787
75.2523002966295
82.4976919653766
27.6539471407821
160.323646663474
46.1875473549032
21.8211479695024
55.307483246844
70.2293227363944
46.5586717755539
