1352.71818403404
1479.71822181655
1579.29247061156
1503.19852278594
1440.18522645054
1530.77028772519
1601.25554989138
1331.97750585906
1725.48194249121
1459.68174080952
1577.10566435874
1820.37702881764
1596.38534252281
1561.27712081403
1927.47739966043
1448.76528215342
1536.64043947466
1660.65824758674
1568.14803799242
1531.11610115114
1462.41428189193
1458.91438506753
1544.13442805635
1589.99445025357
1646.14792392305
1660.08786268698
1759.29882440311
1614.95383760574
1569.49788678169
1528.34354992052
1454.10244435448
1445.01172041326
1594.8501913958
1565.94383067587
1771.4927058249
1316.7986023304
1677.25725960849
1525.80836383636
1859.62967482727
1718.08833502642
1869.98114304136
1763.90345656869
1361.07822137555
1467.24747736179
1916.47450699889
1546.50957135119
1585.36890425906
1291.53767687505
1532.31510403872
1455.74709241092
1699.66138684209
