55.6909088795828
287.196900992065
65.0130429537412
290.715033657176
67.8736292601395
57.5598408030778
296.848185847048
62.5637304529944
55.4239527689881
310.285510496634
292.104874894552
289.508438765816
30.5989440101857
53.2900314521269
60.0277754130013
57.1481665852664
64.1078531413684
63.7331528614702
54.5274527653467
71.4737936938491
58.7774819537001
61.2786170126617
62.359866027823
55.4572233596111
62.3854269756707
57.7471342396818
56.197399627272
66.5234810177733
55.1207948636318
54.5488815252079
63.7335377343907
58.292212175154
290.822687877873
300.461922282032
60.6607437282921
62.711317891989
52.4594030286862
299.072212783401
77.1020675922146
55.1366330708245
69.8909665845217
65.2665017470106
56.1960986598576
61.7969926629119
61.8130938998577
55.7231175253135
67.369832828902
61.1861126990104
65.612505495169
63.505678969103
53.7759542271478
