367.713631311444
375.620151891909
355.889609805413
321.679007878302
419.499741093906
334.777642808421
345.072764561591
280.578779444882
325.335127382949
303.278792312885
338.516869531545
239.59823603712
283.77055496633
345.80300390155
363.595305512956
352.06558500988
339.075269919482
307.355429573214
360.892705739316
242.285457576197
339.409160461932
325.659564988153
371.55068852637
259.610165783586
369.438146156207
252.556794544576
462.764505731998
402.507537565338
355.150912275907
282.428043759603
300.356906121212
370.534858631144
256.180359216359
348.507593217209
426.328005674672
414.27339307952
354.780120002676
270.195472654473
366.560705784568
354.646986442083
380.637922415723
318.487817010274
242.060076631526
334.553196674628
308.467404711357
337.866944048911
353.789739176258
321.376576186738
306.952105239289
262.899054871877
347.990943847345
