379.14810737882
364.55744305303
420.510760281957
443.63014227586
463.746350719687
396.150231705792
757.989826639073
420.983159647265
271.167126144893
344.844523628047
723.690042258528
500.060298466609
322.000012248328
264.237508016022
217.834234406672
274.624338944796
4966.76367345003
550.720110216758
424.657148183522
267.031030120793
354.751108482877
437.31670244319
534.785272124641
761.347518485213
1193.73398273236
214.339018262172
566.650861853122
736.15627874542
564.933182126011
433.588351444177
326.726408502696
216.429818867022
393.552494712147
515.846408260727
471.399193448787
536.047219070976
279.864660684364
254.599387418906
218.81199653103
390.83331285642
437.116749218242
804.319143983565
533.979402975714
293.383154237589
378.923121250594
214.023228187712
412.000872284009
587.783036496338
322.482969379187
282.360072180309
379.69774440225
