1633.67095777575
1639.3249708769
1874.22354392981
1632.4276902971
1641.41181528912
1645.24119976719
1645.54211738149
1639.95703346155
1644.20884914369
1863.46026222798
1862.27499118887
1646.53847674813
1640.86796381562
1643.8645900313
1639.48520358158
1851.16304020772
1890.97051091781
1626.51188322974
1848.7472832988
1628.41882098734
1649.05948139396
1635.39010848552
1635.23923331972
1648.77219718613
1857.82124919476
1630.18795851628
1853.83801760049
1641.15659678863
1853.09931137139
1627.52517168367
1629.86929602583
1629.98019847987
1638.0043355631
1852.90864156263
1635.78015326726
1627.29568239272
1922.2476886771
1961.10458326822
1851.26773731373
1634.87488826621
1866.9757055232
1635.82351188838
1856.27260652011
1854.71217506399
1636.76644740166
1642.16308941605
1664.05020300796
1635.22984448889
1639.60499398355
1874.21807379871
1634.37311531679
