443.176530869688
443.176810680275
443.173148143151
443.175564108862
443.174595619892
443.175287307336
443.182923447625
443.176267598632
443.175068594672
443.174164493696
443.174567542453
443.174736129302
443.176995406633
443.174449769904
443.175615683677
443.175299410716
443.183623850716
443.17375971136
443.174198852253
443.174623351656
443.192365175146
443.174165285164
443.17470473556
443.17253185187
443.173700389693
443.174563050395
443.177644093259
443.174829854216
443.173669061761
443.176992489116
443.191980261644
443.173659269655
443.176116999073
443.175480973591
443.175596700285
443.175171147693
443.175845561592
443.176418924132
443.180020305002
443.19693235562
443.18244971001
443.174862762579
443.177362898968
443.181356357393
443.175456239423
443.175449679048
443.175408297257
443.175503668639
443.173200722642
443.17457841875
443.175991983495
