707.08828684367
709.367162169262
699.44609030655
721.712056392353
749.959884198335
716.159983923189
660.514777127894
643.710916481017
726.999268313305
647.974525109739
665.076402432157
712.916742240162
715.999492903625
724.48470909248
784.388716120024
712.094022234046
706.512205078791
720.112901370882
756.962337526062
760.483676422798
768.366163240201
701.982924358885
738.245565947008
727.63686167456
701.547354819851
673.104178312533
669.433684964029
672.743118486324
741.289388466566
758.640330411093
743.520693641466
665.883698707391
708.402319045356
699.924761437221
688.161739005851
722.778759707027
717.208257938075
668.733271077394
657.589234590285
730.861976095123
688.411805164455
678.499870193165
655.156643225895
745.734067814522
701.808624790076
673.100001137233
706.020898270179
700.533243888011
705.236811154592
711.463998669546
681.675569905247
