302.830692648638
223.682118600404
342.855020635167
262.583033242814
262.795531755659
312.581662329941
253.698771376037
372.705692155218
205.895560071686
321.799080753076
373.307372071245
312.581662329941
281.250746723406
318.478858594005
258.034895917194
336.159975510185
310.481887381788
311.893024509444
243.890016389987
201.713170431661
344.049544326738
249.684607108775
284.46491339284
213.663797651156
298.192771995848
223.990539555802
312.376892891712
312.581662329941
270.784467595215
206.306591976906
253.434589324009
342.855020635167
387.21337165781
308.62085930032
321.799080753076
344.049544326738
358.309297971047
313.333053615447
295.176420477194
268.273729749303
206.111494681316
204.3562076132
206.820752076114
312.581662329941
289.139755227396
353.408889024107
284.148591884058
258.34394670888
270.384258936599
205.152418298505
307.665592265486
