11450.3804451632
11317.7660276664
11457.0036168164
11127.0493646869
11175.7328567784
11317.7677912016
11317.7691683867
11053.1585642185
11307.8279592189
11317.7694300223
11435.5832765141
11258.2076930594
11303.1180183814
11317.7672967866
11317.770769476
11484.5797934514
11317.7732542734
11258.2037613679
11243.3507426848
11303.1163444124
11127.0513633787
10999.2715206634
11317.7672442895
11183.4649623191
11243.3491440524
11303.1163234711
11112.3339091882
11258.2055434574
11258.2068021014
11258.2102508793
11450.3767470971
11303.1177433702
11168.5063289497
11450.3821551444
11317.7701555371
11435.5858346415
11435.584333452
11450.3781215718
11303.115635739
11450.3768327545
11243.3515811965
11303.1155042129
11303.1194528257
11450.3837172957
11243.3527267115
11176.1783582059
11161.0596470731
11127.0539483176
11317.7723410925
11317.7694028715
11303.1163749995
