100
101.828992772426
100.538429583233
104.926472437581
100.397469647852
100
100
2002.90183437532
100
102.866219836338
100.347391282769
100.686790429697
2002.90183437532
100
101.450065776831
101.414185987393
100.498072734154
100.63617269619
100.734491199381
103.764147609799
100
100.634508171099
100.287844979069
2002.90183437532
100.398195642903
102.114123017361
101.993398694813
100.347391282769
100
100.344439317795
101.182583517878
100
2002.90183437532
102.372259102089
100
100.491440086158
100.289045931825
100
100.286376883042
101.751297114215
100
100.287844979069
2006.1485971916
100.897838753877
2002.90183437532
100.606412890425
100.819015880686
2002.90183437532
101.147629938938
100
100.44723486758
