541.079876507087
522.896433466643
466.845246839076
581.350048494246
492.033111175204
562.640303211866
423.09675838747
488.675644293563
872.550372700755
413.977392570243
926.616256613908
589.849949350085
652.551270625639
602.225896496841
423.338611351477
470.181379121686
491.179584646607
514.046607273744
469.727702781704
941.518654496235
427.806331089203
547.820336367812
849.889853522506
508.497965269022
550.683853825259
627.8998127652
647.746245502377
543.779413242705
476.755726305063
436.535765069273
529.62938703901
456.870944665255
631.588160915213
478.826017411319
440.038649450346
637.555594347636
463.54569427398
428.417999470118
694.558557144995
486.745671801468
467.326195635528
471.666034837201
492.967034776762
458.174889551748
619.983863469981
465.23673773626
596.096349666136
453.624463227889
486.862706131204
591.180888206626
586.85664375766
