443.543670090629
444.546894175203
445.74072206369
397.842083174684
399.802314963394
443.703359366518
443.443354528979
444.028686155871
443.721566138495
443.753501514986
443.902916658928
443.574155759467
443.782619415964
443.952808497462
443.713867754479
443.51320647489
443.403528498652
443.451871494244
443.45534802513
443.329950401073
443.578773525764
443.410040225938
443.792274840582
397.833387588731
443.970781993948
443.389531739165
443.468126885225
399.584967871679
443.417479938361
443.513975529408
443.625756793841
443.617469143637
443.91875655513
443.518575526309
443.603918687981
443.582046838868
443.607315157622
446.248749241071
443.439582670255
443.374838576217
443.429593094897
445.348141786964
448.265157871471
443.425794327327
443.447572355401
443.480406718641
443.643030951106
444.950116790611
451.800613817565
443.543530978468
399.891906878193
