200.000000000002
4676.70316324557
4965.55921559861
300.000000000001
4777.69505484607
4810.5984886505
4660.09871183903
3628.08266345991
3919.57011058871
4748.31892103869
4725.09397576025
200.000000000002
3714.71563532044
4975.27704469839
5917.54162924534
5195.46437895987
3721.66525813174
5111.09937634496
4407.12279778358
300.000000000001
300.000000000001
4355.28376189321
300.000000000001
3949.69249265107
3431.36484127934
4936.00528738212
4781.12278613098
3931.93248592217
5378.28338839147
4320.47798533968
4324.97136875524
300.000000006296
5241.44432556599
4510.20535035658
3735.19478100567
5471.35153752016
300.000000000001
4338.53574484486
5104.30139322757
5160.49659317945
5012.72436865404
6655.77995428699
5295.32746856982
5193.99753932758
300.000000000001
5448.51791703077
300.000000000001
300.000000000001
5208.07578428853
4216.53862078003
300.000000000001
