505.553405465376
502.058746082001
510.506654467611
509.903412397772
501.528362828176
501.727402389916
501.846642757757
502.772850861159
501.737905037632
507.761522558395
502.171475985514
502.222090223157
502.351514176552
501.55761720755
506.957313330456
503.805239928231
502.658990704425
501.951257233028
510.121172139792
502.478821155323
506.393421294626
507.673762481261
503.322974985871
515.873721686072
501.411258824801
501.430151207257
510.840152979708
501.535086022939
502.775039968685
501.901711156348
506.47405431414
460.619072148989
507.733948957398
502.654500336781
507.799297317149
509.783348635327
503.109399093928
508.792610475055
502.916977473142
501.425062457653
478.780989139329
509.486182527919
509.719303864259
483.519612343539
502.177856893134
462.900203816544
502.493811184793
503.238549276146
500.907944022439
501.438849386481
502.679437147321
