1902.34836012463
1820.73943454826
1651.1364263293
2252.3672589194
2364.76646254098
1602.21293993712
2651.54992508322
1949.30842568246
1799.3161616624
550.845892888578
1377.57158948237
2251.47017538962
1865.10562366415
2079.89455341267
1206.60657302416
2282.49314512058
2169.85452163466
2502.997692913
1795.41776765952
1821.09958805789
2102.68228829888
1991.10593171404
2415.65874890942
2138.38288967806
584.855003503611
1893.64960825643
1897.00012387455
1884.23075470314
2489.38912809239
1495.39525660587
1944.95140658104
1420.96058471413
2092.823450769
1561.90559905464
2477.92042590753
1471.27726562254
1774.74767178824
1971.11494059859
2216.91215276345
1294.19846995511
2353.07305121843
2121.5034250224
1829.59914831392
1847.06041321205
2312.6512074545
2244.50414675734
2476.63313737584
2243.34389339615
1467.96154510703
2016.15311486481
1718.10966268683
