6750232.66119303
6830154.37186064
6492892.85106991
6457061.00125046
8643920.99261461
8669832.24992818
9658373.31245002
4833467.14893478
7668043.91911443
3542943.90386682
8291361.58320905
5694907.03771965
9862300.60842831
7681039.15349622
4397383.93685783
12353096.9682873
10918082.2679037
5943672.69849864
14305909.6282004
6089190.14040348
6722399.25455943
8706900.29109634
5891467.66903303
8526839.27222105
4457447.64431764
10689790.7341705
7643193.36812988
3962037.34334688
6315616.15640154
4473043.99342563
7059988.06343924
14621674.4203794
6868134.34958685
6262907.21894474
10914861.6196099
11714856.9350885
10592134.866024
8905897.89820159
6753708.82717641
9749719.7901457
6883540.1732531
8992113.6444652
9150515.34079428
4590313.58854348
6338570.86315612
6076209.23437428
6267345.69345911
8229442.36630283
5795940.94274721
6139991.17100736
3629210.77912643
