73.8178437893117
3.98662385747872
3.98662385430094
3.98662385430094
72.2175601817374
108.683988750046
3.986623854301
3.98662385430094
72.975163765939
3.98662385430094
3.98662385430094
3.98662385431572
3.98662385430094
74.6330711134888
3.98662390114583
89.2004291329756
3.98662385430094
82.0133619502017
67.9677077093093
3.98662385430094
3.98662385430094
3.98662385430094
72.4803330027588
3.98662385430094
3.98662385430094
3.98662385430094
3.98662385431885
70.9867329920901
3.98662385430094
3.98662387915573
3.98662385430094
3.98662385430094
3.98662385430094
3.98662385436785
92.9331680114108
71.8660705254292
3.98662385834945
85.9754131176049
0
73.310019221538
3.98662385430094
3.98662385430094
59.3873703553254
3.98662385430094
57.5611394800328
71.1805799303679
3.98662385430094
3.9866238543014
3.98795634072769
0
3.98662385430094
