384.050833424197
384.050833424197
384.050833424197
370.121873518461
384.050833424197
384.050833424197
384.050833424197
383.055874367104
384.050833424197
383.055874367104
384.050833424197
384.050833424197
383.055874367104
384.050833424197
383.055874367104
383.055874367104
384.050833424197
384.050833424197
370.121873518461
384.050833424197
384.050833424197
384.050833424197
384.050833424197
384.050833424197
384.050833424197
384.050833424197
384.050833424197
384.050833424197
383.055874367104
384.050833424197
384.050833424197
384.050833424197
384.050833424197
383.055874367104
384.050833424197
384.050833424197
383.055874367104
384.050833424197
384.050833424197
384.050833424197
384.050833424197
384.050833424197
384.050833424197
384.050833424197
384.050833424197
384.050833424197
383.055874367104
384.050833424197
383.055874367104
384.050833424197
384.050833424197
