63.8611996754726
64.1778472982838
64.1873250519898
64.1873250519898
64.8420676244477
64.1873250519898
64.1873250519898
63.8611996754726
64.3422115623973
64.1873250519898
63.8611996754726
64.0156924456443
64.1873250519898
64.1873250519898
63.8611996754726
64.0156924455879
63.8611996754726
63.8611996754726
64.1873250519898
63.8611996754726
64.1873250519898
64.1873250519898
63.8611996754726
64.1873250519898
64.1873250519898
64.1873250519898
64.1873250519898
64.1873250519898
64.1873250519899
64.1873250519898
64.1873250519898
64.1873250519898
63.8611996754726
63.8611996754728
63.8611996754726
64.1873250519898
63.8612205866095
64.1873250519898
64.1873250519898
64.1873250519898
64.3109634826685
64.1873250519898
64.1873250519898
64.1873250519898
64.3422115623972
64.3422115623973
63.8611996754749
63.8611996754726
64.1873250519898
64.1873250519898
64.1873250519898
