67.2576149477827
66.9908407882247
67.2576064694811
67.2575891765445
67.0599906000296
67.2578429036714
67.2576242223138
67.257712725406
67.2578801759361
67.0599413916448
67.2580284429832
67.2576097503869
67.2577544669609
67.0600330374666
67.0601587363642
67.2576528647438
67.2575979132042
67.2575855378749
67.0599397627705
67.2578151910923
67.2576846577252
67.0599215607157
67.2577070057514
67.2576789875452
67.2576594173104
67.3880074099512
67.2576936648617
67.2576020391801
67.1529075535332
67.2579802741139
67.059899162638
67.2576870728968
67.0599906802051
67.2575923941985
67.0599019381922
67.257728802645
67.2575975531975
67.0599660246182
67.2576307150459
67.059942407476
67.0598995154819
67.060030758568
67.2577048974706
67.1531501396655
67.0599579823532
67.257661531259
67.0598940713567
67.2575860468445
67.0599817971266
67.0599640948418
67.2576876278802
