197.995300285458
197.995300285458
197.995300285458
197.995300285458
202.970070336391
197.995300285458
197.995300285458
202.970070336391
202.970070336391
197.995300285458
197.995300285458
197.995300285458
202.970070336391
197.995300285458
197.995300285458
202.970070336391
202.970070336391
197.995300285458
197.995300285458
197.995300285458
197.995300285458
202.970070336391
197.995300285458
202.970070336391
197.995300285458
202.970070336391
197.995300285458
197.995300285458
197.995300285458
197.995300285458
197.995300285458
197.995300285458
202.970070336391
202.970070336391
202.970070336391
197.995300285458
197.995300285458
202.970070336391
202.970070336391
197.995300285458
202.970070336391
197.995300285458
197.995300285458
197.995300285458
197.995300285458
202.970070336391
197.995300285458
197.995300285458
197.995300285458
202.970070336391
197.995300285458
