424.843585332289
420.863754141735
419.868795084642
421.858713198828
423.848626275196
419.868795084642
423.848626275196
419.868795084642
420.863754141735
421.858713198828
423.848626275196
428.823396326129
419.868795084642
420.863754141735
420.863754141735
419.868795084642
407.929753293092
420.863754141735
420.863754141735
420.863754141735
420.863754141735
423.848626275196
420.863754141735
423.848626275196
421.858713198828
420.863754141735
420.863754141735
420.863754141735
420.863754141735
420.863754141735
420.863754141735
423.848626275196
419.868795084642
420.863754141735
424.843585332289
420.863754141735
420.863754141735
423.848626275196
420.863754141735
420.863754141735
421.858713198828
420.863754141735
421.858713198828
425.838539351563
419.868795084642
420.863754141735
420.863754141735
419.868795084642
420.863754141735
419.868795084642
413.89911159076
