849.748986735894
883.22577111267
866.112367354191
870.475770699078
862.498987149486
849.748986735894
866.112367354191
866.112367354191
866.112367354191
883.22577111267
849.748986735894
866.112367354191
883.22577111267
883.22577111267
878.862367767783
866.112367354191
870.475770699078
866.112367354191
883.22577111267
883.22577111267
883.22577111267
870.475770699078
866.112367354191
883.22577111267
866.862390494373
883.22577111267
870.475770699078
870.475770699078
870.475770699078
866.112367354191
870.475770699079
883.22577111267
862.498987149486
878.862367767783
883.22577111267
870.475770699078
862.498987149486
878.862367767783
878.862367767783
883.22577111267
883.22577111267
878.862367767783
883.22577111267
883.22577111267
870.475770699078
866.112367354191
854.112390080781
854.112390080781
870.475770699078
866.112367354191
883.22577111267
