4481.10142107935
4557.10304405959
4536.83077980675
3.40150376583972
4489.03574106212
4513.19395958415
4471.46479936339
4601.92316976059
4493.64686616737
4515.82982761423
4542.10381597361
4493.64375929087
4477.83139909828
4480.0102713752
4502.55897742201
4468.55898343934
1.26676103884733
4419.49104778501
4546.37788133802
4541.009635938
4580.9187094298
4506.92031198858
4501.92053698347
4559.01188918028
4519.64706868265
4467.46771281043
4596.1933491938
4468.65010031168
4518.55898438277
4536.1024025158
4465.46469862464
4497.46641333447
4465.55592229576
4593.65090422767
4475.73639628073
4526.46578079984
4513.37322743821
4503.46781569488
4596.37627400932
4497.37688508405
4428.65012731
4511.28350398024
4467.82979550114
4590.01449508224
1.51756386458408
4515.55754715295
4503.73661984822
4475.46641047932
4541.19396374955
4486.92236129275
4592.37607629504
