8090.59193468549
7499.36177137723
7260.71061374262
7972.93764609108
8091.21532829248
7912.15042781539
7696.79803253965
7695.69317649755
7952.1071461737
7498.76445700218
7516.53342470291
7873.83802134857
7439.23725347377
7280.97363094195
7932.57550114723
7360.07762161808
7813.9657591391
7695.24160191884
7379.22799061288
7438.37615940023
7023.37470454461
8110.31366847709
7577.66473538787
7537.733489898
7912.64692459429
8011.31657873966
7478.12767660426
6983.89092337185
7597.03977362748
7872.85238347734
6531.52363921742
7340.66326454523
7538.03640110784
7260.73276119515
6944.83400033904
7142.64403006193
7418.76752315179
7182.10287478977
7419.25009582172
7654.95619347057
7595.86007375739
7894.25198342519
7913.21824362293
8170.12058072977
7715.93092128596
7733.76631850655
7735.77420413971
7557.13611410839
7773.6645999268
7063.83396406703
7477.54473593908
