4297.01256261767
4651.87206348329
4297.01256688324
4651.87205485134
4297.01257616313
4651.87206484936
4651.87205545247
4297.01256118957
4651.87206668617
4651.87205533888
4651.87205964095
4297.01256786364
4651.87207201127
4297.0125684432
4297.01256501581
4297.0125717135
4297.01256246046
4651.87206759296
4297.01256937173
4651.8720800412
4297.01255986475
4297.01256684966
4651.87204772585
4651.87208917761
4651.8720620326
4297.01257901024
4651.87210265545
4651.87205601893
4297.01256761221
4651.87206361814
4651.87206952682
4297.01257347436
4297.01256660793
4651.87204622935
4651.87207343809
4651.87206068476
4651.8720552418
4651.87206543623
4651.87205867158
4297.01257324706
4651.87205573249
4651.87206358037
4297.01256416703
4651.87205468952
4651.87205969807
4651.87207701243
4651.87205498338
4297.01256820274
4651.87206605264
4651.87205266673
4651.87205651784
