81.5860600379074
66.6618517878005
69.646708762366
83.575932537949
131.615511777367
76.6182020005472
55.7174595693523
87.5555438263336
92.5303290361619
76.6113969274854
77.6062490440677
74.6214990100132
83.5828445515217
83.5757328324939
85.5727576278894
76.6113513133405
81.5859368177137
90.5403703456493
75.6163922562471
100.496536011836
70.6415457200528
81.5860600379074
75.6164530292874
76.6113513133405
66.6618366289051
90.5404311186896
126.640971887139
65.6668826096309
63.6769796543397
73.6264791798797
70.6415457200528
66.6617347262131
93.5252880932551
87.55566592574
68.6517497052726
77.6060650508336
134.600512168841
65.6668977685263
84.5707683748485
138.58032316268
67.6568108448937
71.6365249738606
100.48974609767
56.7122965270391
81.5859570144282
69.646708762366
81.585999264867
154.499362211868
87.5625536426696
98.5068226409242
67.6568108448937
