111.790523268407
107.810752850893
136.664429075395
127.709705734502
133.679556941935
111.790644814487
118.755272206566
97.8612939016789
109.80073173812
116.765374289094
117.760328308369
118.755287365462
108.805772681027
115.770415232001
112.78554309854
125.719929916436
122.735098359301
119.750226225841
138.654281378723
124.724970859343
120.745185282934
115.770430390896
123.730057416395
110.795711174825
106.81585456684
110.795670598499
118.755267168747
109.800711541405
123.730097992721
117.760328308369
119.750185649515
128.704781853183
136.664383461251
132.684597884841
139.64917910945
122.734981297714
122.735143973446
105.820941123892
109.800686123975
121.740159498923
111.790624617773
106.81585456684
115.770400073106
107.810854200259
105.820900547566
134.674510961209
121.740139302208
102.836043573
128.704781853183
126.71485361792
118.755302524357
