3015.4035700374
3105.6091060278
3103.22132680726
3230.66038148889
1791.23736121253
3518.11930883165
3097.413724803
2712.37707437963
1964.50282215683
2826.01093227867
2300.13771962542
2276.9147007416
3053.16716408797
2354.58197070405
2289.87460701364
2820.38356169612
3135.73407709355
2836.09389347985
2666.62805515828
3059.87304524583
2822.64070466973
2464.37074317166
2423.80894801591
2943.26113086505
1605.66672156633
3223.68880972386
2470.36636165504
2155.61835565232
1684.98818696899
3732.0026580075
3252.64663518387
3364.95636700276
3234.83888759657
2587.66954829644
3481.34359166612
3622.09648422853
2442.95801331971
3314.45783991194
2680.75866061822
2708.57611677569
2635.62249823765
2468.61472735828
1491.39982723212
2892.39785295759
1924.64054562206
1802.40864943255
2441.20895512924
1959.56309848296
2784.68535030487
2641.80430878422
2624.43584588356
