1784.50056260033
703.929551100532
1709.35404242529
1014.06414813892
1273.11058843501
1931.92032290458
2039.48776032426
1192.9818197577
1099.26273348384
1714.04315930634
1092.73879137799
996.46565031998
1380.75047375875
734.480478048131
2085.49849274153
589.356350000511
1296.94261513493
1469.23577632986
1602.77522295939
1690.5985612933
1398.46955473169
1293.54701239971
2378.70413488547
1837.82852297343
1682.85308802542
1042.65256538676
1136.77091766515
1019.15848745555
1375.95432248457
1432.46491358903
1983.89081142412
1254.07572215322
2347.94968847701
1379.67929662878
998.947664070113
1947.0574837679
1666.06222798589
1623.11242586142
978.179042811521
1333.49133631713
903.751363765927
665.878290301977
2303.33315645288
1773.22120651593
972.295303863405
1492.76471436965
2060.23946741473
1727.42758655948
1310.71432266501
1001.73360080079
1392.02459435832
