3411.1693659311
3604.68378887966
2342.93138881717
2692.50276577809
3361.35724020172
1497.70755624058
2524.11031063664
2576.02688229858
2288.86772924807
2681.70272641419
1991.57777067112
2206.202659641
2309.32584937748
3363.28446789716
2585.73162023344
3901.01694235154
2135.24114304038
2317.92945825385
2314.52225227307
2449.45119980737
2100.61546916981
1882.54408600462
2386.59745042282
3352.46045565401
2419.1323630917
3000.00248234475
2064.41038177571
2093.88963044105
2113.34653989953
3132.57845523662
2282.44666316691
3360.9846376083
2053.54134501063
2899.07191561049
3094.89669242805
2256.72235533607
1836.12504640822
2892.38766687201
2297.98795576266
2095.12765758113
2034.43654204602
2195.01506242041
2688.73331463024
2365.16191279762
2355.87034324316
2302.95435059154
1503.97644199206
1746.87802141423
1293.81379971493
1757.93726987075
2944.39877757571
