99.5950320351269
108.548676831348
116.507410633363
96.6092607495266
112.52560987262
103.572085871768
97.6061421263878
102.579188481987
90.6411577910203
87.6561300471139
69.746207409682
106.5572526947
87.656322663388
113.524112035518
103.572310759294
92.6286908715151
83.6738864498629
91.6304539760886
95.6149395197544
92.6278900398556
116.50861151587
109.545016010301
83.6758339937253
85.6660000514455
73.7270347377375
85.6662751676065
93.625424388553
94.6198995644281
97.6052657359562
107.55224891346
97.6036472522937
102.580048129974
110.539583558946
107.554847190074
75.7153551589934
91.6362179883076
102.580841156868
92.6284785773705
107.554123767879
106.557910802266
90.6416592409034
100.590823854725
120.487165867162
89.6458263558252
129.440832616838
86.657489409291
101.585005840139
107.552199733051
106.560670234141
82.6796723345735
92.6311119386351
