202.735484300231
235.805124162683
169.602859575189
157.422681667512
164.275190057185
119.828262020414
178.586079242923
169.990485856264
163.096057512581
161.454451492839
218.01724980276
236.19371376921
260.579641153699
278.476580524818
179.855273218375
329.040935588456
198.521564783417
164.114459831472
150.159112805952
193.375048859447
71.7634901533033
217.424662855433
261.71605757943
204.192501764371
230.724426404573
203.784303937276
165.775197545286
263.973063777838
217.539570785134
183.791523676922
173.962342503601
188.147841815574
323.143799674043
219.291824410553
291.615374019761
109.462462628652
170.22795663951
173.990323088375
138.253562807808
210.52647161371
203.641304090233
206.236256308327
250.366422715472
251.784901748542
190.767932357429
213.292257141458
215.67458772629
179.33902824692
256.284773170154
194.427033935351
177.628496897089
