397.850041355942
404.661865753777
377.936126511115
413.151381176779
474.091990383693
451.650019828797
436.207191941676
341.483981929613
371.477697787125
361.857482770694
368.465521860744
378.792965217369
311.757154604081
340.314452376752
362.205674170045
400.230648283289
408.099297284469
391.01677793998
324.744281756779
442.517360526799
329.524755350466
402.706941266617
323.203672080036
405.506802446223
417.007754712974
403.780494859684
461.758450199437
363.664522234067
533.918403892748
347.014035631347
355.703066494513
376.199099461057
412.360923631538
414.799060368571
499.983614275183
415.696583303583
402.066989194916
317.65636761796
453.885993380187
398.814061519284
403.902477119533
445.656262392856
361.607713496326
357.696985265581
376.363737343408
410.963960318516
419.646764235076
407.991422928442
382.090337127201
414.524580348724
467.765494377377
