971.477771292561
1163.85064480249
1071.01141571588
995.129983432407
1387.75874534821
1044.18794862901
1248.01659198213
907.535394690421
1248.26400382741
1101.51419651811
1422.57835208876
905.623523649645
1365.20728170527
971.601069710395
720.768305036835
853.29155306931
1205.78229563202
1104.52331037912
1452.58804836348
1185.10416433563
1302.11613813129
1363.16293572311
1328.30838798007
1254.61069216233
790.085472855797
1342.34989029428
1248.5846574173
1409.86015696265
1582.23367808492
1204.18477360318
1116.11904972026
1149.21443255082
890.018252600051
1068.254640042
1105.15001242421
1505.65694628347
1268.79526127009
1505.3809591831
1146.86514298017
1068.25570086094
1125.02237012806
1392.0007646886
1259.51709071697
1544.04156832186
1186.46001618458
1484.67508686488
971.669664899335
1485.32952439391
793.974623849105
1423.26850233742
1150.32404382507
