194.677616693206
257.372300005714
177.175421460019
237.398671235873
199.321367315541
191.695934734191
230.650082465733
222.004874784353
236.14161572013
175.953382903379
193.563729782021
234.24223676585
188.125345392375
221.166919325962
236.278359320734
273.506640795995
308.461312155216
234.761218350656
279.446693101055
174.006938358341
171.976426715872
186.749183215079
207.584739286842
182.530806866962
220.656963481298
284.370450267661
235.876533750962
218.839233019312
263.604562840249
209.386747089322
262.3402078526
162.911369637291
192.627306260094
159.967908788517
177.665190420676
202.63891745312
231.728804195659
235.361211557285
200.331276425488
241.445722366387
214.536583608505
175.159568700493
258.642348410756
222.962207489616
193.574318602588
235.945609370499
205.54489554174
189.100542979863
233.476303486043
177.926890529721
209.544482626555
