120.642824240749
144.883536941752
89.0478756668219
109.346669867094
127.759920616306
103.343124829065
111.1041661216
95.4947268459259
216.747601773366
171.192187585108
121.974432010042
113.903464993414
181.771703893497
99.0759128192133
129.551817875941
138.654876761861
151.417521523694
116.623749227163
160.47545992677
213.827900250021
134.410422648149
167.216598595149
163.41010724446
156.771852965329
142.886488754123
109.914852739775
158.246345672985
89.1659434971543
148.838368365624
108.710930254357
103.894261961586
152.931499689357
142.763839275488
135.502414303502
172.679879732855
170.92562849893
135.395212840781
117.374340226899
91.665430815026
145.088824338726
301.791407490874
183.350629695105
132.442653950526
139.49062042674
121.904392688152
220.532007844122
141.604495835845
192.727244215713
123.799246964525
201.463154061214
137.573543961956
