208.838084847659
111.740823526883
95.0571337032582
94.0754835626119
85.2880155161165
133.391189250527
104.091849230415
133.651513371291
164.866137467869
127.384554136321
121.576516159734
124.741927883779
156.788417862783
109.361248360439
113.636426788206
110.658329356917
96.4622075415343
121.063572999949
71.4289765652368
104.046795342999
190.808884103564
123.260906402656
127.143656443022
120.930851156163
134.01237080382
165.214542958745
115.430146641066
101.748256385321
106.095270401603
270.470368988138
128.699866347033
108.146504166621
98.6577749401506
116.540939740229
116.286570851556
120.66916989581
121.756897983139
127.692455446856
115.096008504526
120.112153660019
141.406254504874
139.155852294749
147.994591017092
122.785411033252
90.4872443242714
115.390626955067
92.9932030042328
105.103631319631
117.126039014523
104.607146193743
164.461170699346
