1845.69433843171
1646.35059690719
1636.86433868193
1626.18275096097
1855.49038404011
1635.57818162934
1853.92178128048
1634.88690620951
1628.57299089463
1629.57450135612
1628.56207365095
1635.64166804339
1634.88669153866
1625.35905421961
1639.86627946349
1632.54770217615
1646.45031467261
1845.73895591225
1645.90055655298
1636.10551968946
1646.77164624512
1628.60005993783
1636.80226135182
1628.5608757766
1853.98933245774
1852.65853826152
1632.09449271619
1635.54222616863
1633.54685912052
1642.30181154596
1645.75473953626
1641.49368297266
1629.17066902556
1626.59284946621
1629.81779442112
1625.56963732563
1849.27215188646
1641.8940325437
1635.52325462981
1635.05401971861
1633.12966633717
1628.55997211174
1860.00695076909
1632.53426084
1628.55662821014
1635.54605736381
1649.14420258151
1638.32578671492
1638.33283629467
1852.6618912792
1628.87254397005
