410.393680773062
498.868040791534
454.722877430178
524.016617210834
484.104838767533
483.276564307317
471.016478038906
496.191855746831
410.302159872138
471.289416483227
472.835728811426
535.815513281296
446.93838151049
447.84696625701
487.530217206638
473.094179622088
503.275586881062
465.521740839007
522.838495180513
471.289416483227
479.200499761459
473.961689544172
484.018676195911
477.851295015957
442.237431367078
430.775217829533
494.227545839927
502.325661275047
456.83193411609
464.207241950618
477.753216816478
497.626118786593
433.967685479824
481.032394913691
492.965705811794
440.128205664653
456.619742252503
533.588244480703
444.191712719534
427.308983822468
472.898238865943
443.933872514079
486.182035455918
521.730900154576
488.661867086497
473.094179622088
472.201036239212
495.002235764517
435.329031246031
503.703426991417
500.556021450722
