396.900861574656
383.499129971375
350.788537042612
324.925435912366
395.942465758757
430.700790731862
324.430724152758
352.31664445123
343.237092406375
375.547519188641
312.175160956011
350.562385304851
336.084927497749
343.491555661456
393.107448289249
349.767967524424
357.439448598164
334.623284785685
400.158893429989
355.136284614995
361.83972040357
322.352244691158
355.124281012064
363.805427257487
380.616689426313
346.517371338125
313.842303290565
341.37594434468
332.884431146431
323.64403653583
353.222070236245
369.699386671401
362.118005195305
383.72051379273
383.450199662439
387.183827213758
330.582408806873
382.163208657797
420.009851383971
373.941455484602
337.609821617757
351.161300450422
358.179240774496
404.319877464119
352.43780328733
383.194127586984
368.439880310221
320.416650232882
385.511609258971
382.86320912687
346.797175937612
