5181.8449905191
5508.29500756279
5440.75454302322
5228.76728482746
5539.76678453665
5417.55251368433
5539.76677687346
5791.38920439423
5502.17998100215
5544.92648015474
5228.76721836403
5462.06201736352
5718.18991975992
5624.34186088321
5525.83563521293
5373.46800548709
5690.84288677171
5758.40741563422
5780.06943268868
5323.23181172595
5440.75451557524
5477.39606071751
5510.10255641736
5476.96023381347
5559.49294651539
5373.46801889772
5373.46811845614
5508.29499875371
5408.77378945305
5559.15731944888
5508.29499764093
5590.7689921099
5592.07108353881
5196.34501956699
5539.76675723344
5508.29500815544
5373.46802099689
5322.32597464122
5728.43929612539
5920.91254423587
5676.77001369459
5834.30633404445
5559.15739156661
5728.43922676616
5592.0710407562
5590.76909601009
5408.77383320934
5590.76903527061
5323.23183020349
5508.29502566204
5525.8356742436
