537.188606780583
532.930846665563
547.789749399225
507.707000397732
522.626914431654
523.60074650621
536.95696113234
519.901051313097
549.067882510745
516.020953334045
531.555339839245
515.150971125112
515.628918287502
542.725184255956
532.482797147979
529.218893504853
531.921468206878
536.12874249622
528.655622521389
547.238838240731
547.754789772506
529.373471497145
542.883111363595
524.586248261827
510.334665762687
520.69326273511
527.976802313161
521.147393023644
542.692235280417
547.380044014764
507.286878751172
536.275427581305
522.763383009584
540.578386814175
533.690605036444
548.952385938409
549.011350749805
526.048796675745
525.759562050988
517.381949090989
512.852641639984
542.584490484698
522.355763495333
515.841132628982
512.512317712334
523.372696195799
534.465094457265
518.977091041395
546.931263690161
495.534552386913
525.497904540121
