432.4389560577
430.930134016162
438.401741780488
430.14538541514
421.880450027474
437.196594414498
441.624784653087
438.370261682577
433.014065099392
447.083365522283
438.764439435336
429.53092320823
436.952379449026
423.448014034521
431.902211490775
445.19711380183
425.524994958167
418.842088471514
441.260236198172
422.161345747397
454.67642643022
425.973828212692
425.680754713895
433.374146425493
437.93528716644
417.555804529945
443.990030571147
437.908980194339
446.892865285757
435.120342087244
423.301460109992
433.632932058659
436.115981810869
434.799313472819
439.673491696016
415.462241963288
425.292665430381
422.522962372448
421.627671776101
419.681649265266
426.820421078777
431.025242545578
449.126670154333
430.507303708898
449.836115620325
433.841054523065
443.672182979727
452.342868802155
408.125880285022
427.060120026255
432.205019486933
