386.830614640278
386.875870261892
386.860714972686
386.779998859189
386.81650687579
386.890599329862
387.056332235997
386.899125726825
386.884935685739
386.835003541046
386.879568874662
386.820169361182
383.405761931954
386.828435838763
383.399071803913
386.789684652739
386.817118761952
387.043230278427
386.806447091575
387.248096783823
396.649669619488
397.026866875252
396.635933354142
436.753588972859
386.738635703872
386.952957840587
386.827108454154
386.870781921014
386.803937986772
386.829670832883
386.910728731044
387.249739643072
386.843310673442
386.794523871671
386.941661877519
386.878836504327
386.93416969785
386.843118598872
386.769884339405
396.614475679874
386.905429337472
386.715517899707
386.950686731355
383.39942333727
387.064205025645
397.004046902636
386.796170339892
386.84298739828
386.768773272268
396.748513936744
386.81426394431
