553.822608903455
570.033381428309
562.675425277108
568.737032867058
530.298445200441
569.927792421502
563.331199238275
565.434559327017
566.363176678457
529.826664648027
569.128866639032
573.318252576282
569.014718997073
529.274488769083
569.374450338481
568.826257384928
586.582391292742
569.365097261601
586.689441474651
585.411653063506
530.133123774392
480.331617827554
562.934906510987
568.689081706578
529.329441529866
570.73804220434
585.063683405429
565.614602550072
584.936909486913
569.978841565678
568.773100690595
568.367844557273
587.442146717001
563.509698982619
567.236758934245
530.755724702614
529.828481725849
531.588062056217
587.91260298373
569.233441039099
571.006428348027
569.839466434964
567.798874190269
480.366634297284
563.469461533773
569.258182396199
569.836208452404
562.575136506249
563.659475050043
569.797300336246
563.172234881003
