4078.74562883649
3893.77227617907
4078.89136678321
4047.06472877848
4059.7768426862
3994.98723706287
4059.77685016396
4059.77682909979
3994.9867759826
4078.8663364737
4171.5779132804
4059.77685527819
4078.86773630047
4078.37076147369
4078.3703266529
4059.77683707574
3990.24448439734
4067.4613182332
4078.37024443256
3989.11593292729
4078.6476916394
4078.75215165696
4185.53024656288
4068.83876151792
4078.37026042199
4078.37023824623
4047.06469930939
4078.67370566191
4067.46132250585
4078.37671111194
3893.77239949458
3996.36128969449
4078.89750109706
3989.11591594675
4078.37030767742
4078.90697898955
4071.24907320219
4078.37095267946
3989.11590981092
3263.6810413174
4067.46133476251
4059.77684815923
4068.8386541673
4059.77683051654
4047.06479883485
4078.3730314843
3994.98676109911
4078.37024627177
4078.37483642176
3893.77241380299
4078.37024582624
