507.694692846078
496.669277593783
507.694692846078
507.694692846078
507.694692846078
507.694692846078
507.694692846078
507.694692846078
507.694692846078
458.848722725707
507.694692846078
507.694692846078
507.694692846079
458.848722725707
496.669277593783
496.669304647102
507.694692846078
507.694692846078
507.694692846078
507.694692846078
507.694692846078
496.669277593783
496.669277593783
507.694692846078
507.694692846078
496.669277593783
507.694692846079
496.669307181068
507.694692846078
507.694692846078
496.669277593783
507.694692846078
507.694692846078
458.848722725707
507.694692846078
507.694692846078
507.694692846078
507.694692846078
496.669306549395
507.694692846078
507.694692846078
458.848722725707
507.694692846078
458.848722725707
496.669277593783
507.694692846078
507.694692846078
507.694692846078
507.694692846078
496.669277593783
507.694692846078
