779.899175896257
877.88258317537
1036.71215120935
854.691724243244
984.42330727014
852.853279464702
791.077368532016
1513.61138588061
562.837556801287
1008.10583594347
957.972786996413
860.303230040427
1098.98319900819
695.082265073946
987.917886468224
765.681601334707
974.583580356942
735.240001762377
1007.26783730882
736.849270509818
756.74339213141
938.15663594126
720.420875890495
1039.13182656804
808.116874530845
646.181970231868
988.870097771238
766.026990167274
694.913540666228
1032.04149275457
727.452383424468
1154.19609512347
863.606793955114
1107.88339009507
1059.34318013295
1089.80720182399
1175.36387547538
924.097077794024
901.173164610788
956.691555581342
1103.71978291907
1010.50005690452
956.999209987328
1055.55134500795
711.08324127094
736.471435888456
1244.87891265458
902.701175010585
853.638882242175
613.136152809229
951.199436281744
