2364.84684339686
2326.58651636631
2309.22518731569
2243.25389261836
2351.30319381652
2334.75163235717
2371.16599173712
2341.56421801552
2506.11719412729
2573.93909095134
2318.23599859603
2231.1494440783
2307.21806924887
2479.44839763148
2429.88405399997
2601.88039421744
2797.48318618875
2436.03917672311
2251.02808099852
2576.66480041384
2091.842001285
2691.41185573681
2804.63052478606
2252.90438878565
2354.48277825867
2489.52566087429
2270.41101549268
2354.38872609362
2364.63906250257
2184.1978587654
2472.56111769222
2321.59402281939
2346.20036519342
2213.32858059741
2370.42477287893
2483.23345352925
2334.76156867344
2301.12586350907
2485.944108574
2407.83868897125
2616.67949044001
2376.50680025667
2889.23428948161
2194.70431586885
2682.18047829384
2337.20716063981
2421.43699927815
2392.42879383209
2495.69605153255
2277.23903403064
2381.28104049967
