628044.938668757
605775.32750212
637946.732264723
628654.229986716
670372.522957532
652996.195712903
620179.845929824
711292.471519804
606327.158195867
606225.360233905
599850.732496857
630653.929986223
597433.662688219
590909.522748538
632015.209010284
635771.719715935
612717.742450698
610367.564347842
599034.28948641
664350.961217649
651867.798991615
665953.749957275
593443.754157773
663636.433677995
653558.808458525
598478.936471418
681831.028214428
621988.802962822
695582.260191624
608783.443330345
598708.366421938
640128.745887682
613295.897984699
657558.437867298
599528.150331625
652288.867425509
632877.626060831
668186.497207018
676059.901669739
619549.399837546
640165.895410466
589851.91323889
610499.61931138
598337.072503631
608198.451465639
611997.886025593
647286.436197477
620416.063564357
661037.767493643
665722.458983811
667581.708516972
