0
0
3.98662385430094
3.98662385430094
3.98662385430094
3.98662385430094
0
3.98662385430094
3.98662385430094
58.5615573023852
3.98662385430094
3.98662385430094
3.98662385430094
0
0
0
58.5615573023852
3.98662385430094
58.5615573023852
3.98662385430094
0
3.98662385430094
0
0
3.98662385430094
0
3.98662385430094
3.98662385430094
0
3.98662385430094
3.98662385430094
58.5615573023852
3.98662385430094
3.98662385430094
3.98662385430094
3.98662385430094
0
0
3.98662385430094
3.98662385430094
3.98662385430094
3.98662385430094
58.5615573023852
0
71.8889729096076
3.98662385430094
0
67.8974198674794
3.98662385430094
3.98662385430094
0
