378.081104316171
383.055874367104
383.055874367104
383.055874367104
384.050833424197
384.050833424197
384.050833424197
384.050833424197
384.050833424197
384.050833424197
384.050833424197
384.050833424197
382.060915310011
393.005312566278
383.055874367104
383.055874367104
384.050833424197
383.055874367104
371.116832575554
384.050833424197
383.055874367104
384.050833424197
384.050833424197
384.050833424197
384.050833424197
384.050833424197
383.055874367104
383.055874367104
384.050833424197
384.050833424197
383.055874367104
384.050833424197
384.050833424197
383.055874367104
384.050833424197
384.050833424197
384.050833424197
384.050833424197
384.050833424197
384.050833424197
383.055874367104
384.050833424197
384.050833424197
384.050833424197
384.050833424197
384.050833424197
384.050833424197
384.050833424197
392.010353509185
384.050833424197
371.116832575554
