67.0598880336768
67.3096580270523
67.0598880336617
67.2575693787113
67.2575693787253
67.2575693787223
67.0598880336806
67.0598880336851
67.0598880336793
67.2575693787315
67.0598880336629
67.257569378734
67.0598880336918
67.0598880336622
67.1528548128543
67.1528548128522
67.0598880336798
67.3096580270778
67.2575693787203
67.0598880336711
67.2575693787261
67.0598880336626
67.0598880336814
67.2575693787118
67.1528548128508
67.2575693787078
67.2575693787049
67.3973516352302
67.0598880336665
67.2575693787272
67.2575693787084
67.0598880336921
67.0598880336951
67.2575693787211
66.9553275279176
67.059888033674
67.5110795062581
67.3973516352303
67.2575693787293
67.0598880336627
67.0598880336618
67.3096580270893
67.2575693787225
67.2575693787048
67.0598880337012
67.1883538520776
67.3096580274035
67.3973516352302
67.0427595801071
67.2575693787242
67.0598880336635
