653.156818307986
653.156818307986
645.206663301565
647.719617973887
653.156818307986
653.156818307986
647.719617973887
643.8053694145
659.127090438969
659.127090438969
653.156818307986
653.156818307986
653.156818307986
653.156818307986
659.127090438969
651.906265709604
643.8053694145
649.775641545483
659.127090438969
645.543860915302
645.206663301566
643.8053694145
653.156818307986
653.156818307986
647.719617973887
643.8053694145
653.156818307986
643.8053694145
653.156818307986
653.156818307986
643.8053694145
639.573588784319
634.490550750751
659.127090438969
645.206663301565
653.156818307986
653.156818307986
653.156818307986
647.719617973887
651.906265709604
647.489153511738
653.156818307986
653.156818307986
659.127090438969
651.176935432548
647.489153511738
651.176935432548
643.8053694145
643.8053694145
651.906265709604
653.156818307986
