1089.18802187903
1089.18802187903
1083.0994733326
1083.0994733326
1083.0994733326
1083.0994733326
1083.0994733326
1083.0994733326
1083.0994733326
1087.06953780664
1089.18802187903
1089.18802187903
1083.0994733326
1083.0994733326
1083.0994733326
1083.0994733326
1083.0994733326
1089.18802187903
1083.0994733326
1083.0994733326
1083.0994733326
1083.0994733326
1089.18802187903
1089.18802187903
1089.18802187903
1083.0994733326
1083.0994733326
1083.0994733326
1083.0994733326
1089.18802187903
1087.06953780664
1083.0994733326
1083.0994733326
1083.0994733326
1083.0994733326
1083.0994733326
1083.0994733326
1089.18802187903
1089.18802187903
1089.18802187903
1089.18802187903
1083.0994733326
1083.0994733326
1089.18802187903
1083.0994733326
1089.18802187903
1089.18802187903
1083.0994733326
1083.0994733326
1089.18802187903
1089.18802187903
