12267.7070461486
12288.9802825881
12248.9802834609
12340.0706338204
12259.0698123577
12228.0715908525
12315.3436657177
12236.6169007566
12236.6169007566
12272.6168580008
12339.7070460632
12310.2302868377
12337.0698096713
12283.0697701227
12315.0698104702
12283.7965285292
12290.2534788114
12252.3198126263
12213.9796688363
12265.0697702182
12287.4331924822
12268.2302833612
12237.3436607282
12264.6169022426
12244.3430519607
12253.0697710119
12262.9802820213
12260.6169043286
12266.6168998675
12257.343664821
12205.4331470661
12248.3430498748
12166.7063827706
12228.9802849964
12256.6169048494
12278.706430436
12254.9788244836
12295.7965738423
12323.4331936953
12247.0698046934
12298.6168983029
12170.9802418449
12236.6169007566
12223.866898141
12307.4331504682
12273.4331897097
12263.956435359
12286.7064322107
12219.4331454241
12268.7064323061
12319.7965316074
