1.14426921366999,7.41203643631025,247.119282306241,2.82363713551717,74.6574234492266,13.7656246501911,169.264357190718,341.715653802094,16.277192838739,98.9312665000211,302.10967053456,9.10402849542515,170.835586998448,130.927157965496,143.522569240003,396.762086242624,102.609280572166,199.78345082448,2.98267019981722,3.36997131676571,1.00585036111306,4.20060702284104,662.768398566185,165.768990883606,96.259983430522,8.05830250085683,64.5850330841863,4.11690808503772,877.992904359914,0.446550706618609,4.93672051423823,1.35793164557367,6.0499761672786,83.7909277653002,99.4544072036847,5.71639841574893,4.06029109742667,1.1062313089044,12.8655099458279,1.29039404740615,7.8398329025656,1.16020204294182,169.193205367979,3.91454724438245,1.10453264629018,2.82268038345387,841.99056736394,1.62532993893592,46.7075918932539,2.31899982155574,25.2128229043492
8.75573982739297e-06,9.29934478790528e-05,0.598052273798203,3.52951185504935e-05,0.0170971103575539,0.000991640243455549,0.167079923883421,0.605795710232087,0.00590469335497801,0.187049787475416,0.248732613333004,0.00023709943184258,0.229679398325061,0.767663655108663,0.0715675786268548,0.762545571059491,0.276470867617036,0.165916659163031,1.52973752847174e-05,6.13100860391569e-05,2.82980499832775e-06,8.61874998463463e-05,0.369487306182691,0.047998725010757,0.0434939687766018,0.000501949647969013,0.0334847629326305,0.000234614708460867,1.38341492001564,2.49104596150573e-06,8.34745881093113e-05,5.91616981182597e-06,0.000142927431397766,0.0235622109012184,0.00404041001002042,1.1283580761301e-05,1.52262934989267e-05,1.39100477554166e-05,0.00018691068271437,7.18463275006798e-05,0.000111611729835204,9.7784011359181e-06,0.0850328497510873,0.00028694266779894,1.70659589002753e-05,7.83653165399301e-05,1.19320770494483,1.51226333855448e-05,0.106630976365068,0.000143125855174731,0.0032718439265409
1.06183506431989e-10,1.22872734209523e-09,0.000488694903651776,5.47970557818189e-10,9.88251917988237e-06,1.01494606496999e-07,0.000123377461704877,0.00280103191153103,3.13998270939919e-07,0.000162402815703899,0.000485862209870902,3.82487996830605e-09,9.58332905156567e-05,0.00153322015921731,3.07839154629619e-05,0.00133705736129741,0.000403156486299849,0.000260120817529241,4.66116034658626e-11,4.23824531026185e-10,5.36601874046028e-11,1.24782673083246e-09,0.000554141694237842,1.79600915544142e-05,1.57315180331352e-05,1.09348547994159e-08,5.37935766260489e-05,2.72711986326613e-09,0.0102723215320566,3.70619090972468e-11,9.877112461254e-10,3.45607986673713e-11,2.46336639975198e-09,3.55783877239446e-05,3.07041727864998e-06,7.32597982278094e-10,1.03455022326671e-10,2.44426701101474e-10,1.72819909494137e-08,1.73645275935996e-09,4.70208760816604e-10,5.79802872380242e-11,6.7031862499789e-05,8.40466327645117e-08,8.45830072648823e-11,2.20552465179935e-10,0.00132787975030624,4.76575223729014e-10,5.76895924950804e-05,4.17844603362028e-09,3.61706952389795e-07
0,0,2.64299160335213e-09,0,3.41060513164848e-12,0,4.07453626394272e-10,5.76415004616138e-09,0,1.56660462380387e-10,9.56561052589677e-10,0,4.43378667114303e-11,1.11917870526668e-08,7.73070496506989e-12,2.65163180301897e-09,3.5947778087575e-10,1.0766143532237e-09,0,0,0,0,5.62522473046556e-10,2.72848410531878e-12,1.50066625792533e-11,0,1.79625203600153e-11,0,5.89898263569921e-09,0,0,0,0,1.09139364212751e-11,0,0,0,0,0,0,0,0,2.70574673777446e-11,0,0,0,5.79393599764444e-09,0,6.88942236592993e-11,0,0
0,0,0,0,0,0,0,0,0,0,0,0,0,0,0,0,0,0,0,0,0,0,0,0,0,0,0,0,0,0,0,0,0,0,0,0,0,0,0,0,0,0,0,0,0,0,0,0,0,0,0
0,0,0,0,0,0,0,0,0,0,0,0,0,0,0,0,0,0,0,0,0,0,0,0,0,0,0,0,0,0,0,0,0,0,0,0,0,0,0,0,0,0,0,0,0,0,0,0,0,0,0
0,0,0,0,0,0,0,0,0,0,0,0,0,0,0,0,0,0,0,0,0,0,0,0,0,0,0,0,0,0,0,0,0,0,0,0,0,0,0,0,0,0,0,0,0,0,0,0,0,0,0
0,0,0,0,0,0,0,0,0,0,0,0,0,0,0,0,0,0,0,0,0,0,0,0,0,0,0,0,0,0,0,0,0,0,0,0,0,0,0,0,0,0,0,0,0,0,0,0,0,0,0
0,0,0,0,0,0,0,0,0,0,0,0,0,0,0,0,0,0,0,0,0,0,0,0,0,0,0,0,0,0,0,0,0,0,0,0,0,0,0,0,0,0,0,0,0,0,0,0,0,0,0
0,0,0,0,0,0,0,0,0,0,0,0,0,0,0,0,0,0,0,0,0,0,0,0,0,0,0,0,0,0,0,0,0,0,0,0,0,0,0,0,0,0,0,0,0,0,0,0,0,0,0
0,0,0,0,0,0,0,0,0,0,0,0,0,0,0,0,0,0,0,0,0,0,0,0,0,0,0,0,0,0,0,0,0,0,0,0,0,0,0,0,0,0,0,0,0,0,0,0,0,0,0
0,0,0,0,0,0,0,0,0,0,0,0,0,0,0,0,0,0,0,0,0,0,0,0,0,0,0,0,0,0,0,0,0,0,0,0,0,0,0,0,0,0,0,0,0,0,0,0,0,0,0
0,0,0,0,0,0,0,0,0,0,0,0,0,0,0,0,0,0,0,0,0,0,0,0,0,0,0,0,0,0,0,0,0,0,0,0,0,0,0,0,0,0,0,0,0,0,0,0,0,0,0
0,0,0,0,0,0,0,0,0,0,0,0,0,0,0,0,0,0,0,0,0,0,0,0,0,0,0,0,0,0,0,0,0,0,0,0,0,0,0,0,0,0,0,0,0,0,0,0,0,0,0
