5.74686256103701,73.401585066405,7.71499423337696,67.3996005200156,10.977226498555,20.1918981499232,159.537545031562,69.6193426247496,52.0825176602661,2.03296141266651,2.91057514385705,263.82055230382,22.626864116346,15.5114732005959,250.158521221088,3.07189897139619,16.3402838265872,194.626461092256,86.8648922514635,203.960152023782,156.002483331033,76.2293515398801,2.86691479902356,54.0789925511167,319.371247433176,46.2580775514712,588.183975966419,173.164677393718,20.3788723284223,22.6263629865618,90.8322036371612,8.61383819682965,619.985003943897,66.7059490428851,17.2875083119316,4.47694356738862,61.873087222456,32.5844314903566,13.5387576302442,19.213304759797,177.609290320821,30.681189629976,161.525028571447,9.55932864027409,27.7807703639969,14.0378153904915,38.276450016341,295.796717370344,184.869202472372,84.4850082935129,10.8326455447
0.429244684334094,2.03484321986184,0.850853565181751,2.25081011447287,1.01456242684753,1.50234480261065,2.85948077435546,1.19031760945882,1.28787649975584,0.611675987809122,0.887676607175877,6.68640192933265,1.11645679504534,1.16627999522416,10.8672883751897,0.814235483627158,0.986800889108849,4.6290730790123,4.85818802483686,5.8556856557118,7.85495517522691,4.86556688065241,0.838561654104751,5.33048444083158,5.68351416863527,1.3049332850112,16.212097311367,1.15688272742273,0.960570939337003,0.887021368392539,2.6463078833948,0.919377854444974,11.6471386307142,2.94189174738813,1.57477800919582,0.908067606468876,2.64261638896755,1.12408700667766,1.00025732550034,1.27089530753869,1.42914701574682,1.71469915235173,9.87958610083206,0.504547860077537,1.04428242340214,1.0023924282857,10.7298037146071,10.2236108888006,3.11312265004813,1.56206955835364,1.04955684943479
0.000299837287002447,0.676174176184645,0.566547534231745,0.805301370595203,0.134513369052002,0.965752237991865,1.1004764737138,0.66933165442515,0.761916380716229,0.000979914361209921,0.878434646386154,1.16510861742324,0.796851424187253,0.92682059166259,1.194141182267,0.814235483627158,0.829314240068811,0.898061443481424,1.08798444106674,1.240449106509,0.853088865954305,1.05360685802634,0.82254391475567,0.988509982441201,0.80810001403097,0.779814996699315,2.00327113054891,0.495767211194561,0.722488970877748,0.836015755857716,0.868692727214921,0.893725932117604,1.00292062117683,1.0573420617859,0.787343233979186,0.772904672392769,1.04376326355168,0.714485118071252,0.851217442271491,0.796963013402774,0.97228407037619,0.999834623315223,1.11680206859796,0.504547860077537,0.782866342118496,0.920199388302535,0.962296989951938,1.94200168504494,1.06295615213708,0.91221494849151,0.64723336650377
0,0.00739699809264494,6.70484041620512e-08,0.0426485026562204,0.00739604041655184,0.525690998522123,0.60318182078629,0.66933165442515,3.09076881421788e-07,1.13686837721616e-13,0.588388708541288,0.712817745054622,1.69175450537296e-07,0.0026785084801304,0.90865168178118,0.696417004890009,0.414268266919407,0.621763584811333,0.774540744027036,0.0610196706788884,0.60184893016276,0.765691616854951,0.000122992880960737,0.760240887984651,0.763763623957857,0.0337490852671181,0.389310896609004,0.00739637332071652,0.00158567261428288,0.682543590107798,0.00456485312440691,0.610013908205246,0.00743080455242762,0.758523713806881,0.787343233979186,1.14982867671642e-09,0.766643176275238,0.00439020977250948,0.700317248277543,0.000234825954862572,0.0019312559197715,0.344244801089303,0.686224647065956,2.6607267500367e-09,0.479918100092846,5.73186298424844e-09,0.778614061644703,0.675765810460462,0.761763952147817,0.17571840993071,0.64723336650377
0,0.00739604033412888,0,0,0.00739604033412888,0.525690998522123,9.67929736361839e-10,0.66933165442515,0,0,0,0.464254532660107,0,0,2.3887878342066e-09,0,0,0.621763584811333,1.13834630610654e-09,2.27373675443232e-13,0,0,0,0.616038373066431,1.05086753592332e-05,0,6.82121026329696e-13,0.00739604033412888,0,0,0,7.41010808269493e-10,0.00739604033412888,6.20500486547826e-08,0.574976264128281,0,0.333911785345094,0,6.82121026329696e-13,0,0,0,2.17221440834692e-09,0,0,0,4.56111592939124e-09,0.00713526705203549,2.27373675443232e-13,0.00739604033412888,0.00327813380624775
0,0.00739604033412888,0,0,0.00739604033412888,0,0,7.04858393874019e-11,0,0,0,0,0,0,0,0,0,0,0,0,0,0,0,0.441748965016131,0,0,0,0.00739604033412888,0,0,0,0,0.00739604033412888,0,0,0,0,0,0,0,0,0,0,0,0,0,0,0,0,0.00739604033412888,0
0,0.00739604033412888,0,0,0.00739604033412888,0,0,0,0,0,0,0,0,0,0,0,0,0,0,0,0,0,0,0,0,0,0,0.00739604033412888,0,0,0,0,0.00739604033412888,0,0,0,0,0,0,0,0,0,0,0,0,0,0,0,0,0.00739604033412888,0
0,0.00739604033412888,0,0,0.00739604033412888,0,0,0,0,0,0,0,0,0,0,0,0,0,0,0,0,0,0,0,0,0,0,0.00739604033412888,0,0,0,0,0.00739604033412888,0,0,0,0,0,0,0,0,0,0,0,0,0,0,0,0,0.00739604033412888,0
0,0.00739604033412888,0,0,0.00739604033412888,0,0,0,0,0,0,0,0,0,0,0,0,0,0,0,0,0,0,0,0,0,0,0.00739604033412888,0,0,0,0,0.00739604033412888,0,0,0,0,0,0,0,0,0,0,0,0,0,0,0,0,0.00739604033412888,0
0,0.00739604033412888,0,0,0.00739604033412888,0,0,0,0,0,0,0,0,0,0,0,0,0,0,0,0,0,0,0,0,0,0,0.00739604033412888,0,0,0,0,0.00739604033412888,0,0,0,0,0,0,0,0,0,0,0,0,0,0,0,0,0.00739604033412888,0
0,0.00739604033412888,0,0,0.00739604033412888,0,0,0,0,0,0,0,0,0,0,0,0,0,0,0,0,0,0,0,0,0,0,0.00739604033412888,0,0,0,0,0.00739604033412888,0,0,0,0,0,0,0,0,0,0,0,0,0,0,0,0,0.00739604033412888,0
0,0.00739604033412888,0,0,0.00739604033412888,0,0,0,0,0,0,0,0,0,0,0,0,0,0,0,0,0,0,0,0,0,0,0.00739604033412888,0,0,0,0,0.00739604033412888,0,0,0,0,0,0,0,0,0,0,0,0,0,0,0,0,0.00739604033412888,0
0,0.00739604033412888,0,0,0.00739604033412888,0,0,0,0,0,0,0,0,0,0,0,0,0,0,0,0,0,0,0,0,0,0,0.00739604033412888,0,0,0,0,0.00739604033412888,0,0,0,0,0,0,0,0,0,0,0,0,0,0,0,0,0.00739604033412888,0
0,0.00739604033412888,0,0,0.00739604033412888,0,0,0,0,0,0,0,0,0,0,0,0,0,0,0,0,0,0,0,0,0,0,0.00739604033412888,0,0,0,0,0.00739604033412888,0,0,0,0,0,0,0,0,0,0,0,0,0,0,0,0,0.00739604033412888,0
