1596.61773200889,338.109555841701,4654.23622751054,1688.60773290132,577.431528966724,2872.57468891277,197.587345628157,2935.26803866851,2849.62361258627,179.846053158585,1828.72728148551,558.113393691105,198.44649183158,2505.00622043899,425.346603047852,2981.75747314,3328.40750270882,2174.77420562674,223.869507484835,1140.30172510271,1530.43529020235,1766.5857183228,860.243144662539,225.13282970557,2984.07286085489,2705.11131010714,746.810212947944,352.910670237887,971.337049061636,160.387707265313,2380.93855555744,1399.42372627545,1467.00103979665,1974.84821488014,2555.05121133214,270.702162187949,1876.54704471043,1841.2982740747,201.504113947047,883.568448408605,771.212725792314,339.015902565332,134.590971262215,3390.8459939291,1665.55367624385,1216.16732013786,3769.9387164981,491.511986574306,2401.92423196132,1850.10152267518,1247.62947114795
124.81946585631,0.638717262630735,514.18774115996,131.876395679576,5.33356694946065,253.070935095609,0.635060162272111,456.896198629715,168.376742082638,0.385617621919437,58.7052454261795,0.827678889304025,0.869294985393026,76.4996102276193,1.7344239409997,129.441500919823,227.972662677187,265.257281951977,0.68475620277286,3.48798975023078,623.46794686547,124.050389919763,1.14084717769242,0.411804947757219,194.062698553626,76.6089530866943,5.14326717065001,0.522198581139719,2.75342269194766,0.387323899162311,268.686802250108,11.2901106576296,212.147774480001,5.08025594810556,740.356414704441,0.207527782320085,142.175479736147,85.6173717013048,0.232278706742818,6.66459458379495,5.15532604712757,1.0577905442633,0.369086998115563,29.8523977927487,49.3481015951797,17.9955966182429,162.898873136041,1.74850885257342,81.6273159798147,34.9942087684083,9.48628097902679
1.36771958782174,0.000370506782701341,9.69536481581076,4.53423047226647,0.0346430634342596,16.3315534406424,0.000752617508851472,7.6229122212344,1.50652950981521,0.000501839047501562,1.13373801600073,0.00577700221515443,0.00159666862350605,0.386501262721595,0.00255075934956039,3.32326443785087,4.90505934406428,16.1521865392285,0.00109426661265388,0.00251027573244755,37.1592022934287,3.11396456804687,0.00527268534619907,0.000195376938563641,10.7567922859068,1.77562698856354,0.0923807736494382,0.00198375225954806,0.0265116658583793,0.000667937068328683,10.9572601071318,0.126129171958837,13.6738027164031,0.0749574244778159,15.5805717230835,0.000499649906032573,4.13091865778597,2.17420056831793,0.000451625630375929,0.0434284440609645,0.0184512581699892,0.00212762645060138,0.000995502583919006,1.38095350090407,0.208986076158681,0.101397917707573,3.89537636522118,0.00256112416218457,0.975769969429393,0.399563431083607,0.0811158187436831
0.00167276814067918,2.00270733330399e-09,0.0090221653192657,0.0044454694518663,1.2969439922017e-07,0.0198052716898474,4.88171281176619e-10,0.0215064495405386,0.000236340498531717,1.3237695384305e-09,0.000433009346579638,2.44915554503677e-08,3.42879502568394e-10,0.000187456754929372,9.88438841886818e-09,0.00703420958188872,0.000375806828515124,0.0166833984983441,1.58820512297098e-09,7.05517777532805e-09,0.0467008317505133,0.000535899946271456,1.97774170374032e-08,6.35054675512947e-10,0.0147521804774442,9.98300863557233e-05,1.64541074809677e-06,2.58160071098246e-09,5.31156274519162e-07,8.93805918167345e-10,0.0243399407493143,2.20973311115813e-06,0.0155833831579457,6.81864321450121e-07,0.072464169675186,2.75144884653855e-09,0.000790589597272628,0.000949071725699469,1.79329617822077e-09,1.14561248665268e-06,7.63482148613548e-08,4.87057150166947e-09,1.73804437508807e-09,0.000200903931272478,3.16552188905916e-05,1.62037417794636e-06,0.00343613688778532,3.26162307828781e-07,0.000143066116834234,5.38427400442743e-05,1.91774415725376e-06
7.2532202466391e-11,0,6.0756519815186e-09,4.98857843922451e-10,0,9.98397808871232e-10,0,3.56135387846734e-09,2.27373675443232e-12,0,2.20552465179935e-11,0,0,2.27373675443232e-12,0,3.8198777474463e-11,9.77706804405898e-12,1.05205799627583e-09,0,0,7.34482910047518e-08,3.63797880709171e-12,0,0,7.105427357601e-10,0,0,0,0,0,2.21916707232594e-09,0,2.60524757322855e-09,0,1.38702262120205e-07,0,4.54747350886464e-13,4.54747350886464e-13,0,0,0,0,0,1.36424205265939e-12,0,0,1.97815097635612e-11,0,2.27373675443232e-13,0,0
0,0,0,0,0,0,0,0,0,0,0,0,0,0,0,0,0,0,0,0,0,0,0,0,0,0,0,0,0,0,0,0,0,0,0,0,0,0,0,0,0,0,0,0,0,0,0,0,0,0,0
0,0,0,0,0,0,0,0,0,0,0,0,0,0,0,0,0,0,0,0,0,0,0,0,0,0,0,0,0,0,0,0,0,0,0,0,0,0,0,0,0,0,0,0,0,0,0,0,0,0,0
0,0,0,0,0,0,0,0,0,0,0,0,0,0,0,0,0,0,0,0,0,0,0,0,0,0,0,0,0,0,0,0,0,0,0,0,0,0,0,0,0,0,0,0,0,0,0,0,0,0,0
0,0,0,0,0,0,0,0,0,0,0,0,0,0,0,0,0,0,0,0,0,0,0,0,0,0,0,0,0,0,0,0,0,0,0,0,0,0,0,0,0,0,0,0,0,0,0,0,0,0,0
0,0,0,0,0,0,0,0,0,0,0,0,0,0,0,0,0,0,0,0,0,0,0,0,0,0,0,0,0,0,0,0,0,0,0,0,0,0,0,0,0,0,0,0,0,0,0,0,0,0,0
0,0,0,0,0,0,0,0,0,0,0,0,0,0,0,0,0,0,0,0,0,0,0,0,0,0,0,0,0,0,0,0,0,0,0,0,0,0,0,0,0,0,0,0,0,0,0,0,0,0,0
0,0,0,0,0,0,0,0,0,0,0,0,0,0,0,0,0,0,0,0,0,0,0,0,0,0,0,0,0,0,0,0,0,0,0,0,0,0,0,0,0,0,0,0,0,0,0,0,0,0,0
0,0,0,0,0,0,0,0,0,0,0,0,0,0,0,0,0,0,0,0,0,0,0,0,0,0,0,0,0,0,0,0,0,0,0,0,0,0,0,0,0,0,0,0,0,0,0,0,0,0,0
0,0,0,0,0,0,0,0,0,0,0,0,0,0,0,0,0,0,0,0,0,0,0,0,0,0,0,0,0,0,0,0,0,0,0,0,0,0,0,0,0,0,0,0,0,0,0,0,0,0,0
