2138.50072553095
1901.49927630979
2178.05274725943
2079.25953396858
2178.05274725943
2000.29248960064
2138.50072553095
2138.50072553095
2118.81155569707
2138.50072553095
2079.25953396858
2138.50072553095
2138.50072553095
2118.81155569707
2316.16910467503
2039.7075122401
2217.60476898792
1901.49927630979
2316.16910467503
2039.7075122401
2079.25953396858
2079.25953396858
2178.05274725943
1980.46632067774
2039.7075122401
2000.29248960064
2138.50072553095
2039.7075122401
2138.50072553095
2138.50072553095
2316.16910467503
2039.7075122401
1901.49927630979
2079.25953396858
2138.50072553095
2355.72112640351
2138.50072553095
2079.25953396858
2098.94870380246
2138.50072553095
1960.74046787215
2257.66191832602
2355.72112640351
2178.05274725943
2079.25953396858
2355.72112640351
2079.25953396858
2079.25953396858
1681.37349309799
2138.50072553095
2118.81155569707
