18.9041615400674
20.8940340401089
54.7217420861807
18.9041615400674
42.5045430341067
57.428827769475
41.7877412375374
57.7066142196413
24.8738652306631
14.9243505462277
29.848635281596
11.9394784127669
44.7729200169642
35.8182422902159
30.8434722392828
29.848635281596
28.8536762245026
54.7217420861807
35.8182422902159
32.8335074150568
42.5045430341067
16.9142636225952
41.7879865571374
44.4942107908741
32.8333853156505
21.889033673528
9.94956029858031
37.8082774659897
4.97479024764743
42.5045430341067
26.8637631481351
14.9243505462277
49.7475679684908
54.4439556360142
24.8738652306631
56.7116551625481
33.8283443727437
35.8183187754771
52.4538529752679
32.8333853156505
33.8283241760294
33.5499417926196
26.8636410487288
69.3676850144652
33.5500638920259
26.5854213410514
38.8031144236766
35.8182422902159
24.8738652306631
27.5803347839997
24.8738652306631
