19.5180246946502
33.3580175240027
23.7003155269767
30.6698723197767
144.915594364715
28.4622127129946
104.568134497392
134.014206820614
47.9182402603633
43.4925505818337
19.5073729523908
84.5156503015014
79.1404470493487
44.3353353814716
41.8309873256328
72.5068511339059
21.2539923956283
39.575153395393
3.8124796403838
37.7316925257107
20.4286453614482
14.0479526658487
44.8050991872651
62.9401348055246
61.8167253611502
51.7417198822252
67.9805778481486
103.427288501543
46.6067892163205
47.7713050253651
38.8406907545987
53.6192138269048
76.8764452730577
22.7186687810431
77.4112644593604
36.6253596079496
107.229416477212
100.496838599952
80.9260125325231
24.8495772650494
21.4536715066233
77.3371780715565
14.0820471994284
42.1297697357816
56.3238232592064
42.8330114302962
52.5283163245879
104.643270638518
93.4180510293984
22.1147994283001
26.9730248081205
