60.0283081152768
292.17667389305
291.06458994322
51.7878987647025
289.98594411321
52.2831954392536
53.5413362586582
291.137730468002
61.2463411666827
54.2843272588718
52.6538627789264
64.1309865914509
57.8847685636661
52.827063273176
51.9513818395228
59.8626076915778
58.9034424583422
51.726573518114
58.9061065274752
51.6567910096023
58.4729857997079
52.5919386550336
53.0672340693998
284.365333657518
53.538090135032
51.9637989137179
50.8072501361682
52.3551364599891
54.0941377543131
54.0193061041814
59.6053906655814
290.689349200177
52.2823912376082
61.6796242827947
51.9147152567334
50.8750163702935
285.146353061083
51.2550864243788
51.3500772787095
290.645058491793
283.885358593805
63.1338353050078
52.1448176944775
57.9801683473347
57.7446108301704
284.914054258407
55.251038146474
58.5212772409864
54.8168677871884
51.3212830127206
53.2468523971729
