50.3891595428868
101.256405705778
183.524330850091
92.7863843267726
177.292487457288
33.8224611699088
103.637541822889
53.9072996870959
66.0844481885772
93.5798621560195
84.4270593472081
102.280290281408
73.9648355579104
55.7713523801162
95.0618167542677
84.7021729795385
66.6816022848598
71.7606749583647
102.544799128249
66.7845081277967
114.61276801893
102.226279900215
62.3448073230993
102.626950135002
79.6441620518985
79.885349850352
103.703152129042
79.5306583513116
81.6121708192254
105.095073187758
74.8544422319658
130.293142393572
36.2164138002777
126.32323145629
88.5643466919757
71.3115687840195
183.722328831137
67.2761327114422
111.014526088906
33.2488322750994
257.688815082034
102.562100818182
117.020132334515
123.655079828133
54.5171980099708
96.3714919783226
136.408458964618
104.835373875639
60.2303619913762
56.9020011616517
111.430367409849
