208.158474753284
205.346926369094
209.090841749752
224.005384612574
244.578248224563
247.29614289258
231.797429355769
241.744191583594
229.869928441194
260.873111704202
201.713170431661
220.363122950809
205.678097433942
205.83242860529
280.924634975275
233.273515733167
227.746789802786
223.369089343719
203.699996457641
231.692229002358
236.187055284651
204.693289511779
203.657093087153
204.807440764866
263.818577544198
204.330869856575
204.891529756494
256.502014245914
225.015292424803
204.3562076132
224.931256845739
253.940272356088
204.21806640497
226.837879592971
206.420155297964
264.60523490168
228.651915286058
223.647688015802
205.448933906844
203.924952779034
205.967992998881
293.517643829743
206.522870614634
205.279225988161
204.275294436334
207.663907525196
230.925636738325
223.389420971862
232.281191216228
227.433552299666
224.07305508283
