2388.05583246226
2166.2716316085
2333.04133661105
2388.05583246226
2388.05583246226
2388.05583246226
2388.05583246226
2165.93558162967
2388.05583246226
2388.05583246226
2388.05583246226
2388.05583246226
2388.05583246226
2174.64549372126
2388.05583246226
2174.64549372126
2388.05583246226
2388.05583246226
2388.05583246226
2165.93558162967
2388.05583246226
2074.8319156931
2021.88819025023
2388.05583246226
2166.19019031672
2388.05583246226
2388.05583246226
2388.05583246226
2165.93558162967
2388.05583246226
2388.05583246226
2388.05583246226
2388.05583246226
2388.05583246226
2165.93558162967
2388.05583246226
2388.05583246226
2166.27163160851
2388.05583246226
2165.93558162967
2388.05583246226
2388.05583246226
2166.27163160851
2388.05583246226
2333.04133661105
2388.05583246226
2388.05583246226
2388.05583246226
2388.05583246226
2388.05583246226
2388.05583246226
