556.468657202064
708.900259363594
666.693538302296
736.938908940656
708.900259363594
621.921513827634
524.698127315184
582.341881403318
632.332394593642
708.900259363594
682.355231557656
535.523079033124
708.900259363594
708.900259363594
682.355231557656
682.355231557656
632.332394593642
573.246578066981
550.819909384466
609.970313107771
550.350944597987
621.921513827634
801.957578915818
708.900259363594
621.921513827634
708.900259363594
708.900259363594
708.900259363594
708.900259363594
708.900259363594
708.900259363594
708.900259363594
556.468657208017
556.468657245032
682.355231557656
581.129828799804
682.355231557656
621.921513827634
682.355231557656
708.900259363594
682.355231557656
621.921513827634
708.900259363594
556.46865727177
575.604359618086
708.900259363594
538.106229106276
643.567146631513
621.921513827634
708.900259363594
682.355231557656
