244.915563995246
249.308982005245
252.352749375486
244.021733609681
304.004747507458
252.71790134465
257.556387513808
241.726068369351
240.958556017809
250.163715786823
252.03263856372
253.122118749155
251.648688069288
253.583265420081
355.205117894449
253.434808827256
315.676150692395
253.912653374299
297.381097837756
292.662975905881
255.951715960641
247.695292132581
253.054588106197
321.676556797422
498.607840631825
253.083335259011
253.267631438021
252.580306805684
318.705036856476
252.159959747577
257.587696606044
318.766323278991
247.206787746317
258.287372137529
261.537982265171
382.4949942853
252.896533679597
252.05267999831
348.035593791521
251.84508382739
350.885223748679
300.212403515871
245.659523404066
250.078305403139
246.66660797214
361.142725220262
252.091619320586
344.144559163621
252.195781408057
251.864681073982
608.002158339539
