524.725310137452
514.061678472214
677.865066627846
464.606711281959
515.478277149208
482.38682240947
470.490586806777
604.47414769411
519.079613949717
704.105400284634
915.337342014456
472.454459733175
608.953318484989
483.424266306254
652.191225146199
603.167385934875
521.431288822782
532.96434451494
589.720717676176
444.695134550117
513.0282791264
464.062931527934
767.071349563415
640.919212160454
485.630845472213
473.852748207645
505.854620446993
487.36437582961
601.161317479354
478.459193393986
485.087639839807
475.969272834392
555.748442193018
510.409595995532
454.553747334601
511.246368610764
536.335286254548
504.405972797389
695.43943429921
581.086030087131
586.742368947618
564.181750257379
477.186475388996
478.723450133698
494.791962634362
504.671328867548
579.953783006027
604.380360367197
579.631897175946
553.671044145186
642.248553300899
