115.386123082917
111.578593734685
112.563290233918
111.578593734684
111.273144662256
112.257841161489
111.273144662256
111.273144662256
115.386123082917
111.578593734685
111.578593734684
111.578593734685
111.578593734684
111.273144662256
107.809844710955
111.273144662256
111.578593734685
111.273144662256
111.273144662256
111.273144662256
115.386123082917
112.257841161489
118.304637069798
111.578593734684
111.273144662256
111.578593734685
112.563290233918
111.578593734685
111.273144662256
111.273144662256
111.273144662256
112.563290233918
111.273144662256
111.578593734684
111.578593734684
111.273144662256
112.257841161489
111.273144662256
111.273144662256
101.22385433408
111.273144662256
111.273144662256
112.563290233918
111.273144662256
111.273144662256
111.578593734685
111.273144662256
111.578593734685
111.273144662256
111.273144662256
111.273144662256
