866.112367354191
870.475770699078
878.862367767783
878.862367767783
870.475770699078
883.22577111267
866.112367354191
854.112390080781
878.862367767783
883.22577111267
883.22577111267
883.22577111267
862.498987149486
866.112367354191
883.22577111267
883.22577111267
870.475770699079
866.112367354191
866.112367354191
883.22577111267
862.498987149485
870.475770699078
883.22577111267
866.862390494373
861.748964009304
854.112390080781
870.475770699079
883.22577111267
883.22577111267
866.112367354191
883.22577111267
883.22577111267
870.475770699078
883.22577111267
878.862367767783
883.22577111267
866.112367354191
870.475770699078
866.112367354191
883.22577111267
878.862367767783
866.112367354191
866.112367354191
870.475770699078
866.112367354191
883.22577111267
866.112367354191
854.112390080781
878.862367767783
866.112367354191
883.22577111267
