14929.0232847316
15385.1000645953
14770.7006787795
15227.0964290387
15266.3234983728
14811.7443454829
15147.7720045634
15484.1130381058
14930.8121946474
15028.9951665209
15622.48955862
15010.6054122521
15821.5132567334
15502.1093382632
15087.6305111899
14791.132830834
15405.6409417546
15029.9168916047
14930.8071515625
15345.8953545711
15582.6268461498
15148.1445268215
14733.2567109547
14970.4772834381
15169.196881753
15424.6828888912
14831.911704042
15306.0934564916
15187.4483611656
15284.8889035581
15129.8370120042
15086.6721057059
15543.1896302031
15306.3729845618
14910.5375658502
15247.1940667654
15326.1067588439
15325.8958196366
14890.7572508395
15247.2341004209
15205.996404515
15424.7703782043
15108.668487924
14672.5051944157
15325.8958613049
15088.6489158929
14830.384115971
15643.5558567325
15544.8946862056
15561.6817223185
15305.758209632
