641.583072433463
870.567153360967
819.105285224047
869.657958238936
873.825605464401
1062.85073698191
914.615286621594
733.779585024545
925.198720336856
842.476049280139
814.232297410298
922.572159327743
877.808967146203
824.082805930459
647.584927322559
743.629169505695
895.716581143966
723.847287964786
833.578916840911
945.287674377832
817.896305893866
705.413605040143
880.517236530639
956.400223645211
781.023635531167
779.310236198954
911.62124648819
914.11076457248
866.630710557203
846.688523617987
658.002717246193
681.809869507045
667.643045944308
812.90535397663
754.270448630132
853.712975323715
742.019613679704
889.383907021617
689.259891910775
966.119460777958
832.761983261936
890.233992648607
881.43484459886
607.910814941896
729.219157040933
877.782155457525
776.905471736511
625.817494711417
566.123769634659
863.877944923688
894.212009065456
