50490.3447970599
29242.3679325114
41128.340338829
47038.0344157878
36391.948497937
37338.0312699917
38727.2939398842
43015.9361572349
59078.7838142795
49591.6634823082
47947.7758971968
53074.1498404186
36943.2850229271
45053.6934279558
49503.8060917356
50181.4027882236
49374.0195210246
48169.0085016885
54742.8049503341
41901.7045558102
41623.7663655164
41288.1033883063
52788.6588711821
50046.1392470194
51678.4076594941
60412.1465758854
58125.7103492426
35789.5802033504
44998.2854707823
35533.7479158176
40345.1355282392
37832.5313459277
44963.9214288701
49873.0413278237
34229.623847876
53644.0644756164
67398.1796018656
35098.4280221371
51076.7042826768
46714.6539430442
42004.941911135
49129.6104790546
47725.2733680801
56479.1573761904
45836.832345379
56205.1703431842
60744.4334624945
45588.1725270361
46271.5899364704
50213.9369999633
46277.0889799284
