3636.88173229822
3790.91834777042
4299.06497104049
3090.44617561803
3652.90787355954
3486.42972466119
3983.14325059589
3399.82000388629
3263.5454526092
3767.58677255979
3691.26823249459
3499.5322702652
3105.71940178836
3275.79000648966
3612.13570791887
3835.80527265434
3563.48812824701
3826.45287624569
3565.71101133791
5122.42168832736
4433.72199058903
3937.0138233469
3044.28504798375
3141.48944636631
3691.7118442591
3430.64877855616
3114.3018094606
3715.89138793474
3797.30599571712
3993.03251354015
3744.70538816922
3633.54031796696
3239.38721100957
3331.92303202542
3519.52369939244
3636.35856023545
3448.22824114195
3647.85065466752
3871.62353940823
3485.78363706025
3281.99491104997
3873.98267117538
3803.22964059609
3129.13125553262
3579.6092946853
3964.35841973087
3954.12576428973
3915.30242636181
4061.43411485289
3420.11759675857
3718.9984080268
