214.014611088551
243.863411129405
245.852618682735
235.9040047882
197.10255036165
270.730861850897
217.000001926656
184.174187926738
239.88323652951
221.978520856701
247.857914355361
256.797727389466
211.042142332007
229.934489366794
206.054698980089
242.869876606466
227.944168490638
244.87257422104
226.953846489714
253.816563392907
233.925623282618
232.934526423652
233.914278671574
231.934883692483
239.882887624039
228.939707732949
226.948920866668
258.787410655991
199.091198969512
236.900487326118
241.873883223876
226.958078395499
235.904147335993
218.989260449171
221.974893161542
241.873881138909
211.030487439853
221.976622289121
230.942175948683
208.044795669405
236.902797654809
223.963823881057
236.898289122827
216.004488837287
206.058184648504
223.979829044321
229.939160394323
243.863226468896
229.934083104574
204.064104408136
204.074679739958
