402.892813967218
467.752306570888
440.432957056935
408.17161748742
440.223229903994
473.392538586918
479.036732914483
497.573912933554
456.789266812197
470.741975605188
396.48212419499
473.505300677288
420.439101564041
452.492127979693
421.80271497392
422.487617154462
470.680550001174
469.884509722032
461.685953441517
449.543819182068
499.282662693988
503.62051651757
491.39524572646
453.701797095601
367.298708434789
402.67468357439
453.793051143281
420.049450560958
464.434666876132
438.915926393363
449.656952581357
515.465065605132
468.909731132085
421.186020202992
519.842687208735
393.863581259296
500.441623295123
458.214295431796
489.521177871351
384.179172976094
476.028760892785
411.41872371758
463.842677695826
461.396901046248
429.757239830972
497.144704105209
458.521983873868
454.861808916844
424.889317056549
502.476518570812
494.132944532369
