5402.97068200058
4207.73275170998
4309.34212384752
4970.15415875906
5544.91187077554
5915.16742227707
5177.89945619224
5505.65170433653
5485.83313870356
871.868542062286
5445.61554730637
5480.07816957922
1130.04482322073
3518.40169585873
4956.00216485211
3501.16913749587
3460.09833338606
2215.87544347937
3019.16194329817
4853.79270717632
2628.09743167773
2982.5688663639
1001.78135936182
5470.99901006338
5080.64082444942
749.91464963729
5152.27589930796
5155.75804182866
5089.23276502646
1800.90133994137
1168.75057963241
2594.29081407357
3403.88943491346
3444.23405562685
549.264325822975
1602.28265596739
751.79998635624
4875.50862487377
5204.23482857329
5416.82117203858
3165.69227879681
3067.48551363352
4525.81986102513
3524.45710689932
874.455986924257
2708.6458730314
5937.58338177927
5584.75814922591
2489.57677487764
24.9411113821498
4882.12129965965
