528.521644405806
978.156217233715
943.503674008437
1124.78336837868
1033.50049019623
390.613958524634
375.384423276517
1404.17282441954
1028.73656267453
764.18876257715
592.756455415567
1162.57161948767
1286.68892611038
513.888452835435
698.193099494289
679.075788128423
541.878472822164
906.952330488788
528.203893994299
907.148547941881
999.966684903842
1077.99175765802
1017.26406884232
930.42624535302
693.84229357445
810.698438234905
274.346800783265
511.717064896534
621.690248739896
725.957296260254
604.279512246272
535.336370640745
498.367079738906
484.929305408882
1135.81602599881
682.742239194255
1018.62871813058
644.594874729207
293.64634753417
483.05906321765
453.233719115932
872.856041941248
722.03996483636
438.535709930993
340.874665533725
660.273586018585
909.886313856304
396.795085489358
394.276823139468
807.43105206782
273.512531283494
