3854.38260177076
4157.52032234673
4595.53720491391
4273.65624031953
4593.36194241761
4679.2051612073
4939.52192500771
1786.6958960442
1747.26979488505
4404.89894479716
5065.51279390339
2320.58353201453
5225.80037258633
4754.48863427208
4147.00366493339
4267.9959640609
4628.3484854115
4662.57016297311
4968.67411426215
1159.36419435429
4684.27712305759
3813.08088781661
1045.71189287862
4370.09265895995
1556.96779659901
3782.89628825061
3462.53081769094
4240.26108510383
4625.37962073424
4402.73051125673
5053.33796602548
3920.79778029092
4220.88818462109
4081.12384154175
4237.85531453745
3894.0289159425
1891.66306811126
1285.34614016726
4928.06437038212
3996.31486050892
4625.74786087057
3178.74197092164
5110.36909682971
4276.86381181548
3645.11064070104
4346.35444624911
3177.82694606958
4710.66757826491
5004.83914700462
990.098177359779
4250.605208161
