453.265041734801
325.254726263396
264.291338603288
341.057243835267
319.015735161829
286.12975917221
294.029626141438
283.478438018151
338.987547990887
259.38100625067
339.970620698553
298.26141002597
287.645309588425
357.606771414269
276.790655689369
388.883897110888
268.571371701693
319.228170391335
274.247742861928
257.37214941107
255.653827962849
370.84800015053
381.961997631664
491.496114859443
265.125264317141
263.711028086536
271.417334261029
257.460287288548
364.880824550055
333.269195526793
346.777281933905
436.401201494886
325.91360162059
323.927571366537
257.744447142106
269.251091099443
338.990931017428
312.12340793429
292.671501601673
277.454795236302
350.758006852659
376.353512310397
343.893714875463
277.560898712939
298.166221785993
301.761115218279
357.260632413671
259.979877602193
316.006899387819
245.886031421803
324.230282587161
