100.000000000009
100.000000000009
17001.2915356276
100.000000000009
100.000000000007
100.000000000008
100.000000000008
100.000000000009
100.000000000009
18749.115736109
100.000000000008
100.000000000008
17211.4426557028
100.000000000008
100.000000000009
100.000000000009
100.000000000009
16673.09427018
100.000000000008
16473.4055281386
100.000000000008
100.000000000009
100.000000000009
16534.9225330315
100.000000000009
100.000000000008
100.000000000008
100.000000000008
16513.1288640114
100.000000000009
100.000000000009
100.000000000008
17536.1863264095
100.000000000009
100.000000000008
100.00000000001
100.000000000009
100.000000000008
100.000000000007
100.000000000008
100.000000000008
100.00000000001
17709.6611551982
100.000000000008
100.000000000009
100.000000000009
100.000000000009
100.000000000008
100.000000000008
100.000000000009
100.000000000008
