655.401826170774
594.30388414131
668.816529727729
774.742086073152
684.413969025351
797.644336678706
638.692022276753
754.798165219944
666.990503891626
1576.12716477879
659.899232924157
598.690480205948
1658.64312547232
692.239056165034
617.97672513232
687.255463163638
694.055372602108
617.952980053377
597.937241063575
604.949264340568
699.497967973424
664.852447371992
615.56092188887
754.670582358782
677.809658708004
769.198413224809
661.782159917731
633.622472234122
750.061585345687
667.4380086868
762.582951955625
1686.04811524291
616.317429306163
582.293873229724
700.872810799367
680.814336173522
754.834515624654
669.93926344615
630.664234292525
651.751001502249
1755.23455228037
731.175564877758
687.798292800616
687.906306882371
762.606467677622
632.223444607385
653.946271596036
591.144437510815
581.973063628806
573.473695555431
647.333211080975
