866.686114987796
859.442457908471
890.970186132765
893.588307253801
983.048569006582
1101.18269895498
987.545137082383
1016.74504611522
1070.93479673925
872.932118079073
919.262087450282
836.661501764254
1153.88222382187
893.391095363282
890.775434292756
1078.40565215867
1087.58943725751
1014.47534101066
1201.10974634783
1104.29258373334
1073.04264104432
880.758206816488
927.275450738727
1030.26964927994
960.143747746644
898.37028658034
947.350360653541
891.112540564277
966.613758832427
978.032898285933
1014.52963977479
984.371850367322
1035.06414131027
981.750171513641
1181.10310198366
1001.09434693091
1048.53130240937
1037.99606121862
1065.83522709337
861.320188247003
876.014845383658
1166.56723963374
987.370470163402
991.88065848922
1055.77131313058
954.250155193852
941.018836852719
878.452702238936
915.627040718001
1118.1544613865
1149.61866252549
