698.868697367048
698.351047380653
857.556635387034
826.64165026262
698.772879970986
763.079082700535
704.072160612342
763.314553166022
804.897116581345
698.772275890154
705.250399481751
699.043766528646
798.824799002938
637.740948755908
761.411399059423
792.395448995292
638.317366330894
761.066044261521
856.668259692402
788.968442880575
797.611770859883
698.734164785063
698.472640860035
855.804049997791
796.195121797602
799.98245672829
855.105214464638
802.385772055084
854.366247441669
637.396989208759
699.275953147348
699.317578057729
765.700915867957
698.313276031807
855.898807259233
792.596988603022
698.988506995796
767.899002290264
698.391593339493
637.370674318654
698.375127005652
762.288592801011
763.038820567015
698.860700265815
748.851716429114
804.427117674985
865.413681348463
867.233526845874
864.121803480993
853.637155427326
700.618656151328
