590.115726880653
590.115454480137
544.303009543542
490.924959114741
554.45369050332
545.825585922216
531.890039202347
518.828454144731
490.725187433342
522.201706031356
490.90863730349
490.82052483943
531.858814854746
539.214784521244
490.462725170833
554.490255314911
490.519832041173
512.272901487994
521.852627626361
541.685638158944
541.740243948882
489.98502362779
552.515327683138
503.453258304452
490.290828080019
590.115532541797
590.115406145109
541.797557494348
509.041173695537
489.934617374454
541.899192874253
590.115478714295
542.020432445351
590.115605233819
542.035849652065
536.141917950877
542.149296935522
511.541371619158
541.877811999301
546.407927781736
499.293233937732
531.860194085781
514.04845801947
546.806256782451
490.280052739742
541.995635094439
541.800642131117
510.053007355371
590.115528941069
490.241653313705
491.340644181578
