3820.14776448106
2917.91726314581
4186.46041983539
3634.83551648787
2843.69736720021
3520.95964820964
2817.24809793291
3181.11083044653
3386.57316824909
4348.27674096882
2670.81166706322
3868.46433156236
4363.30676613238
2911.40347605293
4016.97754693371
3936.38229535214
3968.74284449421
2076.4374666422
1244.34130435536
4128.2372635807
4028.92779454506
3988.21076456249
3943.00279984279
4369.4219349592
3446.79111588093
4056.1239467536
1124.831049516
4129.31634811929
3547.98142909901
3797.25467009117
3251.91750959028
1788.11740752033
2840.12031553802
2265.6664543797
1961.62826958217
2613.87202909492
4091.12916919129
3234.52298591229
3953.92901074455
3952.72017268175
4130.80523490991
3092.39157320814
4127.09439006588
1307.8920586195
3589.76334015174
3706.22915970104
3245.83102871312
4313.36881158614
3769.9568423061
3430.35954009197
2456.28570961847
