6608.7944932327
8585.12240654317
8363.01449320514
7498.66304764603
8896.71235309975
9933.74026771651
7308.11344743829
7622.94494254186
9562.39100423485
8364.09334125225
7077.94892301496
9899.97819636224
8380.95689274743
7495.16092651557
9374.46584158572
7973.61603350199
7634.5225768797
10618.3889490544
8674.04779113536
9294.5310252768
8162.19472813491
8532.4211328045
8800.70648028301
7888.14066872001
7944.30754129628
9480.47883285967
8901.50413130196
8725.65231765135
8257.83397414587
8910.41510167002
8826.21373094087
11221.5267325162
8835.10535576987
8089.84179412542
9510.61921262186
7149.68992141555
10380.7731667679
10352.8020125938
9519.39355161267
8629.90200161857
7176.43227897926
9203.82123896338
7328.49561414939
9114.65848842099
7395.19564104132
7963.52406208816
8194.9154711101
9316.98838219789
9124.68345987698
7556.91209410194
9156.91009983665
