3.98876119257562
1.67130866657317e-06
3.98663358989438
3.98670034122381
0.000228128204071254
4.66739139972049
3.986623854301
3.98678352704798
4.40221962224393
68.6449555441502
4.00799577810994
4.04629084163469
3.986623854301
0.0383384466973098
0.150119100751454
4.36742491151722
5.6843418860808e-14
4.28447166418812
26.3466685187419
63.9386672727229
3.98662385430094
4.00596643959733
72.0320982246961
4.2010732856084
63.1306012812304
5.6843418860808e-14
4.13233773121243
3.98662385430094
71.2774994020074
3.986623854301
4.5426225798447
5.33046750536761
22.6630140893446
3.98662385430106
3.98662385462984
7.10716335270456
4.14326958897101
4.2710068204758
71.7102465694089
3.98662385580423
4.13288770036939
3.98662385430094
1.35360991469099
4.12605483059752
3.98662385430094
3.986623854301
3.98662385430094
3.99729250364737
0.166157832353747
0.209459426363196
4.01911789861657
