80.5916332463659
684.524918333595
102.480712351142
34.8235669982653
213.915722946472
82.5815463227334
162.178059029167
80.5916282085468
28.8538126557055
162.178033749195
54.7227431023119
217.89547820509
657.661471353739
79.5966792270917
54.7227279888547
79.5966792270917
256.698592628767
70.6420527510711
29.8487666749797
226.850099643291
77.6067661507241
28.8538126557055
63.6773342681608
248.739072543779
45.7681015128342
131.334424114151
36.8134851124518
44.7731474935599
73.6269147634556
173.122512573981
63.6773544648752
133.324327069443
104.470595155157
636.767452472525
56.7126461030413
87.5563163736663
41.7882703222801
162.177952824878
62.6824054834201
26.8638945415189
30.8437307698924
176.107465677196
35.8185260553585
27.8588535986122
50.7428967983006
32.8336488840787
39.7983622837316
151.23355478695
46.7630656077465
78.6017201699983
141.283984412732
