8.85361754317955
7.65081181805897
6.9936700995429
9.92314260758781
10.23861155433
5.52605324632236
8.66760857990414
3.30986717037933
5.23746986247249
6.28738472671341
5.31910986791604
6.19083554205736
5.84720312675813
8.84514287811203
7.34606294897242
9.1732226368091
10.3830549291953
7.75989411794433
7.43002289096648
7.8436127080131
5.46252933648827
8.14671873712439
4.70269910188495
7.59452346573869
8.46194760701292
4.45668201479646
7.85764833017186
5.54395266946358
9.3019851576538
4.91428340145717
5.05786368861914
7.07772908610718
12.397976476532
7.86572125614691
7.15717519242526
8.55390095385349
9.04338889570408
12.41810946177
8.68848563797496
8.87962462215421
5.63945799565374
6.31482472953292
8.77523098484437
8.22038944126678
6.07995231645975
6.43047304476318
7.9922647761274
6.56876581505639
8.58116629048345
11.12478082212
4.4246311966067
