125.987088511378
122.784307835216
116.06836846902
118.8723289033
120.905904749343
119.820274103008
122.330097920163
126.025131274744
122.655047261816
115.975639001411
163.68980933118
121.20758800849
119.644302905409
124.409766789538
117.470391022959
122.910771359966
120.457064422257
114.574807909251
121.029174603606
118.259408429131
162.129382835247
117.018655196312
116.669847697264
127.605740824354
145.246983041361
119.671868824185
180.784348971763
124.608460891217
122.732552477507
120.486605903432
146.18936634669
114.971916461995
113.879273034376
133.481070504252
119.78473571066
121.071609438997
122.621032264566
113.425672745599
132.428721900538
179.683132274445
151.111722534422
116.018101777178
140.938510326734
169.993133176918
118.656438547479
128.642052869017
118.099494459332
119.18774360242
121.915501274419
120.89548026415
122.264930811602
