30.947550096629
0.626697752915106
21732.090533727
75.9211908856308
2.49285572865824
2.62302917219745
2.06141613359136
0.901965270673031
104.116008560661
1.0810217715059
107.850701584694
2.08585966969883
104.750692424184
3.89649413346706
0.447641252082235
0.447641252082235
74.3781192906708
139.943640253429
79.8405201302751
0.716226003331599
21993.0206048361
81.8259887097105
0.901965270673031
52.8631518792897
103.497475408875
110.282377196381
38.7900970783048
55.1966341362274
131.221064907997
139.282251291728
69.9227273140242
20.2246272417275
1.60040934849201
8.14205089288726
0.991493521089524
88.6647634171103
0.626697752915106
163.024410321526
34.419863626193
47.6564681739241
87.9503784888689
2.89163507936041
1.34960652275527
46.4123916520698
53.7797732230127
1.33182459724264
72.1974815404518
0.358113001665856
1.51088109807552
100.278739165804
0.543852269007289
