1610163337.71542,741410818.084859,1216094797.13517,1130950351.76068,496246318.467617,4337676895.42001,3042933020.34089,3051657054.79773,4392330619.17523,1743356233.82864,2309693852.83093,636449219.289268,9256495233.66674,2748733751.24004,2800099909.42023,1989436141.30522,2060141388.86236,2037697961.45804,1697080371.34022,457787402.702477,1588458936.5227,1215664305.53307,2756252449.30153,2533329808.08196,2061433922.247,1176513208.66901,952643419.431167,582244850.595835,1898458950.57982,5084636410.19441,2081552072.93394,402195382.762239,2108497777.55654,4262517344.21906,4992015683.00745,3914621613.19245,1328958060.14735,1940303464.04998,634668887.45618,464506743.440251,3112512821.96663,2760226819.37914,2164191119.32916,1246797292.42387,1466798751.11508,14222162872.714,623695183.722735,3170854494.47492,5216591084.09774,7101676760.69506,775190346.200066
3165132.71209667,3370616.59977713,3858927.92331847,3006419.53603348,2621960.45985056,9007443.08684161,6696571.99629979,10220455.466089,9469058.28263703,2891931.9876343,3799219.05828548,2845660.77287841,14316403.2359393,4524025.51377734,1620824.79681487,3732116.64522346,4083744.03284172,4837924.45219135,3057683.15265368,3394075.4153235,2966586.06244514,2337196.80041919,2396975.50335711,6713167.93489561,2118219.20820414,4824160.49576877,3300218.06782075,2578431.67717691,4935700.82180484,7671250.6547694,3626972.61800432,1932545.21835773,4972514.53059047,11972615.5601556,18389822.0623312,4358261.45564596,2129720.50794684,1159755.02936459,2611181.89750802,1159075.81728721,4169115.76640867,10325249.2492979,9436792.18710552,1727163.22067191,11386035.2628399,171896480.086581,1447638.65416683,7297663.6166091,9952487.91676712,22015265.9418136,2918871.28329967
10086.5782679811,17826.6636488385,7089.34734080497,12888.5823076062,7987.34859971165,27635.8309484377,15081.941801211,28871.4314271588,48682.2687691342,13893.8629176062,19942.6061622806,9996.2737593226,108247.663153495,18183.8024457706,18022.6812158591,18054.0152471458,7986.02499813525,8178.24707651902,12717.2223581588,14248.2969890023,14251.9516429826,12951.4718269981,32755.3829088946,27874.175549926,19899.9066681615,5084.7507774782,13370.4868042158,15467.6869312324,16778.3612315046,56483.0045759657,33114.8735684158,21372.1040414404,27313.2961508145,51335.7531615333,26697.4420901478,29099.2588087562,12937.7568201326,9234.12943408881,11254.5220030264,6543.22347480774,22909.2442581752,53051.5739728676,67619.7889124425,8557.83389363217,17794.9943059711,1299903.12101228,22855.6407610719,10033.4780381913,72175.4553372815,52368.964877033,32915.2943721509
3132.11576230575,530.353123666004,180.116798752531,372.185968781729,0.804384353154973,1525.20263368847,264.019827738418,948.125440862283,632.102635051081,467.998716680529,181.522128120451,11.5224150313465,55.5883897768292,32.7555719602415,6.28018396090226,1469.04471986989,502.795612393945,17.2621221987279,454.558462681602,11.7105904766406,628.426000206247,992.707949838359,1.39944890365221,86.9120962167349,205.488458210385,6.24965797618827,388.3094437796,52.2263967536693,129.131366944871,487.642714603421,81.9858534100546,260.635838540746,130.524219465836,3760.28378744591,101.940937674899,797.200604970005,12.165307870617,2356.71262263158,563.754256044247,402.930909026695,746.051163467154,1156.07487067166,191.95891126249,457.361119333443,973.791691536794,2285.02486365567,103.118083283427,507.53729566625,24.3393092172325,86.3204923381025,1548.43971523585
0.00137501176766364,0.000806807396898535,0.000361581593224969,1.14817199374784e-05,3.17176179578382e-05,0.00121194875477215,0.000203034392953327,0.00376857492469185,0.00219680777911435,0.00743691271142666,0.00187897976590534,0.000173015739235893,0.000280293444063773,0.000378071294008464,0.000632912390003071,3.74455568277199e-05,0.00670424577724305,0.00102146718778329,0.00986865541059956,0.000138093426812702,0.00408490073010626,0.000196848590732657,0.000798918946514959,0.00111551022419576,0.000922428853556312,0.000131279060880729,0.00503279047711658,0.000660894696224545,0.00199491437832933,0.00207392465907219,0.0883466887721767,0.000604131237153638,0.00838806581877805,0.145705084243602,0.000140310822715151,0.00199040854475641,0.00117218857675994,0.00472219348505121,2.65242097441387e-05,0.00387927903609864,0.000214378943610427,0.000462019119524371,0.00273496464822642,0.00192147125520137,0.000300979441490767,897.785763605426,0.000230664851869733,0.015016144923365,0.000227634798434906,0.00179945923386526,0.00119184273064832
0,0,0,0,0,0,0,0,0,0,0,0,0,0,0,0,0,0,0,0,0,0,0,0,0,0,0,0,0,0,0,0,0,0,0,0,0,0,0,0,0,0,0,0,0,1.4210854715202e-12,0,0,0,0,0
0,0,0,0,0,0,0,0,0,0,0,0,0,0,0,0,0,0,0,0,0,0,0,0,0,0,0,0,0,0,0,0,0,0,0,0,0,0,0,0,0,0,0,0,0,0,0,0,0,0,0
0,0,0,0,0,0,0,0,0,0,0,0,0,0,0,0,0,0,0,0,0,0,0,0,0,0,0,0,0,0,0,0,0,0,0,0,0,0,0,0,0,0,0,0,0,0,0,0,0,0,0
0,0,0,0,0,0,0,0,0,0,0,0,0,0,0,0,0,0,0,0,0,0,0,0,0,0,0,0,0,0,0,0,0,0,0,0,0,0,0,0,0,0,0,0,0,0,0,0,0,0,0
0,0,0,0,0,0,0,0,0,0,0,0,0,0,0,0,0,0,0,0,0,0,0,0,0,0,0,0,0,0,0,0,0,0,0,0,0,0,0,0,0,0,0,0,0,0,0,0,0,0,0
0,0,0,0,0,0,0,0,0,0,0,0,0,0,0,0,0,0,0,0,0,0,0,0,0,0,0,0,0,0,0,0,0,0,0,0,0,0,0,0,0,0,0,0,0,0,0,0,0,0,0
0,0,0,0,0,0,0,0,0,0,0,0,0,0,0,0,0,0,0,0,0,0,0,0,0,0,0,0,0,0,0,0,0,0,0,0,0,0,0,0,0,0,0,0,0,0,0,0,0,0,0
0,0,0,0,0,0,0,0,0,0,0,0,0,0,0,0,0,0,0,0,0,0,0,0,0,0,0,0,0,0,0,0,0,0,0,0,0,0,0,0,0,0,0,0,0,0,0,0,0,0,0
0,0,0,0,0,0,0,0,0,0,0,0,0,0,0,0,0,0,0,0,0,0,0,0,0,0,0,0,0,0,0,0,0,0,0,0,0,0,0,0,0,0,0,0,0,0,0,0,0,0,0
