2178.05274725943
2178.05274725943
2316.16910467503
2099.39719256637
2138.50072553095
2178.05274725943
2178.05274725943
2355.72112640351
2257.88008618349
2355.72112640351
2178.05274725943
2198.19040585722
2355.72112640351
2138.94921429485
2178.05274725943
2138.50072553095
2138.50072553095
2020.01834240622
2138.50072553095
2178.05274725943
2039.7075122401
2039.7075122401
2178.05274725943
2355.72112640351
2039.7075122401
2178.05274725943
2039.7075122401
2355.72112640351
2316.16910467503
2138.50072553095
2178.05274725943
2217.60476898792
2178.05274725943
2138.50072553095
2099.39719256637
2079.25953396858
2079.25953396858
2138.50072553095
2217.37589138418
2079.25953396858
2138.50072553095
2138.50072553095
2355.72112640351
2118.81155569707
2178.05274725943
2217.60476898792
2039.7075122401
2079.25953396858
2375.8587850013
2138.50072553095
2217.60476898792
