1625.70199455048
1569.04520678998
1093.32269257374
1433.10146231275
633.00633214667
561.281056430002
2317.39437256043
877.12206059671
1866.9598422386
1821.27977320349
1494.37029207758
848151.121180748
1922.29261025029
1765.12319930419
1546.24241290834
1075.50208790031
2067.29811453229
1249.37609968779
1140.74208771987
898.578984922913
1515.72408761252
875.668515199803
1409.77745458575
1114.57461352542
1674.19573581563
1886.29606241487
1326.93631889052
1691.98564159139
1591.9087585511
903.494811728174
1338.93595765591
1582.33161255376
347.79696797126
1664.43428525653
936.39886306675
1467.46010553233
1958.23984338476
2648.23457243822
1517.44379073354
785.463575611371
1097.88352861441
1774.18792250727
1452.85811774236
1558.62375519138
2515.62377056692
1102.02638694946
1510.42670359368
816.369077457776
1491.78111770078
858.362418509737
1527.9558094334
