1750.93443713362
1373.33704941562
1198.58887508924
1979.54983797609
2077.31330237619
1317.9790890402
1724.45153770964
2201.36292422069
1691.8037057405
2001.25056165056
1376.95190475555
2067.48616628916
1632.66552257751
1594.83099704172
1784.94824442427
1744.46057716262
1847.386357059
1438.72855528572
2066.60715441107
2002.74163416021
1787.922661184
1340.60285371207
2777.65352579156
1538.66173452046
2027.53039966354
2655.30742096047
1976.20872484367
1890.98483515976
2247.04620690925
1818.17173431164
2053.637505009
1660.22789376061
1651.85039079869
2440.57048380478
1859.81124418066
2298.03415446373
1611.29332949564
1754.24146742298
1858.49829794024
1866.05804238646
1185.81771802118
2500.4208346316
1966.23901842668
1774.11566064279
2195.57086997061
1676.08574345709
2223.40087964119
1615.40557355043
2195.04254307983
2158.11513621222
2656.03410595227
