2394.40516475548
2959.67115425062
3214.46992095782
2703.87350423913
4143.89740492869
1908.78578321529
2287.98029094585
1928.09506838127
3465.96568783374
3426.66291299377
2305.09901560526
3007.44035236937
2485.83359737017
3175.05805582636
2638.80747031753
2797.91608865305
1920.71640695653
2755.53811630401
2493.98912490425
2534.9117427851
2752.65927451309
2379.34885869035
3572.45517248029
2368.31595761764
3171.39790866742
2001.18317772969
2611.28042847778
2467.7003617195
2865.1009560827
2378.08612911094
2492.60518496281
2525.16674942827
2479.18305504882
1974.07069594818
2572.83943895601
2453.40137126806
2664.21466440133
2961.44896999501
2460.98681323773
1985.11688856375
3677.55959402772
2716.88904767353
2566.02262007784
2384.31491202597
2872.03637532065
1801.92109335514
2666.65970964974
3351.73105196298
3131.72543852516
2243.97186091535
2755.54086811569
