33.4337149807841
58.9803938224291
42.8408444422355
20.821538995127
21.7424915830441
40.0028579868851
14.8265860444935
34.3265300999883
73.1195999046158
80.8809231561727
45.1394456444566
107.210256658413
31.1122806663025
53.7162713443381
66.9310055545357
20.2982142671328
154.549867858838
27.1182051083094
78.0952995987363
104.742608020954
40.3889515091278
56.1218414219536
41.1395223630311
50.0079369600635
33.6067404017972
79.3217103760076
16.9069709605742
14.6684407658124
14.7644992669364
38.6280546291257
69.0747727140936
68.4329022990453
10.2679477060931
41.3113708204653
68.6906957687595
41.962419028004
52.6920919655261
84.0844921649534
88.8871454771261
22.5946927995058
24.6985858125029
40.3994281549024
58.4532586262405
27.6852005428691
26.5531610433779
72.7704034808389
150.246602680558
6.92172510678142
2.99556397724791
143.698695450855
44.1096649073897
