240.045648005522
189.938193378687
168.413988530687
121.385323876829
188.738671990235
219.468924577046
169.44291941564
174.720445365351
197.48125797803
249.180757044963
198.037400880232
189.708600981026
159.148921280853
103.324675356517
256.113972084641
188.286661701445
311.377749393573
221.755432144105
226.363328586081
141.536034709791
200.000992964803
168.500956494491
306.864408753356
183.790146999331
267.892291274455
257.020478501546
191.478527407103
269.501471327399
190.140526985367
302.051702563152
218.219742010522
280.897783488557
261.535149316802
222.534795808701
254.290628834714
284.791059642818
300.220719246738
204.482166330753
288.676541792411
238.957781249595
196.695300138151
269.677431040653
311.335495371283
226.364896864667
255.880010883204
295.637195681477
245.242202574968
148.036487218676
147.776526081921
191.383115397241
260.403660998592
