52.270170385204
52.8963888937747
50.9538418859265
50.9624947253253
290.023966758084
60.4999336735621
58.3071426427605
61.4730339719408
53.5215807557545
75.5480766304709
290.367093267045
288.462986009256
286.101785349906
56.7465811997188
60.1351890158976
59.0706756622972
53.0604589523139
55.118530195788
59.2582000841578
54.7815022451903
67.3659397638089
67.0086112701249
52.1166530422272
283.902956678452
50.869610386675
59.4314191674614
51.8309758650664
63.0549638241027
52.6451421370605
291.89181703669
54.1778695741104
60.0286408838813
293.577996591964
58.5310469077574
58.2804052759709
61.4709689194576
63.1653900883705
283.608065607044
56.0455177919066
285.834998522785
290.03743641491
51.3169431804354
52.1007130161249
290.366334942159
53.0759815041249
51.6636814095268
53.8086432036866
52.6675318307421
51.9572582815442
57.148974534892
54.0302775747143
