1540.68616966317
1524.5064481235
1428.37629039558
1554.60727033071
1545.42713191058
1459.3673088063
1603.34784105289
1438.01829601529
538.304772409325
1655.57009799237
1453.97127034269
1533.07660656371
1175.73093168116
1648.35129675468
1770.87709609382
1546.55381442111
1668.29397521855
1562.39906216059
1269.94979109751
1310.81074184014
1305.68297959327
1043.35037953936
1284.91721092292
1515.19666790788
1408.16401115136
1523.37991163421
1669.83789352751
1714.1827625218
1574.18561586558
1745.41602127464
1500.40744879256
1455.29002193582
1530.3195393506
1664.72886470806
1432.47150842159
828.093115080341
1523.66463227535
799.344630927614
1329.3947240888
1586.57475263875
1608.4925365353
846.204616893112
1853.18507564441
1546.04361223928
1602.2921336713
1171.20371002946
1554.72423121716
1341.59893030501
1957.4551430148
1431.40872455096
270.072020440933
