67.0182438463146
99.5331308750019
112.244966684015
133.014371243595
29.2001347832511
140.380628137828
126.559937881889
166.162564583129
126.817087109857
118.850696436507
119.81139232979
45.193177862838
145.958599469311
48.4125957906977
87.0828478949015
138.153042324162
106.009479447101
102.306029291479
68.2281886673422
69.1899844580541
76.7339213557402
84.8133815079316
134.946087482289
52.0440923186638
96.7773220714982
78.260743180314
199.523356298651
74.8350828998416
50.4333739424815
56.3056512660216
84.912533257555
186.804484800561
133.684219338067
90.9195735470532
62.2978708560474
76.932627796825
145.184456427716
90.7420878754078
73.0071218525432
53.3858165600814
130.825299942242
58.9255230614297
47.6405043723223
71.4229326810369
65.3573732862658
68.016306563195
77.3517296417263
130.410914888873
85.7501659894417
91.7603100667204
85.5037314464996
