543.055820900497
556.881558446894
531.339436016942
540.212092337092
563.412608101119
552.865230962081
558.370465372211
549.595026649341
574.925850663925
540.260447717576
511.919554204776
569.675280447056
544.503205450119
556.784244553669
578.73858463655
546.37193935784
574.309437789444
564.272486997559
558.37046537221
578.738584636553
582.061676920009
567.118335199174
543.633734794871
565.961112850238
569.675280447053
586.800777972011
568.282478071229
555.171873906813
574.925850663926
546.371939357829
594.557403382491
565.961112850242
574.309437789444
567.874084190208
544.503205450119
563.41260810113
547.402831048614
543.633734794882
546.371939357829
574.925850663936
570.727184270396
549.595026649323
574.309437789455
546.371939357842
543.633734794885
550.571487619049
570.727184270399
540.212092337093
559.085109699049
574.309437789446
582.061676920006
