11322.5313349938
11450.3735956058
11243.3450437579
11435.5795958936
11112.3282910515
11176.1739954934
11243.3445728597
11112.3283313831
11243.3458445015
11112.3290536604
11303.1113072059
11317.764629038
11127.0456825723
11450.3734383499
11112.3283566991
11127.0462877745
11361.4038468053
11303.1107742139
11292.8195778876
11127.0463261363
11190.7361988747
11258.2011982242
11038.3329239728
11400.6714482429
11450.3726601565
11129.638219827
11303.1117735211
11303.1118010592
11176.1735172897
11194.6077792927
11435.5804312229
11497.0949620289
11038.3327941463
11450.3729966692
11127.0454717715
11322.5326202815
11450.3739872719
11102.4449188499
11435.5801594688
11244.578670609
11450.3740064267
11469.0931594753
11038.3335462521
11258.2012240409
11317.763661443
11317.7636392881
11258.2011627145
11112.3285770542
11112.3286659468
11303.1123404795
11303.1130478948
