2937.75269605924
3173.61489335659
3086.57043464316
2982.05712523606
3139.04232332854
3175.56405743216
2779.78733551064
3086.12354582762
3089.27289335984
3119.58755011627
2982.05715444222
3139.04234397079
2982.05704490704
3139.04231341662
2878.38308384504
3011.15631198284
3119.58765066326
3017.8562242473
3133.53536022412
3169.77168045417
3139.04236114545
3017.85652517093
3141.18557357338
3173.62248210445
3116.17725769975
3049.80280777309
3119.59022934482
3133.54902713979
3139.0423414799
3086.57044256848
2899.18098145973
2982.05709085097
3139.04236232568
3139.04258693696
3175.56407530019
3138.99420175879
2913.61090241854
3133.54883812385
3002.54132821676
2929.45133504043
3133.54894859091
2963.59146133313
2982.05708442974
3139.04246740324
2940.42232476177
3133.56411845413
3173.61485909387
3173.61476571288
3139.04234822029
2982.05692207795
3119.58767054008
