447.803706352392
435.843614182321
431.6106422855
424.967701716496
435.606821706188
433.344310570712
429.907497043625
481.91332434889
423.134643067282
425.376634030015
445.324708407828
471.005676903192
431.506832987619
427.381599103424
446.101704914982
469.059308499579
427.516076774606
425.645532664232
429.515851489896
428.550319037162
446.134013830004
422.271603369868
418.478763422686
420.979932905391
417.81204726355
446.51031025169
456.893628904233
418.358657757962
445.215678597169
426.678622383788
437.65662012876
416.894108327053
465.460427444278
424.920514782043
438.876804921585
450.91443452917
434.227269975741
427.771384509591
415.987734890675
426.960472301551
444.078916972166
430.122078514489
420.855742263559
421.881146307673
473.698054313892
443.374021345267
432.675042495779
436.502462325467
454.434768467947
427.810654894949
399.859874466809
