3185.47290940997
4214.80774172203
300.000000000001
5120.0017001574
4111.24856148093
300.000000000001
200.000000000002
3948.16101107237
300.000000000001
300.000000000001
300.000000000001
300
4114.85339687185
4148.23059189064
300.000000000001
3822.85034663791
3632.70958298597
300.000000000001
200.000000000002
300.000000000001
300.000000000001
4501.08150642614
3232.38753279376
300.000000000001
300.000000000001
3114.49982382108
300.000000000001
200.000000000002
1347.22848337146
300.000000000001
3535.41400496527
300.000000000001
4833.00177220932
300.000000000001
300.000000000001
200.000000000002
300.000000000001
300.000000000001
200.000000000002
4931.28867099654
200.000000000002
300.000000000001
300
3984.07138137305
300.000000000001
300.000000000001
3887.1124190512
300.000000000001
300.000000000001
300.000000000001
300
