488.497535284503
556.468657354747
752.302485308755
752.302485308756
752.302485308755
632.332394593642
556.46865718474
752.302485308756
758.169813906704
736.938908940656
772.701312762539
589.764849214946
643.567146631513
556.46865719098
550.819911091844
609.970313398244
736.938908940657
752.302485308755
556.468657760569
736.938908940656
736.938908940656
575.604359715322
643.567146631513
690.099427315655
550.35094634113
736.938908940657
752.302485308756
772.701312762539
524.698126619397
736.938908940656
772.701312762539
752.302485308756
609.970315041478
556.468657347677
736.938908940656
708.900259363594
772.701312762539
736.938908940656
609.970315873879
772.701312762539
598.952448215307
556.468657270738
532.22595683863
736.938908940656
772.701312762539
736.938908940657
736.938908940657
708.900259363594
736.938908940656
708.900259363594
736.938908940656
