498.562658579774
498.602595934063
498.547783918162
507.694693000312
458.853071846373
496.806120003408
501.364472345084
498.685972951968
496.826629553741
498.629585644073
469.653460718526
502.575595055995
498.558351398454
501.363426169799
478.46757088439
498.755070668597
501.39732066676
498.757583628673
502.418393609523
498.822971648801
498.820676734585
498.690764321613
498.739751599986
499.455650043406
478.469489770842
498.60309710686
507.742340359438
501.405704425057
498.721925193627
498.598387144389
498.710598686689
498.621435624484
496.978725845273
498.746179551513
498.72946156506
496.849265904963
483.588657763435
458.848786518617
498.539955342067
498.639581061887
496.670570501843
496.677989055547
458.848722805791
499.418349981095
496.84118123316
478.467513584816
501.611013015311
478.467499029594
499.567065190208
498.717747342126
498.642069987844
