2057.26895406052
526.839073877753
1102.42840557673
2374.31561999087
1581.01104377799
481.757779018384
1204.34657270515
1175.3919023254
1425.30939677688
1603.49035772041
1548.79106481011
490.485357233861
572.176815250729
1150.02338621944
878.571871179481
1638.79184583153
1613.72959142584
1840.34400085928
2131.93684139994
914.637386162027
896.565636032316
1494.70699107405
1942.10752967517
1379.33036416109
1899.34097779178
1588.57184863249
1439.87101042897
1279.04903462139
1881.74837170189
522.985585174367
529.6541962413
1300.12728354005
1247.34092726462
1811.13755798547
493.459309225389
1694.16553501712
1258.61089923327
1220.59169979517
618.144854383018
1281.06851808341
599.057186464926
1803.53333988817
1770.55723587802
1989.6134267501
1191.36086731612
549.553832623131
1162.6080174961
865.330440417882
1895.20069382141
684.172137686735
1685.34348804471
