2371.87286723383
2557.01587791838
2491.33279243699
2236.21598296314
2818.48940215146
2464.18057092662
2653.64680775801
2533.4270487453
2229.99530664164
2740.4385287872
7307.2060183363
2616.97412836759
2402.48582561531
2706.11343381579
2451.51291777658
2410.91493878982
2204.01397802041
2058.68839904498
2427.43894548366
2207.49429289195
2359.2011128359
2332.97259250144
2472.78619270533
2567.6876992544
2372.70147001236
2523.90955276405
2834.54476757611
2171.29868210191
2408.03419996602
2636.42980003869
2340.96336464496
2416.47157349992
2644.37016496308
2740.23730991234
2559.52204070238
3191.75440590543
2272.38084029782
2280.88672818362
2382.34988135957
2471.7459265292
2260.81639397724
2088.51909933783
4435.94747321408
2411.49594622313
2400.92552860105
2372.21281822357
2742.19418787763
3326.95763013311
2309.94599290947
2095.82803686289
2173.76335074157
