1762847.95860078
2688190.27699997
832855.99033441
938419.713355348
1072691.35268931
880992.42613777
1267772.33621547
2603885.92958727
1469204.83546898
1009028.31693817
1407537.87762362
1406226.50439448
1079749.68619137
1355990.9136622
1163345.96733498
1943984.80002604
1246155.49404991
973104.036649462
1881511.40002522
1238709.96112463
1081490.9581106
1181002.58129397
1976495.16648782
1701358.89694971
1184461.95111911
1456569.54181509
1876572.53453687
1182474.47735538
930259.144285622
1160781.57446755
1138419.13715869
1271743.57394468
1255146.19084042
1190927.64699008
2434917.88018884
1253114.76464517
937672.893726067
1334854.49775261
1351905.69336126
1283118.16804367
1824334.93977293
1022527.03381611
965012.119430413
1144397.16400777
1466934.30326638
1102988.92578322
1203454.79570205
1452401.13528195
1571571.034511
1197004.74648098
3092837.53403665
