3.98662385430094
3.98662385430094
3.98662385430094
0
3.98662385430094
3.98662385430094
3.98662385430094
3.98662385430094
3.98662385430094
0
3.98662385430094
3.98662385430094
3.98662385430094
0
3.98662385430094
3.98662385430094
3.98662385430094
3.98662385430094
3.98662385430094
3.98662385430094
3.98662385430094
3.98662385430094
0
3.98662385430094
3.98662385430094
0
3.98662385430094
3.98662385430094
67.190975799216
0
3.98662385430094
3.98662385430094
3.98662385430094
3.98662385430094
3.98662385430094
69.3767651138626
3.98662385430094
3.98662385430094
3.98662385430094
3.98662385430094
0
3.98662385430094
3.98662385430094
0
3.98662385430094
3.98662385430094
0
3.98662385430094
0
3.98662385430094
3.98662385430094
