114.012884274384
5.6843418860808e-14
0
0
0
114.012138894796
5.6843418860808e-14
0
29.5529674755296
0
114.308950543264
2.3189066021597
3.7988456824678e-10
5.6843418860808e-14
28.5160044334111
0
0
5.6843418860808e-14
0
0
0
0
28.513548812553
3.98662385430094
0
0.218227982799306
0
0
28.5643875490434
0
5.6843418860808e-14
81.168358087131
5.6843418860808e-14
114.012117898137
0
5.6843418860808e-14
114.012514127478
0
5.6843418860808e-14
65.9394623088867
114.011821149688
5.6843418860808e-14
5.6843418860808e-14
5.6843418860808e-14
5.6843418860808e-14
93.6061501038228
133.946120833309
5.6843418860808e-14
0
5.6843418860808e-14
114.011863620469
