384.050833424197
384.050833424197
383.055874367104
384.050833424197
371.116832575554
384.050833424197
383.055874367104
383.055874367104
383.055874367104
383.055874367104
383.055874367104
382.060915310011
394.995102422452
383.055874367104
383.055874367104
384.050833424197
383.055874367104
384.050833424197
392.010353509185
383.055874367104
383.055874367104
384.050833424197
384.050833424197
394.995102422452
383.055874367104
384.050833424197
383.055874367104
383.055874367104
384.050833424197
378.081104316171
384.050833424197
384.050833424197
383.055874367104
384.050833424197
384.050833424197
384.050833424197
384.050833424197
371.116832575554
383.055874367104
384.050833424197
384.050833424197
384.050833424197
394.000143365359
384.050833424197
382.060915310011
384.050833424197
384.050833424197
383.055874367104
394.995102422452
384.050833424197
393.005312566278
