4567.19418739087
4477.37688896669
4495.55594360458
4519.64706868265
4534.3746593138
4463.28348689114
4529.37668887986
5.67556308422274
0.543852269007289
4612.01428473124
4562.55672207787
4500.0984034503
4544.64851075623
4516.84838920877
4495.74006444527
4430.83031214222
4575.01330855661
4462.84998360797
4596.46741053187
4489.19246841568
4561.92334760404
4.69358845364013
4485.28576792341
5.21820076354754
4511.10141714795
4502.73963561432
4566.55898466552
4607.2836955502
4528.82921714977
4557.19336959912
1.45250030618877
4539.37324167217
4520.83058331981
4520.10230561094
4502.82676762416
4503.57756889246
4548.19334093826
4587.1925683786
4573.55996581923
4556.37465870292
9.67582263252746
2.3544655768618
4569.10443160248
4478.48864928145
4445.64676189161
4506.92031198858
4505.67011132867
4556.83078745585
4485.73500125892
4511.73650974576
4554.46577689952
