12273.3436638063
12294.9570481239
12230.7064290641
12275.7965697495
12224.9802803443
12346.3198161187
12208.3430488826
12302.9802845786
12220.7064300217
12248.2535216243
12311.7965728276
12232.3430066476
12244.9802844371
12219.7070436061
12274.252062879
12262.6831934384
12224.6169012504
12256.2302833729
12247.3436632395
12231.8886826291
12248.3430498748
12240.980284958
12272.6169041076
12221.3436636079
12306.343050289
12307.7055867211
12260.1611613153
12332.1599505779
12232.6169028426
12231.0698129144
12263.0698102717
12201.0709783221
12240.7064307823
12259.4344010438
12272.9802854677
12272.7064325406
12166.3430489582
12229.0698132469
12225.3436615219
12272.7064302202
12330.616902384
12211.0698088216
12210.3430067484
12279.0698092571
12306.2302873586
12233.4099120822
12256.7064330999
12264.4350172663
12275.3422457309
12313.4331480498
12250.9802422977
