2039.7075122401
2178.05274725943
2079.25953396858
2415.41080672978
2079.25953396858
2118.81155569707
2279.16414468845
2118.81155569707
2178.05274725943
2138.50072553095
2138.50072553095
2138.50072553095
2138.50072553095
2039.7075122401
2198.19040585722
2138.94921429485
2138.50072553095
2178.05274725943
2277.29444931419
2296.47993484115
2198.19040585722
2178.05274725943
2415.41080672978
2198.19040585722
2217.60476898792
2217.60476898792
2355.72112640351
2395.273148132
2118.81155569707
2039.7075122401
2178.05274725943
2138.50072553095
2217.60476898792
2256.92791311266
2138.50072553095
2375.8587850013
2217.60476898792
2079.25953396858
2217.37589138418
2138.50072553095
2259.41252041354
2059.98216992691
2178.05274725943
2316.16910467503
2079.25953396858
2020.01834240622
2198.19040585722
2079.25953396858
2178.05274725943
2079.25953396858
2178.05274725943
