142.744656616566
78.9222217363156
147.632068774164
132.567987151848
60.474076876603
125.58506098966
84.845064783631
105.504777134867
119.545895822845
90.2724946156738
98.5898113698522
165.202304000242
117.875296361492
141.958752560864
139.879422513271
82.2216466079678
73.9637463799963
83.2278914963342
139.534245605416
80.3989813458313
88.1059139639342
96.5402446290339
106.799313917109
116.007297918894
92.706552005096
129.235249853251
103.410168049407
80.023959983914
141.522180846328
142.607892045259
67.5001221465395
115.850543330129
149.065430240229
100.577120957068
146.77400897184
149.687857123911
79.3671485023701
96.8653755580467
78.1443912146076
75.4320832682847
164.374402913215
112.56939080752
163.438291520548
81.4018608900815
138.01327496943
154.045118341132
140.787011905676
156.465297643059
130.486109218912
97.4875631123539
78.1531822749189
