49.468980841807
33.8283443727437
35.8179919327968
33.5500638920259
27.8587627815543
36.5349360254868
41.7877412375374
48.4743486273942
12.9344526287555
29.8485131821897
57.4286230262007
34.8234053325289
50.742527025584
42.5045430341067
20.6156314599848
4.97479024764743
25.5904622839582
51.7375266590034
40.5147064430005
49.468980841807
33.5499417926196
53.7273991590448
44.7726133709982
8.95462143820146
38.8031144236766
43.7778844746097
44.7726133709982
97.5039798125038
26.8636410487288
34.544900849713
29.8485131821897
42.2072383082061
45.4891698479673
34.8232832331225
37.5298748858656
41.7877412375374
39.7978231233508
41.5093386574133
18.9041615400674
33.5499417926196
29.8485131821897
23.6005035934456
24.595462650539
21.8889930972023
29.8485131821897
13.9293914891343
56.7120259729056
29.8485131821897
29.8485131821897
34.544900849713
16.9142028495548
