11440.3987018336
47189.0824898892
24775.3338303298
24251.3832624677
16796.8599886578
9391.07059244052
43663.8600889621
16722.9308178377
26671.0198529978
12858.1525156215
29172.8560612223
8768.5267333634
15248.7057366837
30229.7588189664
20325.3611292834
14309.5489895014
12067.5633565576
15549.9877493894
11138.6619336847
18658.4926033505
31181.75408743
26870.3997924311
14643.5438293389
7487.48611468613
27075.0445798071
70986.0403589551
14707.4683751278
7782.27608045718
14834.5091727921
11090.7820112401
11254.8702449901
13517.6006487115
13182.728118646
8999.66396474863
14062.6748707639
7423.91036404705
49692.4598347141
10326.0578907668
16896.4080079935
19314.9063118038
11314.4501917329
26593.4957958154
16306.8024251024
19723.3599384793
20918.9365624414
22951.246634386
32330.1640365331
12379.130384164
9285.25688172611
29143.0926675948
18364.2922902419
