4503.89106944431
5723.23268819217
599.814151953138
596.903982296472
395.316213018657
118.854620583729
2546.92110918785
337.085684990988
296.522999727809
414.753191357601
658.411821908161
527.342773491948
466.485555000379
662.340799230544
335.786146989657
976.600976421551
335.578004005011
1411.8915295867
118.646477599083
776.675530370081
888.455612757037
524.419338233266
1204.27601326105
555.641108654266
527.342773491948
889.719155166556
217.347812375218
572.695717696098
434.279338781146
129.819432683258
118.854620583729
615.171174683266
1049.12355864876
340.00912024967
944.642811513115
572.695717696098
238.176207230207
3068.39524003916
118.646477599083
1356.0893591346
1039.92803849403
690.92590932589
1840.3650175529
738.000042577782
911.069745457138
590.063579313977
353.785205424877
217.555955359864
1231.73894799834
339.800977265025
555.641108654266
