403.132303383604
263.633149756578
251.196099297206
155.704328604334
642.592051112165
292.788275012998
347.870973994375
302.872182168916
354.02564485901
380.163233543563
235.015232026032
422.831981018515
376.091819774947
376.649060859153
512.191141507213
189.687611685577
204.475299657834
272.146295061439
179.726621501686
386.3048552368
145.788148220002
346.296781836908
219.148237245488
303.302439701832
528.013208835726
266.279943613257
424.724137188486
499.446757034221
545.649170000392
138.481310249099
324.989008465951
262.508788675044
266.98670984825
476.906462269231
114.994269436939
301.262579704325
279.161831301153
311.519525467305
184.63571414179
502.623091891863
328.558307204242
165.31814352159
268.155825997418
121.977077954909
236.938213958586
410.555194679028
372.414531813978
114.785819159558
303.969051232167
315.166488208123
233.84326273821
