42.0708438848867
46.7234942573439
40.870879360908
55.8264894464387
42.8839646149356
52.9220270529697
38.9043408743571
44.4714102372263
41.9164782433322
54.8229863985925
80.2152330577101
59.4812745248589
62.7948346125063
56.9896361323897
28.4742898629902
39.5272387902864
66.4069183386005
54.8159600174693
42.6286495249799
104.392820190664
49.7019302515266
52.8628666280224
69.2253553497944
55.2175115701466
44.6134047498872
53.6673230828119
35.0815158992134
39.8759441714876
42.1878729042639
47.008983559585
54.6659830415658
73.7978177749555
80.0141999918251
71.4186569626588
34.0049868029921
54.1191564214328
64.1251145307001
53.8263133351968
73.1551593418628
40.8162414749738
40.996827365813
67.3152459801477
46.1592384380933
41.1330616009511
47.2508074618618
39.89910729291
54.8465483264813
58.8920952641233
60.7930886993859
39.9156600975343
37.0955166184531
