261.108402676206
216.327137050919
221.20447156112
122.196926197929
309.029763885967
219.109271097471
136.049673010797
99.9301075267731
250.6563044589
137.636421425589
108.454268973854
145.871668765877
113.959589557676
208.5444419071
114.846038423491
953.658262221508
371.204860455428
147.872169237568
221.27092077464
179.392512895699
206.450267896296
393.625018456723
224.546754409803
219.196811725544
314.519739673236
244.641951957312
200.409775779471
102.894191811129
407.919638465406
297.132053133734
225.206915100682
99.3272273074722
151.208741560564
132.017284879635
91.4332916323981
236.858497973587
113.240398078675
397.924501352677
108.634170535892
156.216618316576
454.550196427023
92.521874580849
188.647650212959
237.79777730441
222.373080409003
125.510091510192
121.550746217837
231.729005940907
416.103232481376
192.136584327679
645.958993598564
