375.422955353249
366.234129152119
347.987099015451
467.945420195517
403.535644271763
434.619219304379
534.986552309957
625.919479099901
310.529087943394
380.828685603392
679.98418044642
327.802703281079
295.291951765832
445.957097176744
198.458104264134
223.340842995094
395.961072592111
403.333544701146
360.012930624483
469.84672493934
403.112561676299
474.576875990721
568.865190952703
600.151129555675
399.18505870284
767.604174483167
333.87859997271
833.517421490196
646.780668889722
430.971349788552
608.042828936196
390.539037667976
314.646844526626
311.749669366669
358.444165824235
263.74939024036
547.883836832752
479.66832958525
491.168789467137
731.543843441288
408.033219418339
482.536438738453
643.76733885518
336.412244409869
554.123557342503
354.854217365855
383.990129107295
416.549450790605
308.83730386719
364.730297327379
278.200094500197
