689.007973174741
675.806129371341
680.727921165409
676.395043996314
684.9698561994
676.484524124666
680.463073606697
669.894218392672
668.814078941076
675.534299571723
681.022030768097
674.905315473655
685.185294423824
683.094242195261
677.362820243787
671.264707861179
680.479399202861
679.98937028111
258.001818862873
682.742690464119
676.531521648855
674.68908390884
687.487179139524
680.224539836951
682.779844974958
689.5138350057
676.138749783302
684.494923866555
668.032797058356
683.465323054334
673.342300732322
680.609262710171
667.723585219508
677.119358412413
697.983892583915
543.920359923052
681.814919638354
686.332735112648
680.239468960783
683.058209270893
672.69674875737
694.370566644692
690.018049342414
675.622630399364
674.902208424272
683.087561967382
682.410575876209
685.688841067751
690.380917534515
675.06997662929
689.776746743179
