81.1981938096128
55.173826594043
54.5805782305627
97.0078714198119
56.2599209835216
58.5674123488291
44.858512870607
59.1055375511398
52.8782041994593
62.0270343103473
59.0907585259606
57.9406361700487
51.1996581278324
52.7341477285145
51.3160376480148
56.2425328654024
52.957896804689
61.2478101493566
51.2410189423381
57.9277747483495
88.7327057944576
81.4670555665803
38.8548775120198
73.7646284159041
41.9516995732897
51.2730992914878
52.5928194491237
67.8826121806223
44.4417480356847
73.8659337124504
284.998151901205
53.0855483853154
63.5695613699932
290.542186105293
55.4018293038071
290.846031511232
52.6924329980693
55.5752147084136
58.3470860007765
55.1813691011889
254.217883574204
66.5447773168144
65.1327924562715
46.0678172961618
62.6442707150582
60.7333343383496
69.0350987396332
75.4864541244938
50.3853331784705
54.7941617509259
294.180975042725
