128.16668056362
87.9074225022621
190.972403494715
157.382851866743
232.076650345187
97.0523108206298
171.335652895574
125.493093861943
152.808767982952
176.058906932242
138.54452641273
206.3145667065
165.239681179503
121.100332763974
168.542300831871
174.507927797872
158.27135647573
150.717733373911
167.910224235452
137.093109516354
97.4608700089261
86.6629378848006
231.573356368241
217.48680261477
116.385359697097
123.358426788486
102.564511790299
78.7113388868502
223.704304123976
64.2445738261777
103.956073368455
169.68741899132
97.8107336084061
114.081473765438
129.318266603563
147.941697595764
200.2871030908
104.338795361288
141.411292511103
88.140299825438
228.155051362645
116.674398319046
182.516838762807
103.45227028633
134.670735747841
183.726811112755
163.332538855692
245.439275915476
217.476693485245
157.385926034498
101.279297190917
