186.029248557077
302.921559852692
151.433181939949
258.244076913261
151.12596754077
242.034305807107
312.210053948819
202.710510755041
190.66843518424
202.840869916723
199.401161901538
181.030423187211
165.724109552649
260.855890656633
352.508735337137
305.077193340246
280.794242273062
211.714220208565
112.284710756385
164.332314553621
342.830423329853
257.635234682895
189.113433856571
283.902284683652
222.633266064905
205.193053585597
156.541997188345
234.667779115854
249.86524769016
258.297562959457
194.749397252334
196.366986931903
196.511789438041
210.921176228406
222.599400249088
159.264380775165
191.177634105984
175.908708585224
147.499535253161
290.837619161572
194.559697479296
216.088237501399
204.265331029281
298.978816015437
255.698200668669
244.149381941325
266.344746157241
160.88832959198
187.896929035479
228.276400498913
176.260769621831
