12.2432858684313
27.2372334468239
43.6021185358488
6.64442059580347
3.25606811258854
20.5041779378012
4.11251653853446
9.33283934674637
40.8794210528245
19.2287875938359
15.4381867890352
7.75371565823662
10.1677200002002
29.4904673568435
32.720555153295
11.7541684787145
34.7871885376658
5.92693032688794
7.37844540120227
4.1533339966561
12.2826931157797
14.1388375835597
9.4928525141936
9.08579558420161
17.5192457444177
21.0935706806958
20.0611170817303
11.3311886550532
16.4866234893666
41.4679999805712
17.9652748591845
9.58984059922932
5.47416382599818
11.1098851495192
4.99817247637156
37.4354742206083
9.09785491920252
5.94041332408324
6.44919180986358
105.889650109973
18.2670466009668
5.74794980186084
20.6102646470508
6.12105580916568
13.0707073649319
21.9992116201779
9.25437651511334
3.4352926544409
6.39042637343823
7.63499837348968
10.3604410054199
