813.64405189176
301.915738302099
1363.68970678449
2247.56814736225
151.054663017543
1084.44179064447
2111.86380413375
2442.04006633638
1782.55036975132
552.825504850583
370.661704506007
361.468578323627
101.286999710848
123.41524026532
2208.56997018091
1568.43398498461
998.774239515627
3059.24598358434
129.60943943032
104.244451099481
142.943238126359
444.204093268213
168.238118777933
585.78258324903
1885.61214828322
3348.72984587301
1474.06639924172
135.302313867808
2631.87401042202
1450.04914916822
456.146073285146
1539.35221452496
4168.97405727404
377.04464643663
167.067493583987
343.379591151176
1642.44829220388
389.29387264582
120.658293932962
166.474273735021
3619.64472232187
709.768669680401
148.000475503517
1132.25329482372
182.264960123124
169.412962285868
677.314712014426
151.700819300357
94.557594883159
1092.04047156549
2487.51678396929
