443.310158565591
443.199764587891
443.251403047297
443.183140273328
443.203961503854
443.175315301528
443.199783636736
443.204245335266
443.440068566615
443.174008158707
443.190889029457
443.264664010511
443.18604612331
443.175562384458
443.173709627377
443.202648526514
443.191745271641
443.185010815382
443.199430629814
443.174928712046
443.235006036935
443.253890782119
443.178528177256
443.182591436693
443.173243035816
443.191585098372
443.20624277303
443.210552330313
443.173695659822
443.197754140253
443.196009402413
443.179732117056
443.217116567668
443.208378114509
443.272477237189
443.176137154626
443.27066386865
443.184054309312
443.182246162805
443.273473479724
443.182421641401
443.175956730528
443.223570101846
443.201242989337
443.178102090242
443.2211008102
443.175732777171
443.180757573503
443.241919367601
443.227147170428
443.272110839455
