1282.95754087006
1122.8269431465
1265.37393818181
1266.79782526553
1111.48176186315
1409.62129174625
1258.42171953137
1250.76294611791
1387.19852854699
1247.30436543423
1407.03656214756
1228.1308779948
1414.11879217362
1244.41993192949
1251.60121482148
1104.31105986917
1103.99639045085
1259.03752557113
1241.09066270863
1244.07253810139
1242.3615964876
1409.57540346607
1247.16875303902
1259.27733277158
1231.33264124282
1104.97228126134
1103.09061049907
1250.14832843563
1372.37958984543
1275.17892530529
1246.1193476119
1409.26559915896
1258.75367599044
1102.09010767751
1391.45567609655
1103.45112456398
1160.67673510397
1242.91612634256
1102.66601895681
1263.04252552462
1409.53239178611
1397.78377487989
1243.58428192623
1104.20380042741
1241.24257881275
1108.94344301738
1411.5052139046
1237.30339323361
1258.45971985666
1241.73580556109
1250.93105311225
