205.414879335474
204.750574803822
205.346926369094
203.572135557588
238.963449081365
204.354361970977
206.962128884271
226.658460059787
203.756193555238
249.783467607183
294.761460145835
204.159509998009
205.754380994164
204.182633612072
202.843825748058
208.0787555886
203.757549961198
284.886268144288
203.931504863706
212.227303058617
204.88730138183
205.145562851586
206.384434814951
201.978620309184
206.065823540323
206.439771776251
206.087921802685
211.006702669742
204.864816489792
203.38424389157
207.522676153931
203.771274345481
205.434244552675
205.198852590077
201.713170431661
204.126754910426
207.36456571243
252.641405076517
206.111494681316
204.967946932833
206.912063160036
204.062403178174
206.091678499026
203.78855381473
249.968291541361
207.432755449682
203.436133139101
286.203730174776
206.061771873911
281.870771472251
204.707607522144
