465.972944281596
489.899316516749
580.455369832208
558.386860688976
530.328742683498
526.464851410473
467.54289644857
545.484417815201
544.59349194792
535.524421119799
546.54751921183
540.241085585164
547.330130944973
544.369760964567
524.182634936178
516.014078270593
540.240706897955
561.074705682287
570.312801152429
525.748255635994
520.503863772104
403.756652127787
511.867061373821
495.480581174561
566.661434144163
511.918925538062
580.294380351201
547.335524198444
520.158698722461
451.350786312857
544.549237526876
219.935136319055
538.306058712508
574.38886410378
549.093453724714
510.909631926255
488.084593645287
552.90172635676
484.331062199919
530.57688575288
550.659803523882
535.311725290263
550.673888805265
526.475332446446
542.560604016649
550.626629604904
515.220177609738
483.911245633804
529.405258328646
521.46108652654
543.353330058958
