102.330247786691
101.152252536253
100.677848659159
107.97293927103
105.646241421738
101.23954614175
102.652543827752
2002.90183437532
2002.90183437532
100.39968400213
102.353767898208
102.089070709922
102.469434465832
104.50806630533
102.239789131867
2002.90183437532
101.345867966879
106.222883734569
100.593102306898
100.450677259537
1975.4509603651
106.098464183513
109.640112511315
104.966356452911
100.602835182828
100.603317301154
2002.90183437532
102.69562626461
108.329009833852
101.610407064525
101.578182100964
101.263883050122
2002.90183437532
101.431992177637
2002.90183437532
101.600399361544
101.092440936881
101.983240613592
101.71830112781
100.825163094251
100.788160508499
108.765172945781
100.39968400213
102.962506587372
103.192722133672
101.558486135345
2317.4293513197
101.013558861956
2002.90183437532
100
101.066339812166
