5729.19578300273
5579.04453397787
5571.53440161935
5099.19547755471
5660.58740983131
6111.94774693651
5631.10002226351
5512.83628989677
5466.4437294778
5625.61330993259
5791.73748275311
5733.6846670822
5734.71110998767
5579.24128068614
6122.15844525411
6179.65296266431
5768.68352793373
5578.20420178943
5688.37143784828
5542.12736948106
5733.64630104396
5364.96852114287
5466.65646674665
5453.73644319439
5625.90227075614
5582.89171075284
5133.16306222713
5512.25969831953
5631.46092187092
5371.07597938016
5578.48836275349
5576.62631815078
5363.11033694981
5569.87518051601
5769.55084712713
5507.99805144496
5583.88988457448
5692.95136514076
5739.86020214925
5442.25645928161
5664.44873751654
5643.35402685048
5737.47211143662
5922.87189007449
5733.0010929702
5599.92284696315
5575.53363678202
5632.48722896762
6072.1699482627
6283.32203618096
5768.51382352861
