2321.91975747194
2266.33861855625
2487.52835475141
2416.79498254213
2404.75467127403
2453.33760913669
2412.94153978479
2409.28504550156
2265.74258896351
2320.48772071597
2407.900555322
2451.88503089712
2267.60360911184
2534.85845872598
2268.33521919175
2399.86443320606
2523.60019386151
2452.36866352743
2534.33631882208
2534.98018841681
2533.48158132561
2412.45021261835
2410.03899451962
2273.1735422359
2346.3835949494
2487.77445008078
2408.63956520079
2261.79567289142
2487.97464715635
2323.98385752366
2319.7201241916
2484.32556449293
2347.19883647851
2455.84525406844
2487.7870504189
2348.45635148056
2523.27049861977
2279.16493573014
2450.87504900449
2487.34459561852
2177.34556090664
2382.39217080092
2408.25285200251
2411.19890882872
2319.76655816605
2407.93720283298
2409.56502408633
2410.78824143753
2441.03860840052
2410.54280932121
2534.4491458196
