1003.61069379195
1003.61069379195
1003.61069379195
1003.61069379195
1003.61069379195
885.854343123991
1003.61069379195
1003.61069379195
1003.61069379195
1003.61069379195
1003.61069379195
885.854343123991
1003.61069379195
1003.61069379195
1003.61069379195
1070.03147014289
1070.03147014289
1070.03147014289
1003.61069379195
1070.03147014289
937.331482111671
1003.61069379195
1003.61069379195
1003.61069379195
1003.61069379195
1003.61069379195
1003.61069379195
1070.03147014289
1003.61069379195
1003.61069379195
1003.61069379195
1003.61069379195
1003.61069379195
1003.61069379195
1003.61069379195
1003.61069379195
1003.61069379195
1003.61069379195
1003.61069379195
1003.61069379195
1003.61069379195
1003.61069379195
1003.61069379195
1003.61069379195
1003.61069379195
1003.61069379195
1003.61069379195
1003.61069379195
1003.61069379195
1003.61069379195
885.854343123991
