622.203360017922
444.191804960984
527.961809090216
456.402180858167
439.329029357999
518.788801913427
452.842114982336
422.63288184658
536.78648646231
587.819252973506
479.32432460649
441.137054920815
527.486719570496
447.988393977243
466.355088404448
428.295357873109
439.396934889291
437.765771087447
429.122399369227
428.268400013724
489.575911841463
578.840137488106
428.183550650534
652.811838341457
416.278645930147
459.48405711225
475.425056654114
463.395361461996
519.454560102312
499.040613352151
431.442410514813
451.87318721869
446.993371212153
500.285405324211
504.509940609711
434.514117060709
596.075793173961
447.423769054294
445.638230031627
462.317579527228
457.869996302111
492.252445216536
422.911487413468
473.775457710196
582.163386402863
427.711583013162
430.042662205814
425.384199127984
449.040841457335
504.854640846205
465.733842133794
