444.614404790299
445.581572479549
450.41619949822
458.122014561429
430.129731264858
442.882026750739
440.344337873482
434.827615558339
441.354040059196
438.817545869955
440.739499530061
445.602543744798
441.983296336209
438.633544598833
451.804536454234
440.673265595898
441.800551387757
402.356333843863
402.010073933077
438.642801502981
445.209464210581
434.452021776973
438.593206211843
441.504045435969
445.641503102856
437.653289193315
443.610543075709
444.550607092459
434.921435533335
434.232070237804
440.424529340516
437.852605569063
440.188487240802
447.07112254706
435.574178155246
432.847197678448
444.105963422947
447.548952583722
443.349203189356
432.368413962036
440.977631242837
444.671195640484
438.806268889044
440.256774771574
441.667364735766
442.119475969213
445.860947729632
435.163305531175
451.139894235081
453.745233185796
443.619960834269
