4389.48116187211
200.000419004202
300.003490562033
3283.11220814392
3845.82386430081
300.040736602563
300.119461342609
300.045724423216
2992.14503700168
300.001485381574
4411.35909430408
4679.32138445961
2878.76088392727
300.04519165465
300.000652392056
300.000123299154
200.002167581557
300.297697042992
300.007702948496
3253.46166767637
300.137059929962
300.149068890511
300.000516105226
300.033896398668
300.000056071877
4553.86867167379
3210.09284215565
300.007188595436
3127.96311502547
4631.08949222019
4437.85375849728
4465.27868350043
300.006669218955
4129.61247578365
300.008691884936
300.006550546039
200.000257283525
200.00184750869
200.000494693433
3177.56054114654
5037.61299550019
300.022655842266
4302.98743007572
300.002890436524
300.122625924882
300.000184754645
4644.42950087761
3979.87394068267
4852.76576803878
300.232508824894
3333.25338654536
