4080.63551697735
4071.88340535327
4082.52224093576
4079.14207720404
4080.77296357268
4137.37798491068
4064.56335398305
4230.59227331806
4147.49136796534
4236.27467546943
3999.13025726933
4215.65519505016
4087.13041408149
4070.69169177077
4080.90203107876
3996.99932171699
4079.12139098193
4239.00605127967
4267.55865194872
4070.75282058713
4228.97034052508
4237.1387125751
4148.5726764798
4229.74188301063
4079.17948973054
4084.63508255495
4148.68693457377
4230.62360218069
4227.69725315267
4079.66264569333
4235.34989502279
4065.6520134011
4082.49598894565
4229.75035351518
4079.77322676126
4079.25861959873
4080.56659918702
4067.25247233172
4229.4016028503
4212.2260744515
4082.2400405462
4086.4682423452
4237.55452802547
4220.22402485175
4078.93665835024
4213.93287717683
4079.64918275114
4228.52769128472
4080.91183664438
4086.91096845826
4081.84828773428
