788.053514284759
483.273807148157
565.40678094813
538.109493031622
807.697947048702
541.953565025201
731.066994575463
496.670048986109
569.03630361156
601.242090281635
736.938908940656
708.900259363594
591.131770000659
736.938908940657
525.406496104798
548.913996178135
597.083402429908
546.442858587367
670.160424261793
560.427015797303
570.68920590886
511.261093493965
501.097761103867
525.231407236461
643.567146631513
541.458432341557
591.14268717208
708.900259363594
528.379235329513
556.468704554753
587.838001570678
501.505017045864
752.302485308755
682.355231557656
582.440383992592
736.938908940657
598.952448215307
546.646063847598
588.9175731213
568.661916757603
556.794501911634
640.311990019014
609.970402042323
503.39772781491
609.970702824963
498.664090047429
548.726996312348
609.97125685788
450.409672580819
541.317518476792
736.938908940657
