583.760676980213
583.759519048286
525.848317516351
583.750503089041
585.29060925789
593.556461486627
583.798344461673
584.075643323825
583.856913032318
583.759706076822
605.751077621203
403.343842374692
583.757263326971
583.976372544091
599.176962322505
590.259280132362
583.767056923216
602.561250236473
583.968255210754
583.803464819328
584.988108283743
583.735336822343
300
589.711160826192
583.805240836505
583.936261938167
604.346771447466
583.849065175651
583.793798960225
584.049361114613
607.527102249466
588.273989733014
608.372755092995
583.951397677009
583.774597874864
583.760905491378
583.765440436962
300
584.07671809466
583.751652929356
583.75466606565
418.561748956914
583.754483237721
583.857303128223
584.512571716611
584.996130035607
583.750026207814
585.416360001928
370.772585071999
583.877558760131
588.771473743477
