398.274769058245
397.809281928599
402.738969381541
413.602860561954
396.934080358109
398.537420615077
319.646849174208
329.263882295422
393.885842113279
404.386270563749
393.158254965931
345.021055029398
408.939505564001
398.493821762768
403.73631513765
401.999310282043
350.855601427174
408.193462958122
393.201904838015
410.978062616916
398.186635325823
407.859815359223
405.711733334006
394.644852778542
402.820377332065
418.067425569567
410.260926452695
401.087766413944
399.089134920934
405.092644449703
331.773511943415
408.467341444159
401.267295540622
412.167822395084
349.146579637353
374.119228719707
408.76975117131
411.226009015273
405.212752804586
356.31882602246
406.994726517436
405.267740703788
397.742159888845
387.454380625376
411.44174361158
399.609335314445
395.712121758445
403.712180044889
397.350127962325
404.449780429997
394.047607128918
