380.144938042258
306.787662149422
348.627832713452
405.951308884356
260.824385595339
416.611442181139
573.987804900121
278.076435357497
294.454769733975
319.365665983225
281.387769849079
313.374381877408
305.762203573483
315.23357795201
354.621994717137
364.793432196448
490.733442674283
342.258555237433
429.463073413266
391.449005818099
455.791577230276
314.178412630145
306.340319651579
598.881517311365
251.2166592397
432.829026742164
293.868497666435
333.112929952349
431.250795342202
520.168457186399
495.412407496098
321.448007642444
337.742579887879
416.837253346041
258.620738471306
451.525018713407
288.289460968143
454.979040748969
630.571672651139
450.95836820677
459.667585173353
293.387284671608
465.248919433173
415.028756543088
424.52079301126
305.280951929436
454.950582024995
278.315516283714
297.943481770662
289.30230889245
293.032613606449
