559.141305713884
696.255520344219
917.57508325979
621.424292812772
1000.09963701476
1027.65224492656
1066.35139916498
1293.09429315334
1097.48265039224
652.389457158185
845.636129138575
1769.4357394751
932.832065834772
1146.93381511767
963.342203237727
1273.51533802097
1223.15306531876
999.403727284485
1507.17262031705
1194.06354781268
1541.76761527714
1380.36082276305
1711.72633222893
1003.15814113615
461.388135788294
1034.75344726401
1056.93579040508
525.892837708112
925.737898521503
612.288212206717
1266.92591497162
590.877973085077
1226.5177562706
638.84296787916
681.859168408969
583.728699577928
810.299428186172
759.2763352993
682.750485275694
701.662398327776
1248.7203372571
534.287743576478
714.543314617229
882.826228165438
826.43089225077
738.755945883277
1596.50306181741
853.546963637637
856.103612446727
522.229557705203
1481.42635998885
