5456.82825165499
9485.09412145911
16388.9842096511
15363.7705044333
6457.84126065976
13785.2017588221
20303.9335168503
4051.284216296
8052.80764389643
14892.6072336543
9373.02510532174
9175.74866443584
12119.2816554896
6603.249160172
8564.54037653073
10879.3794127675
9462.30653831537
6272.7122818213
23477.5041603481
15865.3843281489
18397.1426137411
7399.60053538009
6213.65923799247
9011.75257001012
9403.81922578984
6036.97170009351
14553.3828665172
7356.60634653331
8539.63893029041
5062.02204452263
5843.45088141372
5307.21682866329
9655.02221261202
14287.1111322364
6081.78202681881
10790.56084022
13583.3639653408
10465.4416899053
13168.435785176
13812.5888442282
9133.58400192108
14492.7870559842
6421.42604246951
18868.4610182781
12510.088914472
5422.22164385987
7533.67425399993
9555.16306937421
5998.8887243008
14731.6221759692
8100.7037582845
