114.055373808177
113.057175411224
108.088966117908
119.482704832071
117.188749584347
92.5652789936129
114.319077441837
115.282839347007
112.548687854749
114.718929560264
114.90781320558
114.81807058844
113.663372866478
70.3750022781139
114.811847157926
115.301842202305
116.239244192651
113.252985155122
73.5947200849023
115.475431617336
114.785642245452
114.936595327149
118.246465701074
120.001553822788
111.211462759717
112.51705691781
121.10017006781
111.047277417656
111.898571560978
73.1915941408657
116.444089988142
115.16602057169
119.585564688924
121.400497142396
115.258786853633
110.480727542897
117.562588876847
117.304771599978
4.16615841976409
114.489718080703
113.719450978924
113.863808571004
115.142085236682
112.772600849214
68.8229343728809
69.312895501402
115.139402552017
111.671275673943
113.663193687134
73.3451996196786
116.077263684833
