132.327659803074
132.327659803074
121.38339080482
132.327659803074
132.327659803074
132.327659803074
132.327659803074
132.327659803074
132.327659803074
132.327659803074
132.327659803074
132.327659803074
132.327659803074
132.327659803074
132.327659803074
132.327659803074
132.327659803074
132.327659803074
132.327659803074
132.327659803074
132.327659803074
132.327659803074
132.327659803074
132.327659803074
132.327659803074
132.327659803074
132.327659803074
132.327659803074
132.327659803074
132.327659803074
132.327659803074
132.327659803074
132.327659803074
132.327659803074
132.327659803074
132.327659803074
132.327659803074
121.38339080482
132.327659803074
131.332700745981
133.322618860168
132.327659803074
132.327659803074
132.327659803074
132.327659803074
132.327659803074
132.327659803074
132.327659803074
121.38339080482
132.327659803074
132.327659803074
