303.459141617063
303.459141617063
302.46418255997
304.454100674156
303.459141617063
300.474269483602
300.474269483602
303.459141617063
302.46418255997
302.46418255997
303.459141617063
302.46418255997
302.46418255997
303.459141617063
303.459141617063
303.459141617063
304.454100674156
305.449054693431
303.459141617063
302.46418255997
303.459141617063
303.459141617063
303.459141617063
303.459141617063
304.454100674156
299.479310426509
300.474269483602
302.46418255997
299.479310426509
304.454100674156
303.459141617063
303.459141617063
303.459141617063
302.46418255997
303.459141617063
302.46418255997
302.464182559973
303.459141617063
302.46418255997
302.46418255997
303.459141617063
300.474269483602
304.454100674156
303.459141617063
302.46418255997
300.474269483602
303.459141617063
303.459141617063
303.459141617063
306.444013750524
303.459141617063
