63.9506947367647
63.9342687060729
64.4038704281297
64.41827637063
64.0773475878691
64.313955449524
64.478186529926
64.521826812315
64.4950278581416
64.0060496527581
64.4291852409733
64.4189781920594
64.0909720393666
64.4035821286471
64.2471832056559
64.4878128154567
64.550104731605
64.441435197968
64.1560662413975
64.4901972247759
64.1639857830303
64.0262189059698
64.3684705603629
64.0115556964613
64.3385915882889
64.5433015002584
64.5495739334553
64.2851735199771
64.3674020371963
64.2183611162357
64.3845300893769
64.327689528481
64.4273024988115
64.3169465452219
64.1418838888524
64.0115744339057
64.1815420316696
64.2229539082821
64.3961677723443
64.2063039441371
64.053506062452
64.1183763797851
64.1817132747624
64.4429797516763
64.5197948080723
64.0148206809843
64.3451668095582
64.0036821153251
64.6516710348659
64.1198993797677
64.0180505315868
