633.905923988071
653.156818307986
635.123573227989
642.05195317764
630.500250655221
631.075734132582
635.178035992805
639.800276743163
619.784138104406
639.573588784319
623.113892061365
647.719617973888
645.206663301566
645.206663301566
638.87824232628
639.573588784319
629.455908431742
639.573588784319
639.573588784319
625.842266748851
635.123573227989
644.261061823713
42.8333663087661
630.9892276961
638.593397027465
621.907012345667
630.500250655221
639.538998505318
645.206663301566
624.407460677175
622.977511300851
639.573588784319
635.066952098741
616.856261408397
643.805369414501
633.905923988071
633.905923988071
639.573588784319
621.907012345667
639.573588784319
629.399287302494
615.917647987382
634.490550750751
635.123573227989
616.437619408088
617.437016593188
633.83000461218
643.805369414501
653.156818307986
639.573588784319
640.460822881734
