111.578593734685
112.257841161489
111.578593734685
111.578593734685
33.3661032569813
111.273144662256
111.273144662256
112.257841161489
111.273144662256
111.273144662256
111.273144662256
112.257841161489
111.273144662256
111.578593734684
111.273144662256
111.273144662256
111.273144662256
112.257841161489
112.257841161489
111.273144662256
111.578593734685
36.34318171334
109.099990282617
13.7489484566573
105.748360784931
111.273144662256
112.257841161489
107.809844710955
111.273144662256
111.578593734684
109.119376558079
111.424111510827
107.370312724843
112.257841161489
117.999187997369
111.578593734685
111.273144662256
111.273144662256
111.273144662256
114.214765164886
111.273144662256
115.386123082917
111.273144662256
111.273144662256
96.4771107295462
111.273144662256
115.199461664119
111.578593734685
112.257841161489
111.273144662256
111.273144662256
