1.45250030618877
1.72108505743813
1.81061334240337
5.78129308748419
1.26676103891486
1.26018857421263
1.08770502075083
0.454324018590796
4.51830287642849
2.26493732644531
1.36297205577239
3.53835997846204
2.40274955758582
2.35446562360357
0.901965270673031
2.08588174856129
3.90315574406225
1.88336198595778
1.35628928926383
3.31197556213931
1.60709215394274
0.633380540502458
1.0810786030479
31.2364875023865
22.6064761860034
1.98966980909654
2.42053168639427
9.129509987966
2.98784609628819
1.26676103884733
1.54202895113872
1.17055002192228
1.98966981021226
1.35628936986132
1.26676103884733
0.722908848969382
1.81061331102399
0.991493521091002
1.35628928951485
1.45250030618877
2.26493734735379
1.7210850661844
8.03514386617155
10.218856079272
1.63155680702164
3.81369232408895
3.51506825809145
10.1238893685274
4.33301511014258
6.94743929596802
0.901965270673031
