866.112367354191
878.862367767783
870.475770699079
866.112367354191
866.112367354191
883.22577111267
870.475770699079
878.862367767783
883.22577111267
870.475770699078
878.862367767783
883.22577111267
866.112367354191
883.22577111267
866.112367354191
870.475770699078
870.475770699078
878.862367767783
883.22577111267
866.862390494373
887.589174457558
883.22577111267
866.112367354191
876.498780198983
883.22577111267
883.22577111267
883.22577111267
866.112367354191
870.475770699078
883.22577111267
866.112367354191
866.112367354191
870.475770699078
866.112367354191
862.498987149486
883.22577111267
866.112367354191
866.112367354191
870.475770699078
866.862390494373
878.862367767783
866.112367354191
878.862367767783
870.475770699078
866.112367354191
866.112367354191
878.862367767783
866.862390494373
870.475770699079
883.22577111267
878.862367767783
