331608.470832906,1139907.14501203,1377811.30307193,763654.670888095,559532.872772819,699063.55391272,748926.951222655,737862.367723567,872307.790082863,598859.504994116,1112733.68003959,1248513.00709838,431782.655264158,1632063.53826362,909250.98007042,1051492.01761459,874432.058542323,815505.116879478,1370513.01513903,1336661.80566243,396700.746770007,1098178.69195188,1171323.3896911,1170141.51667207,882959.289066959,657544.27012816,1047649.52347024,725803.042458236,1223836.61640441,945348.019755368
331608.470832906,333379.098633961,579121.536848826,591649.076250924,302157.301550045,399781.704124871,748926.951222655,388556.459097663,399171.576861231,319898.754882923,288946.943511327,433584.002471379,431782.655264158,266447.231515855,569275.729040039,73134.800821587,221499.387113028,561215.472814191,1000648.80572013,281172.55711572,396700.746770007,358996.412389843,634565.45232681,691864.213821975,606003.05661471,500423.22919216,478742.110651644,334656.411511957,521961.599286617,251955.28474542
52067.7070975617,179678.266816027,346157.257387911,115527.94895455,71985.7595271335,96378.9212596595,175717.452947951,60849.3963099705,137439.109919639,94487.6659072899,119738.372022709,148460.145470508,154301.490719871,142506.785821255,126292.911219287,73134.800821587,118189.054620014,38265.1391407102,315575.56210422,152310.108592905,109447.364347345,111120.408907968,94436.8563344383,138140.642546974,103197.379244681,160915.956906314,141009.807386105,141275.004805873,113726.244947282,158796.903838601
15590.8513562364,7633.66305580772,69037.6761237281,29033.6220904097,18717.3872313849,20988.6597483041,34079.8736629413,6027.14380422576,14178.5996387222,10356.8178784792,8457.49050618108,16944.5309524184,31436.8343442951,16397.3496591726,18492.4022748831,7855.6046128182,15630.6607128179,23858.41483378,39632.5979942884,18817.0737204836,23800.3960232952,18779.7411022913,45197.1089287954,30879.2533289228,44654.5872781493,41435.509957829,28609.9400582708,12162.305615056,13688.4857119761,24403.631936996
539.950470875854,1307.76997348887,1570.28952997322,1265.70570108861,1059.49521378714,643.667170942563,3243.50953929297,635.375713148046,1453.34153660223,667.063893617436,654.006755888583,509.66029641219,408.284821853502,907.115880444446,1019.44270645451,263.341719858349,1156.54070463723,663.309709949655,2509.32097085331,670.652271877568,1345.21450695957,580.386050818615,2086.6497683641,1519.38770788455,2916.54581739929,1243.92812580422,534.132242183617,483.699944125547,306.504693052347,211.376120676449
10.3755262176056,7.65553844733987,10.4153739013276,7.84597475892316,10.1292261835607,5.1917052646398,63.1553231534008,11.1445835655146,2.18783775774082,5.74200247027386,6.61442698510124,8.75566599794019,15.4144659846823,5.38708010700341,7.65178599843664,3.37480504841574,6.63002286670298,18.7648335751951,24.3427919241487,8.8044577759253,10.0173832944358,15.7968116979696,11.4752211098092,15.2616556932821,20.5989413132569,25.0962976511383,16.8779846620277,24.7239429650282,6.17726876724108,3.00176846682277
0.468240868452922,0.0587450373469871,0.707322774117736,0.933764816569422,0.243593295376532,0.000940876497932486,0.217790362510123,0.0196107557462215,0.718253881757478,0.00839983752092191,0.0150785661060748,0.200248509560774,0.036295370780398,0.266767679537301,2.50773370145264,0.0100295991190251,0.209448156410296,0.632616234606192,0.0235433295621436,0.062945800128386,0.313998819230463,0.125714674765338,0.180509461712194,0.0457582277976752,0.820116409031948,0.015389855050026,0.261100331475519,0.0362128727617005,0.00602832407803827,0.23887044783033
0.435652625580632,0.0527440627019557,0.419863995319195,0.72972078028277,0.20393473639131,8.62743124045833e-05,0.144619589525922,0.0123874074014255,0.657936017939141,0.00708222324811702,0.00465475268249893,0.1784411409726,0.0177019818703834,0.251562737555414,2.17811709082721,0.00732014484588144,0.169697892611693,0.503842815962579,0.0137272001274889,0.0589368191870467,0.25631239715731,0.0820928867619547,0.153233159225197,0.0124418018244094,0.712833760484641,0.00747020648599833,0.224071144774752,0.0226768071540856,0.000537917201310005,0.229698947312953
1.15008594403902e-07,2.21012920664375e-07,3.38923679037744e-08,1.16838279663662e-08,3.32958998276449e-08,3.12113043683884e-09,1.32364314907668e-07,2.62549078632564e-09,5.59626243878841e-07,3.37604066269845e-09,5.11172550758941e-10,3.65893070852037e-08,1.38179541876565e-08,1.18049774019263e-06,2.49925681914503e-07,4.33071453827915e-09,8.60160999338581e-09,4.74983894616639e-08,6.54528655855508e-09,1.68738651769073e-07,9.26119864866917e-08,1.83597869376722e-09,2.81432098548113e-08,1.07132338672372e-07,6.12731527368981e-08,1.64397047263779e-09,1.62245066867474e-08,4.118311016246e-08,7.25308631800775e-09,1.05935594106174e-07
3.97616368372847e-20,1.81121035154263e-20,2.42117435382827e-21,2.51685229699529e-21,2.31199535738125e-20,8.61303258399414e-23,7.32650869223449e-21,2.70344048096201e-22,2.24162026071792e-19,1.91737416606486e-21,3.70254079652062e-23,3.41118267937301e-21,2.68011039050509e-21,1.78002777071869e-20,1.01560195473677e-20,6.06872892411868e-22,3.15377889675325e-21,7.91019969226384e-21,2.29897499114214e-22,1.85895286611099e-20,5.93618870985997e-21,3.58423401109795e-23,3.61494857319192e-22,3.25981158846039e-20,3.54741220980038e-21,8.49661129894703e-23,3.48124457810758e-22,3.56014780358731e-21,7.68831757664585e-22,1.66564289935016e-20
2.944778540482e-42,3.44940296965435e-42,1.56174741071098e-44,8.99779839128758e-41,2.65880779938634e-41,5.98765567694019e-43,5.33044305586807e-42,5.62445379123547e-45,1.69754469723547e-40,4.15163921330622e-43,1.37700983209193e-44,6.91433572753639e-43,1.79211178926536e-40,2.06231358248988e-41,2.87342535469949e-42,1.46133125034269e-41,1.26153248742936e-41,5.43768320862208e-41,1.42849580392011e-43,3.57013765109303e-41,1.41707836831609e-41,6.71884670842226e-45,1.82093855837095e-41,2.97290207333403e-41,2.93858592618815e-41,1.638627864737e-43,1.51698663960887e-42,3.05752076534672e-41,2.84033535150562e-42,1.49179246526337e-41
8.66990190061744e-76,5.15932434026158e-74,1.00748414055094e-76,5.02894355009932e-74,2.42979088470056e-74,7.84059108922383e-75,3.04336124140337e-75,2.86922032152577e-77,1.75466241906962e-73,9.65516398756459e-77,7.98128752190476e-78,2.90306612059097e-76,1.94472789543174e-73,7.67009284015821e-74,3.64595478770351e-75,4.75365499342917e-74,1.04677482357063e-73,2.41447610614574e-74,3.15749562892319e-76,7.79588561804294e-74,4.1469834789532e-74,3.8308790688479e-78,9.0010906622206e-75,1.12288000192755e-74,4.81735408471254e-74,2.3772437776302e-76,7.46784700629384e-76,2.58485756682705e-75,6.13463100764579e-73,3.55331568349553e-74
4.97869999085103e-129,1.46944177333892e-126,2.11951230404166e-128,1.89419629595879e-126,2.88402052002181e-127,4.95688789630143e-128,5.21331808655222e-126,2.95138052822724e-128,9.73284846407427e-127,6.40510089449296e-130,3.01016099280036e-129,2.09218474387565e-129,3.62956766863093e-125,4.32752760139372e-127,6.10765696612134e-127,1.22833512854025e-125,1.65337827608778e-124,1.80826384505098e-125,9.67858810474984e-130,2.22548817737713e-126,1.70861119551326e-127,3.31382142860414e-130,5.44110239484568e-127,1.26884428872994e-127,8.2134485675662e-126,1.16112112551541e-126,6.07589457619788e-128,2.58846082920986e-128,2.39881726734875e-125,1.50879822957984e-125
5.06125580243002e-212,5.59168616751238e-210,1.05250122353943e-211,2.26263377419445e-210,2.80183341863404e-210,1.54155033862034e-210,3.03910232735043e-207,3.80431387114223e-210,4.52972280186248e-208,5.22419399569154e-213,2.18316458240138e-211,3.62494843491934e-214,6.23789223602506e-208,7.96775216103546e-212,1.95060382348649e-207,3.05945133067886e-208,5.44169130125502e-206,2.01842103372537e-207,6.82453785611524e-214,2.26164580122735e-209,4.72695587661076e-209,3.12713830326625e-212,2.9027536320828e-210,6.81954519293827e-210,3.16847270480258e-207,7.12545857361276e-209,7.06601110527549e-212,3.04645749872428e-210,3.17025496234053e-208,1.97333794201189e-208
0,0,0,0,0,0,0,0,0,0,0,0,0,0,0,0,0,0,0,0,0,0,0,0,0,0,0,0,0,0
0,0,0,0,0,0,0,0,0,0,0,0,0,0,0,0,0,0,0,0,0,0,0,0,0,0,0,0,0,0
