8.10010951367638,5.01007823554216,8.17156946557236,6.70526497622311,8.91208389768281,9.27100500649616,6.34569323197454,7.6639160521144,5.29789602274478,6.4982285611472,7.54848947098022,5.99817505402037,7.50188255172192,8.53059497810386,5.37602845077724,6.68553227721491,6.45210235569188,7.48313841525928,6.26778522084263,5.76278242846634,6.25755733171476,7.6340824893302,6.21701185068688,5.13341314656335,7.06742503201885,8.94420586541949,5.96617087226444,8.06927018979296,8.02911030251432,6.79498070309672
4.73711277906103,4.52853056149585,4.18956108815281,3.13248804981919,6.74245410195516,5.43548853989466,3.79900907823613,5.32741329251842,3.56153288231461,4.60638180895457,5.47651854956111,3.36519468020101,3.89252334078094,6.08899656611279,5.37602845077724,6.68553227721491,4.6038058541977,5.4353266693433,4.69351792181665,3.13869609578386,5.42294455410509,4.44724069826358,5.23832997473651,3.48036508767385,5.23124270864426,6.94507588313643,4.10528565378636,4.47398181497352,5.24116136864046,3.85965567689041
3.28183909511888,3.25877677120759,2.76890314506547,2.29841174994679,3.89847159253926,2.87765264636899,1.46516187006408,3.03681764272564,2.07206376889745,1.7045050449399,2.97816660688611,2.25211061263882,2.25232106890234,2.30227305625415,1.69217167969358,2.39922521160629,2.32148282169427,2.01739968351851,2.32784086030559,1.90071558246225,2.42557142117091,2.88034385608835,2.83066997054906,2.85050015748971,2.71745716814762,4.6312541218685,1.36127150126454,2.14021754353046,1.39102710669045,2.46417520127011
1.30839078874175,1.13988814404183,0.499472038990573,0.42656868743278,1.10885125976294,0.576922197025151,0.512540487308586,0.825252224987811,0.428765482244758,0.42952451757437,1.35441156290722,0.546459900836727,0.577151626261726,0.716923666688627,0.370931623838255,0.901638687481535,0.619485145700638,1.25667844552215,0.977998868035885,0.626024552945841,0.514551106503901,1.16127682341461,0.871314773848688,0.588418330413081,0.725349939758548,1.49309252901578,0.506568010555324,0.601584566800862,0.514106714756585,0.497294775728538
0.14391754838526,0.144035554904429,0.117440213029602,0.0769526168934026,0.213125900761513,0.149231869533488,0.072073976360119,0.191624071161172,0.136644867205054,0.13495615827911,0.190593304858481,0.13826602488684,0.111744282670715,0.124788183510448,0.0817628115540202,0.166731627763784,0.127207020090738,0.163312446885768,0.132707029453533,0.121910107764561,0.0965564812391507,0.187816613671023,0.133086152212065,0.118068115244455,0.139518722606562,0.275828911130287,0.098343174497142,0.122056927286356,0.126414777769029,0.0887707459450808
0.0181718344492696,0.0207711907220632,0.0294604473348572,0.019566104960206,0.0349403458540726,0.02495317567258,0.0227074743771374,0.0326217724124835,0.0344551941641641,0.0269663171429039,0.0261515221128924,0.0226204126604995,0.0285562960179641,0.0156759912805529,0.02447152370434,0.0272276970882167,0.0219708125941281,0.0315295544203075,0.0350192250846863,0.0217882602743713,0.0206963754273325,0.024275435714089,0.0288184891856003,0.0290481939130516,0.0290100520458977,0.0438954930748775,0.024784441223431,0.0269659023549669,0.0322933653034929,0.0226630319201891
0.00558506822506453,0.00597631729053629,0.00833137044493343,0.00419329960895184,0.00638132832265535,0.00815441098265514,0.00646423431105617,0.0099203214792159,0.00737391632275605,0.00919113938043872,0.00663891336413248,0.00523815983909489,0.00564605363251279,0.00672199570412179,0.00540433063273532,0.00748465594486462,0.00437141943053235,0.00613000906690632,0.00922930742921071,0.0042623693861658,0.00676032101167193,0.00576151372088235,0.00722690428239929,0.00371446328127987,0.00847847034508385,0.00850758935924855,0.00656088113506686,0.00638026015628958,0.00499688958209244,0.00511529733364288
0.00212394008786874,0.00340732267507184,0.00165854826938398,0.00181960485293651,0.002875851935762,0.00248040041847581,0.00300393864631246,0.00285315475676356,0.00190776589388818,0.00174894918321275,0.00209854965044928,0.00284107791993825,0.00179062235643839,0.00207793722861513,0.00215845038291456,0.00121300793986135,0.00272178004015858,0.00135065128756926,0.00211602818181224,0.00205385616514053,0.00226946049176552,0.00181599851821489,0.00265329479078418,0.0030743493610108,0.00215599969733723,0.00153458976324046,0.00235593994958121,0.00214324864567429,0.00137591222360534,0.00164181043965561
0.00108897763240757,0.00155418141145092,0.000795810787640022,0.000819277517741668,0.000567582365953172,0.000759814645150197,0.000476231993311314,0.00107559236168976,0.000492612982500698,0.000450476040766071,0.000566032341270141,0.0009388537470996,0.000913417494808429,0.000523901422364271,0.00141640646866283,0.000533723288486597,0.00183806932430714,0.000477624880429998,0.000523467255712772,0.000859974390641461,0.000751577226067498,0.00056480645003608,0.00085883237102619,0.000672908009130801,0.000483866118557806,0.000791939514343286,0.000971727012464156,0.00037779299125152,0.000707387856165988,0.000953390213233192
0.000969985013668308,0.00147874777555467,0.000672918374581608,0.000819277517741668,0.000567582365953172,0.000759814645150197,0.000476231993311314,0.00107559236168976,0.000492612982500698,0.000450476040766071,0.000566032341270141,0.000709857711170901,0.000913417494808429,0.000523901422364271,0.00104658285363856,0.000512980021352045,0.00169744038320438,0.000477624880429998,0.000523467255712772,0.000624723837523952,0.000701044371664574,0.000435726633303278,0.00085883237102619,0.000672908009130801,0.000373048118621348,0.000699434716565261,0.00093000957427781,0.00037779299125152,0.000666813511103357,0.000784470054420011
0.00074365585478911,0.00113587768334385,0.000609953177620955,0.000688283064911525,0.000541792736162544,0.000759814645150197,0.000476231993311314,0.000636219474264641,0.000492612982500698,0.000450476040766071,0.000332508681379157,0.000692314917270756,0.000728544964399143,0.000523901422364271,0.00091125953966701,0.000301798079547958,0.00152144442685002,0.000477624880429998,0.000523467255712772,0.000488590990438368,0.000535483606255161,0.000389555494749745,0.000699303161606978,0.000672908009130801,0.000348665084945134,0.000651054968268035,0.000606613583263177,0.00037779299125152,0.000557147292999591,0.000680024091785792
0.000666626454136575,0.0010630248485538,0.000497150132630709,0.000647484352228683,0.00051708725676542,0.000759814645150197,0.000448270836984601,0.000445497808314028,0.000474606203094252,0.000450476040766071,0.00026835779450416,0.000573136273360286,0.000673225911205473,0.000502289033887804,0.000809053547296952,0.000301367980217384,0.00140939259045214,0.000463658854610424,0.000523467255712772,0.000439794284809064,0.000468746334289987,0.000325818346874964,0.000699303161606978,0.000671953663064762,0.000195932113804394,0.00064475598295167,0.000564199631031005,0.000298462047003986,0.00046937845155568,0.000631175017724744
0.000666626454136575,0.00101349299763626,0.00043843492962281,0.000647484352228683,0.000476061022132427,0.000759814645150197,0.000448229224883454,0.000384020650831405,0.000474525013442943,0.000450476040766071,0.00026835779450416,0.000573131871915322,0.000673225452744351,0.000502288304018873,0.000809053547296952,0.000260296114171171,0.00140939259045214,0.000422509428629244,0.000523467255712772,0.000439794284809064,0.000468744478247617,0.000325814476665071,0.000699303161606978,0.000608723422077997,0.000154788218577581,0.000557989644295463,0.000495687740126686,0.000233912860362458,0.000469377829584046,0.000631173265784174
0.000666623142721996,0.00101348944222481,0.000438429740469049,0.000647484352228683,0.000476055921605959,0.000759814645150197,0.000448224379619062,0.000384017558660376,0.000474525013442943,0.000450476040766071,0.000268354051761295,0.000573127305473664,0.000673222196573683,0.000502282901715523,0.000809053547296952,0.000260292648815553,0.00140939259045214,0.000422503548330967,0.000523467255712772,0.000439794284809064,0.000468737778157123,0.000325810024284488,0.000699303161606978,0.000608719097616368,0.000154782737739515,0.000557984771171214,0.000495685333558287,0.000233902945148123,0.000469372253390149,0.000631168752737048
0.000666612861959755,0.00101348093027263,0.000438422346872206,0.000647484352228683,0.000476046601538838,0.000759814645150197,0.000448216744382278,0.000384009176678624,0.000474525013442943,0.000450476040766071,0.000268347248494355,0.000573116884037493,0.00067321507493762,0.000502274705128119,0.000809053547296952,0.000260285712502794,0.00140939259045214,0.000422497131194233,0.000523467255712772,0.000439787160343217,0.000468728087726273,0.000325802857524374,0.000699303161606978,0.000608711873101629,0.00015477487807784,0.000557975375943993,0.00049567581882428,0.00023389157297222,0.000469362882713527,0.00063115997094224
0.000666595956559408,0.0010134665792292,0.000438408960642801,0.000647481667160689,0.000476033755637216,0.000759814645150197,0.000448201417983085,0.000383995719186321,0.000474525013442943,0.000450476040766071,0.000268337230012865,0.000573102038065478,0.000673202250928773,0.000502263578712413,0.000809053547296952,0.000260274284743506,0.00140939259045214,0.000422482384753616,0.000523467255712772,0.000439773813361357,0.00046871155786999,0.00032579119465348,0.000699303161606978,0.000608697810492225,0.000154763180365055,0.000557960622376877,0.000495664287240106,0.000233874631094924,0.000469351595647826,0.000631144430165672
