13.0104269751982,11.1872784092939,7.55038742187025,12.2975045748581,16.055151090387,8.98659663615581,15.4838100090665,10.724912941183,14.5937694273889,10.8951742122435,10.9458687416909,15.0514989410367,13.6073396827023,11.6132756635079,9.81282924580228,8.27956845866629,9.39164907332815,21.243378344795,19.7243453020874,7.77577985163589,7.1264846246886,10.6922440136013,8.2761587443365,10.9447880833732,5.15854431923071,13.7125171044845,11.6685466873932,10.202023708749,8.9069498007957,10.9664842058883
5.94056043312958,3.0284591232612,5.72970160041496,6.48963261474182,5.65085366717449,4.63987260829981,3.28021732902835,4.06849487236559,2.06147832640545,5.25361723728383,7.97773886450523,4.01778231579374,4.83037441388569,7.59546284595672,3.63946716046121,4.2925986563896,4.89865156125234,4.40697238055327,6.38532537317406,4.10260155466858,7.1264846246886,3.78340305876372,3.61297034409836,5.07825967884764,5.15854431923071,7.40649545673932,5.22175837432042,4.5964546498335,4.83058797937429,5.09646780235198
1.36139068970806,1.05440592880586,1.31188422842479,1.73502635546993,2.6953791113674,1.38784499227859,2.58712659074718,1.69943060710739,0.61704726590051,0.861329849472895,1.17071769479026,1.53308998267767,1.08518080866816,2.55647347080594,1.38872927843568,2.25755662101983,1.2280361153189,1.71150838900849,1.38772226955916,1.0013179159514,1.85010236780272,0.642202833474585,0.969112327820767,1.01714524798808,1.7252212248186,0.868283387541851,1.73314839172963,0.524051069474808,2.71204619845412,0.607259252935364
0.31472853872765,0.214142791548511,0.367277393965196,0.464913013373007,0.37497828692176,0.280280352648333,0.3964457348211,0.427737176833034,0.217132477806445,0.177387682009794,0.105586861403026,0.337746367688851,0.65626786552275,0.230252000608743,0.297225483609509,0.513336734204131,0.192495169006179,0.355417445744934,0.112792701060243,0.24170095784666,0.895112207137572,0.192285430323864,0.221082683078748,0.283012141368999,0.180605753926102,0.459575322864112,0.359196770850758,0.230516536691539,0.319932496581714,0.114228776220443
0.00916411973776121,0.00759590547386324,0.0216949808109348,0.0224233878207087,0.0101087096700212,0.00635287310433341,0.0257507511305448,0.0332023724531609,0.013743366759627,0.0083888807648691,0.00606446174879238,0.00878838152038952,0.00381350596671837,0.0167799926230146,0.0119353945265175,0.0340602636906624,0.00852195331572148,0.00914228621513757,0.0049785151877586,0.0116208902663857,0.0575378514477052,0.00892803089573135,0.00600811373260512,0.0195050025013188,0.0121407018641548,0.0291143058229864,0.0131783520637327,0.0122150644438079,0.0257988208022653,0.0192324493145861
0.000219428022319335,3.57889839506242e-05,0.000200447962924954,0.000401438001972565,4.13866473536473e-05,0.000192516264178266,0.00038972471611487,0.000191500794244348,0.000161805643074331,4.14802843806683e-05,6.53224260531715e-05,0.000184385733518866,4.60520295746392e-05,0.000123121840260865,9.28985255086445e-05,0.000394045736356929,0.000109365658317984,0.000174690004314471,0.000122900912174373,0.000109028597762517,0.000358208427314821,3.32113095282693e-05,0.00010654103334673,0.000168024283084378,0.000119034855742939,0.000313228314553271,2.81919046756229e-05,0.000143858446790546,0.000110982342448551,0.000231444279052084
1.01071236713324e-07,1.54313966049813e-08,9.89102773019113e-08,1.59209776029456e-07,3.55767042492516e-08,9.20808815862983e-08,2.14263309317175e-07,6.00975909037516e-08,4.6989407564979e-07,3.95493771065958e-08,1.1157044355059e-07,1.90766513696872e-08,1.86319084605202e-08,1.11367626232095e-07,1.71157807926647e-08,8.61082298797555e-08,1.73640728462487e-08,1.38032191898674e-07,4.36330083175562e-08,5.43132046004757e-08,1.519474608358e-07,3.42397470376454e-08,3.1834133551456e-08,8.5453393694479e-08,9.99962139758281e-08,7.29669409338385e-08,9.45146894082427e-09,6.25914253760129e-08,2.05528522201348e-07,5.12109181727283e-08
9.09494701772928e-13,9.09494701772928e-13,4.54747350886464e-12,3.63797880709171e-12,9.09494701772928e-13,3.63797880709171e-12,1.81898940354586e-12,9.09494701772928e-13,9.09494701772928e-13,9.09494701772928e-13,9.09494701772928e-13,0,9.09494701772928e-13,2.72848410531878e-12,0,9.09494701772928e-13,9.09494701772928e-13,9.09494701772928e-13,9.09494701772928e-13,9.09494701772928e-13,1.81898940354586e-12,9.09494701772928e-13,9.09494701772928e-13,9.09494701772928e-13,9.09494701772928e-13,9.09494701772928e-13,0,9.09494701772928e-13,1.81898940354586e-12,9.09494701772928e-13
0,0,0,9.09494701772928e-13,0,0,9.09494701772928e-13,0,9.09494701772928e-13,0,9.09494701772928e-13,0,0,0,0,0,9.09494701772928e-13,9.09494701772928e-13,0,0,0,0,0,0,0,0,0,0,9.09494701772928e-13,0
0,0,0,0,0,0,0,0,0,0,0,0,0,0,0,0,0,0,0,0,0,0,0,0,0,0,0,0,0,0
0,0,0,0,0,0,0,0,0,0,0,0,0,0,0,0,0,0,0,0,0,0,0,0,0,0,0,0,0,0
0,0,0,0,0,0,0,0,0,0,0,0,0,0,0,0,0,0,0,0,0,0,0,0,0,0,0,0,0,0
0,0,0,0,0,0,0,0,0,0,0,0,0,0,0,0,0,0,0,0,0,0,0,0,0,0,0,0,0,0
0,0,0,0,0,0,0,0,0,0,0,0,0,0,0,0,0,0,0,0,0,0,0,0,0,0,0,0,0,0
0,0,0,0,0,0,0,0,0,0,0,0,0,0,0,0,0,0,0,0,0,0,0,0,0,0,0,0,0,0
0,0,0,0,0,0,0,0,0,0,0,0,0,0,0,0,0,0,0,0,0,0,0,0,0,0,0,0,0,0
