1.7757259973344,5.55966590112996,8.73811798945894,5.69318136871845,7.74059672715287,9.96672228782953,8.29077675583194,15.1702181541061,5.33911420110043,11.6994942502024,6.91341267811342,7.22022731302854,5.76738912459088,8.7928624299304,9.44617357920689,6.5362060579544,8.70141949711185,4.6055298937567,8.54166175922144,3.63206955002076,8.85637801713679,7.1208562802923,16.9956780781369,6.270885226767,9.23931906382225,7.49861631325463,10.0960727220701,7.87483584841629,10.5187211289394,11.3459649338237
1.7757259973344,3.48479148981717,2.61403765058245,4.60037496871751,3.49145385063604,4.4947115005454,4.99536383388319,2.97664651998294,5.05757236423483,4.73444493596392,1.8968812029891,6.1979097705813,4.31986179327122,2.84950992314728,1.51922131882984,4.6792947953297,3.14669059042619,2.53388232390533,3.91527061583562,1.93185593803784,2.31435617803172,3.48143370649733,10.7497241797788,4.3864922658294,4.20749251089249,5.48695609993743,5.74219167432998,3.95803796785159,3.48825769097567,3.92026793119947
1.04041539768242,0.981502920120093,0.465777134222719,1.65959115063976,0.830934573059001,1.26460366377539,1.67811763766233,1.06242759341072,0.902107653760111,1.03967325435491,0.835664169173423,2.19697691122364,0.700750710718171,0.901269611093009,1.24699517486762,1.13282744265765,0.550294245798721,0.494629074685172,1.57917657002207,1.11597062657304,0.638696049304032,1.02598234452558,3.72555908325701,1.064051559961,0.996194989496403,1.13520778647025,1.72260992881568,1.45343120059596,1.05465373704447,0.824708615500687
0.321177234090418,0.125858282325082,0.106775839896006,0.273992296164743,0.213427253631555,0.128427975911374,0.271121149546151,0.267594960431068,0.116610095979105,0.215571205516118,0.297684126631437,0.226825460459917,0.112109842444565,0.162955132762774,0.156549208529844,0.239805181293953,0.201808046242517,0.124881094236382,0.216366998461457,0.229562921778407,0.161619227347992,0.138946472278657,0.792589682263492,0.367931812773321,0.177021985678046,0.28592929517779,0.30857936393974,0.331489252989903,0.0764275255703726,0.140790124840198
0.014663191251427,0.00738020763820256,0.017337955335553,0.00939968523432788,0.00689763530999705,0.00940988496499342,0.00795716304191119,0.0115097589161117,0.0076373455875357,0.0135674850822604,0.0115035969388597,0.0357218034478607,0.00762765872306117,0.00480817878871612,0.00812882814307001,0.00864975505658487,0.00478843181609969,0.00320160282803728,0.0143687994722785,0.011551177176519,0.00674361381398182,0.00384507604514055,0.0202635482349699,0.0408453296487391,0.00663461065321011,0.0098391112133776,0.0114607588621247,0.0249172132307461,0.00412080119238101,0.00634913935345211
3.502045969924e-05,7.69372242258801e-05,0.000261785499149109,0.000141435907301899,5.29009039378491e-05,0.00017081899250149,5.28755918929035e-05,0.000240925428300725,6.65074617540069e-05,0.000515229316297609,9.02543803916871e-05,0.000327121295343604,7.90868728167058e-05,5.03782015546837e-05,7.67967667507719e-05,0.000149765668861525,0.000139023808946942,3.20529875272864e-05,5.96936222943433e-05,0.000101179387361518,4.44947018060678e-05,3.58348501112198e-05,0.000437078871339337,0.00267160231220193,0.000151119830469226,5.84738587122402e-05,0.000219778416458198,0.000195036352011039,4.0858882239156e-05,0.000236794162103165
1.00855438180052e-08,2.77048404492787e-08,1.2021186381805e-07,4.53651916781808e-08,3.26054157287397e-08,1.40497954409547e-07,9.04875796233882e-09,7.53858574163883e-08,3.48185261132125e-08,3.50783297514426e-07,5.46426353099534e-08,3.56757788003988e-07,2.90680368478938e-08,1.87000467657026e-08,2.58639834666267e-08,1.28652369065717e-07,1.13297011735091e-07,1.33326224230408e-08,1.3583090301065e-08,6.92088334784891e-08,4.657288550106e-08,2.51817711227714e-08,2.38887586004626e-07,1.09051271881665e-06,1.62886713132265e-07,2.26185188085413e-08,6.16324366597584e-08,3.78933046621536e-08,6.86608626310006e-09,1.29707429943054e-07
3.56530175030279e-14,3.57051072701519e-13,3.17142637725626e-12,8.20367332995505e-13,2.14148751372501e-13,2.67543292701861e-13,6.12882739997165e-17,6.96145912742685e-13,1.78433164391273e-13,1.80290240692207e-12,7.12941868536493e-14,3.74863172161058e-13,1.60646370189133e-13,3.92633737124483e-13,2.67451535682913e-13,1.78376949077613e-13,4.1057463356181e-13,5.70447079630507e-13,2.13951888321388e-13,7.13912267251834e-14,1.42734103257586e-13,2.14232417903301e-13,3.67596711054478e-12,1.37250914597923e-11,8.2085775697179e-13,1.78464470975548e-13,9.636700334081e-13,3.2114169569426e-13,7.13570207771594e-14,2.12349398302322e-12
2.59419137213987e-24,1.00870638152957e-23,1.59298432441592e-22,1.96694398641951e-23,9.20965761219857e-24,2.77731359837335e-24,6.50503971560883e-25,1.01462268054654e-23,2.55892909246126e-24,1.52091157820056e-23,3.00682617064493e-25,9.06207297809962e-24,3.04729315736096e-24,1.30484160990591e-23,2.15447872584787e-24,1.19362648093061e-23,1.87473839366473e-24,9.34651649899969e-24,1.22753422727039e-24,2.60266275218581e-24,6.27411705446916e-24,1.56005272639318e-23,1.5939502707893e-22,5.85555026058726e-22,5.85518596264907e-24,5.84793061168853e-24,6.45433495122941e-23,4.68518040296806e-24,4.96138979373943e-24,2.31586487591411e-23
0,0,0,0,0,0,0,0,0,0,0,0,0,0,0,0,0,0,0,0,0,0,0,0,0,0,0,0,0,0
0,0,0,0,0,0,0,0,0,0,0,0,0,0,0,0,0,0,0,0,0,0,0,0,0,0,0,0,0,0
0,0,0,0,0,0,0,0,0,0,0,0,0,0,0,0,0,0,0,0,0,0,0,0,0,0,0,0,0,0
0,0,0,0,0,0,0,0,0,0,0,0,0,0,0,0,0,0,0,0,0,0,0,0,0,0,0,0,0,0
0,0,0,0,0,0,0,0,0,0,0,0,0,0,0,0,0,0,0,0,0,0,0,0,0,0,0,0,0,0
0,0,0,0,0,0,0,0,0,0,0,0,0,0,0,0,0,0,0,0,0,0,0,0,0,0,0,0,0,0
0,0,0,0,0,0,0,0,0,0,0,0,0,0,0,0,0,0,0,0,0,0,0,0,0,0,0,0,0,0
