1120.12222465741,529.141620890969,298.530636298626,873.853337770113,4772.42417174777,739.276624751771,518.097151174455,1580.01865750041,509.875527880337,452.895028740457,245.085901360628,541.622828804973,1872.41194714193,1307.69939423993,1078.36476880216,236.175904053503,2422.61629937965,574.898253298764,101.028047190429,3457.67082653483,645.28563520873,281.063556642684,408.983352784971,373.035272663149,1916.48375325574,623.395103580592,509.18257643722,338.739869644289,1715.58778696962,298.977974993077
588.823934399922,373.71003098961,298.530636298626,474.628482019258,885.356935413982,739.276624751771,518.097151174455,271.240037830866,509.875527880337,452.895028740457,245.085901360628,541.622828804973,517.930738495243,659.970594025002,732.191763073212,201.808993447654,157.909934885385,249.505010276394,101.028047190429,1200.12681115842,178.794852353536,281.063556642684,139.011339330278,373.035272663149,1916.48375325574,623.395103580592,509.18257643722,338.739869644289,1715.58778696962,298.977974993077
588.823934399922,343.282415060235,114.299475324785,281.910741858813,261.496350055268,373.285100265722,363.635601905866,271.240037830866,509.875527880337,193.309310594353,245.085901360628,213.629459829442,361.711112860655,262.175884897651,204.598710470797,201.808993447654,46.4458138517856,73.6896518262473,101.028047190429,273.62332764428,89.6703403004484,281.063556642684,139.011339330278,373.035272663149,1399.42728660905,400.062215602534,509.18257643722,184.509733739477,1319.98370195047,77.6945260019216
588.823934399922,100.728192409731,52.1146842914358,74.2749228270112,148.585340109461,142.399496356622,37.8596516231543,163.544407264092,275.429304603809,53.8679683318109,227.387632951321,185.001532713046,239.576223514465,262.175884897651,204.598710470797,101.13333951528,21.0188734381003,73.6896518262473,101.028047190429,273.62332764428,89.6703403004484,281.063556642684,139.011339330278,223.917828444029,338.670494465846,231.484354963417,279.697765127532,184.509733739477,218.65875280775,77.6945260019216
145.091941223809,100.728192409731,52.1146842914358,70.6623594554516,59.25936104263,31.1519560195274,37.8596516231543,163.544407264092,89.0865087755451,53.8679683318109,62.002630317003,73.9126390288155,114.861636097237,115.295188214107,204.598710470797,76.0317736462078,18.5089634155968,14.4145075023187,101.028047190429,235.815664296088,18.0285425940866,252.334837362536,139.011339330278,55.4893471096551,11.9325102185937,87.4199268516321,194.533728443992,47.4803808669418,108.32194950845,59.1855321137354
39.8193879874497,19.903966219493,40.5367591965976,21.8690470415107,13.8108452050478,20.3599825796329,13.2297465564235,50.6869861484515,24.703805600395,34.5758173398796,7.90370264148284,23.9335706262531,46.426561869121,99.9281692110955,10.1941485498061,19.8250714733687,2.05389866512606,10.425017303841,28.8113898955436,35.1380895669393,5.59114691594531,77.5460436689948,139.011339330278,13.119417299058,11.9325102185937,35.8349201774743,14.967228955097,18.4061139445175,30.7602046868766,28.6811869739184
2.03484646751684,2.45992027207119,1.4764067975442,2.50326529797821,1.46631243710259,4.21567271897062,2.5289847033416,1.1392392639975,2.05484712782856,0.725157410400365,0.884467293910958,0.480245047585807,2.5466325779361,5.18991726489324,3.99493431716179,1.06050995557833,0.543590331995437,3.26919858279892,0.553292516280548,2.96916159455906,2.25960751151444,7.90962534823524,20.8340514391168,1.9749006558672,2.21935515821274,2.62449704970669,1.99680562098564,3.06538201402589,7.06333749176482,2.36881084163564
0.0612542261263502,0.0124603065008373,0.0140517271875596,0.0100216744979192,0.0209558573976542,0.0366770561672654,0.0302838197427086,0.0140043146995512,0.0114017018188442,0.0181639881568454,0.0215919061688812,0.00449727759840541,0.0609105698224573,0.185416256432609,0.118000436622398,0.0405941235739728,0.000789673795788863,0.00556803109153764,0.0180773345253119,0.0728926329811093,0.0186923751608033,0.160734859657244,0.0280944450787676,0.065125480359896,0.0467305210594228,0.00316912095703174,0.0389059095621505,0.0486002850887315,0.180995506640134,0.0513875943420465
5.91919468251811e-10,5.67101418762740e-11,7.1893020827373e-11,3.46553120636787e-10,3.02680413217935e-10,1.11880776302564e-09,7.83085473381384e-10,7.37046745624349e-10,1.18169781827619e-09,5.61507555036424e-10,8.17778629259752e-10,6.81457371498188e-10,1.02366309057981e-08,9.84939111012481e-09,3.74105392268631e-09,5.47579592333077e-09,1.22169579761922e-11,1.46918502992361e-10,6.88345930062409e-11,6.39349169596309e-10,1.50866456163268e-09,1.00583205947132e-09,1.31655208824943e-09,1.965296812044e-08,8.79867478129689e-10,1.32888069517608e-11,1.31053693331322e-09,7.82395893648764e-10,4.80647146232021e-09,3.11061373180198e-10
1.49718626232845e-19,4.90492761578773e-18,6.37174808888429e-18,3.19442534489689e-18,1.29725581607582e-18,6.71228260535017e-19,2.68827138024422e-18,3.50188566378947e-18,1.55622554860937e-17,9.17035406518118e-18,2.95274699709383e-18,1.70676785934289e-18,5.62460156710801e-18,4.72984287603176e-18,1.01307831932513e-17,8.09141616815379e-19,3.35820553932211e-19,1.40455790100326e-16,3.91795379487639e-19,6.0608426829034e-18,3.59728092740106e-19,4.81991343466584e-19,2.89196601254471e-17,1.11597379899946e-16,6.60857165855086e-19,1.89666277427894e-18,2.61797565747e-18,6.16927303556735e-19,5.9014813272706e-18,1.88728299995499e-17
1.14303021200753e-21,2.87451026210999e-20,1.24062322794654e-19,7.88969078992625e-20,3.61796942178501e-20,1.04569440486503e-19,7.93614761457145e-21,3.88240464076325e-20,4.22112454156822e-21,6.14238147914021e-21,5.03903456699528e-21,5.42329169324933e-20,1.03565237904577e-21,3.52450279109011e-19,5.23097871929961e-21,6.96289000154763e-20,9.97206178736515e-21,1.64111637392546e-20,1.929175943699e-20,1.78863062405504e-21,6.16770858211823e-21,3.43192632219222e-20,7.49793299349151e-21,2.77916594185748e-20,5.7410528882677e-20,9.21758276038236e-22,1.18548113505154e-19,6.16927303556735e-19,6.5617284009795e-20,2.13727379906537e-20
1.14303021200753e-21,2.87451026210999e-20,1.24062322794654e-19,7.75315317600768e-22,3.61796942178501e-20,1.04569440486503e-19,7.93614761457145e-21,3.88240464076325e-20,2.98065474575642e-25,6.14238147914021e-21,5.03903456699528e-21,5.42329169324933e-20,1.03565237904577e-21,3.52450279109011e-19,7.30503724226541e-26,6.96289000154763e-20,1.33378864414825e-26,1.64111637392546e-20,1.929175943699e-20,4.34024070823955e-23,6.16770858211823e-21,3.43192632219222e-20,7.49793299349151e-21,2.77916594185748e-20,5.7410528882677e-20,1.49295805921779e-22,1.18548113505154e-19,6.16927303556735e-19,6.5617284009795e-20,2.13727379906537e-20
1.14303021200753e-21,2.87451026210999e-20,1.24062322794654e-19,1.06836073972995e-40,3.61796942178501e-20,1.04569440486503e-19,7.93614761457145e-21,3.88240464076325e-20,5.16220024327231e-27,6.14238147914021e-21,5.03903456699528e-21,2.36154180617625e-32,1.03565237904577e-21,3.52450279109011e-19,1.09717775940247e-36,6.96289000154763e-20,3.57346977990337e-36,1.64111637392546e-20,1.929175943699e-20,8.75552140626313e-37,6.16770858211823e-21,3.43192632219222e-20,7.49793299349151e-21,2.77916594185748e-20,5.7410528882677e-20,2.66902953405065e-34,1.18548113505154e-19,1.04107860370265e-21,6.5617284009795e-20,2.13727379906537e-20
1.14303021200753e-21,2.87451026210999e-20,1.24062322794654e-19,1.29802021633942e-66,3.61796942178501e-20,1.04569440486503e-19,7.93614761457145e-21,3.88240464076325e-20,7.05716870629792e-59,6.14238147914021e-21,5.03903456699528e-21,4.68016671069588e-54,1.03565237904577e-21,3.52450279109011e-19,3.57985839891427e-60,6.96289000154763e-20,3.47237987481902e-66,1.64111637392546e-20,1.929175943699e-20,1.51073956302811e-58,6.16770858211823e-21,3.43192632219222e-20,7.49793299349151e-21,2.77916594185748e-20,5.7410528882677e-20,7.43409038477988e-59,1.18548113505154e-19,1.03664500459863e-44,6.5617284009795e-20,2.13727379906537e-20
1.14303021200753e-21,2.87451026210999e-20,1.24062322794654e-19,3.05119497061743e-107,3.61796942178501e-20,1.04569440486503e-19,7.93614761457145e-21,3.88240464076325e-20,1.74574228965591e-99,6.14238147914021e-21,5.03903456699528e-21,1.15521381891353e-96,1.03565237904577e-21,3.52450279109011e-19,2.99938769649171e-96,6.96289000154763e-20,4.93594663190375e-105,1.64111637392546e-20,1.929175943699e-20,3.97200468337826e-95,6.16770858211823e-21,3.43192632219222e-20,7.49793299349151e-21,2.77916594185748e-20,5.7410528882677e-20,2.57644186894136e-100,1.18548113505154e-19,6.02824690844771e-87,6.5617284009795e-20,2.13727379906537e-20
1.14303021200753e-21,2.87451026210999e-20,1.24062322794654e-19,9.89906206676619e-172,3.61796942178501e-20,1.04569440486503e-19,7.93614761457145e-21,3.88240464076325e-20,4.21955903712438e-155,6.14238147914021e-21,5.03903456699528e-21,9.34715374855097e-160,1.03565237904577e-21,3.52450279109011e-19,1.63303198475743e-159,6.96289000154763e-20,1.05273361094178e-163,1.64111637392546e-20,1.929175943699e-20,4.50132673721781e-153,6.16770858211823e-21,3.43192632219222e-20,7.49793299349151e-21,2.77916594185748e-20,5.7410528882677e-20,8.33266712924008e-165,1.18548113505154e-19,1.67152944751544e-148,6.5617284009795e-20,2.13727379906537e-20
