2.26353494531992,1.8765762894336,2.58779857709456,1.34584810601962,1.53198222404659,1.4538410195824,2.57519378928744,1.96505044812352,2.1603832078941,1.57629083811265,1.95024891685045,1.96988516673733,2.71930269991307,2.02438867962389,0.944395825219199,1.7590513019809,1.88063575727354,2.11430760651549,2.08444504167468,1.58549527106848,2.98091993843406,1.80305605349391,1.38357978428731,1.69569844140157,0.839325465339752,1.78595824005345,2.7516332728243,1.22552427839098,2.26868334517521,2.32254633461566
1.69173952627796,1.64078765526522,1.45590559457005,1.34584810601962,1.53198222404659,0.682494551678111,2.11628875435451,1.22516020574012,1.99742549975898,1.42649053338498,1.48855822906978,1.06972399241717,1.20456866595334,2.02438867962389,0.944395825219199,1.6822683585263,1.40898908694457,1.86712662739442,0.938049248031862,0.992212794541111,2.5044004862451,1.79834158132186,1.10714632735763,1.69569844140157,0.839325465339752,1.78595824005345,1.30747135012632,0.697385883509447,1.10160720790744,1.33739008073566
0.752247074330456,1.26533018987504,1.09763302955496,0.598778271331686,0.658765151909587,0.682494551678111,0.586235444435049,0.529092741182722,0.838398100926581,1.04125141411662,0.495362216012593,0.988633275805859,1.20456866595334,1.68581488287464,0.562518678203559,0.650671583843008,0.850146298671491,1.20082041786137,0.899019102324911,0.652031474886363,0.693301976336604,1.79834158132186,0.575616112787211,0.933705715418272,0.442516034986813,0.874827129666318,1.27851603752605,0.697385883509447,0.653547721438175,0.681683921701978
0.403894357860277,0.35172932469009,0.423116629635327,0.319050224849716,0.241935856357839,0.30526454297109,0.483965439690008,0.484618186032919,0.355753342095968,0.656272583594244,0.374039752045515,0.535480179734875,0.550452796045793,0.907132469278403,0.220248656772509,0.650671583843008,0.363933206769396,0.527014847450323,0.569141923616673,0.466019726070507,0.63191535001656,0.913692886476557,0.333226042186219,0.52171297165481,0.199696792720549,0.681686400634449,0.430977062366995,0.447448234526587,0.307035590597725,0.354637494463126
0.105965036180501,0.125076154085091,0.125841255612108,0.0821399214588253,0.115377456701098,0.138890550769404,0.103281697250223,0.0800061900599335,0.0779828410423132,0.142407738948175,0.116516375853035,0.200003365935771,0.054587783755923,0.319043340944319,0.0770951446736652,0.352316077366403,0.094133295227818,0.15284840469451,0.139668525268284,0.0639763443205636,0.246540926811769,0.258827627123559,0.049246747182473,0.046106092621478,0.0585231176608173,0.153230669300834,0.106533213465726,0.0957528562783613,0.179034454065649,0.0802828900373229
0.0137178385013941,0.0184457687382516,0.0369742867541256,0.0357225789419278,0.0393754569724756,0.0353109743621892,0.046253443608732,0.0344064115836799,0.0308435701522111,0.0422088882420162,0.0363364603129641,0.033959072317963,0.0450769629977503,0.0414561728983022,0.0145190701313018,0.0580464923100056,0.0378192507920519,0.0156770420340297,0.0504767946056112,0.0216443101753789,0.0609864276188005,0.0572021104029411,0.00745366076278191,0.0121267604037667,0.0131549036624442,0.0321667016259108,0.0312320929565458,0.0193125374282035,0.0361359341715748,0.0197024655476042
0.00407941559144793,0.00744074389051999,0.0253192567692038,0.0219635567310725,0.0273196781912288,0.0244538948259275,0.0330161639777282,0.0225414415516682,0.0221053154623216,0.0229845406606902,0.0238860514326085,0.00267130534355479,0.0225061180098429,0.021876453805622,0.00387785078628463,0.0249561462867642,0.0252674880708577,0.00700742924703841,0.0235950239110738,0.00912580412488211,0.0277916054923916,0.0258274224834806,0.00271984658916661,0.00371053634313279,0.00205792683666741,0.0222128414506622,0.021723431834159,0.00402229278806751,0.0211736286045266,0.00459528616152913
0.000986149437584779,0.00476569372847102,0.0203185758935128,0.0203784771895204,0.0231431588116335,0.0212711891722641,0.0313757210285938,0.0198217444650964,0.0198789245580772,0.020825475365273,0.020979888255132,0.00178011151611027,0.0218491677723154,0.0210246837881668,0.000287019577902447,0.0202069666629233,0.023111876274287,0.00347526191365558,0.0200310217153712,0.00212653316141713,0.0219449733547899,0.020968357939021,0.000450600667641868,0.00120580731909959,0.000288246543961756,0.0204143644519889,0.0199146459509113,0.00271482698287303,0.0204680373276322,0.00135714901339308
0.000490653891886972,0.000366443418280174,0.0196590310017057,0.0201070892319616,0.0196343575751592,0.0208161873677614,0.0274546094554576,0.019672641575333,0.0196433922230816,0.0202883379987765,0.0196981639090022,0.000889279428460736,0.0216499353858802,0.0203720702686542,0.000193422080854889,0.0196430050643502,0.0226836671970547,0.00267238779805408,0.0195995549066526,0.000840058986849078,0.0208608862643535,0.0196098972536608,6.50611822151032e-05,0.000912981608180798,0.000142572267691422,0.0198643647848423,0.0197059128976414,0.000856690276808004,0.0203740662553914,0.0012584837655975
0.000490653891886972,0.000324561262102147,0.0196590310017057,0.0200669552495495,0.0196343575751592,0.0208161873677614,0.0274546094554576,0.019598755955595,0.0196245559428429,0.0202883379987765,0.019683652428528,0.000866847899831686,0.0216365042013936,0.0203454401828633,0.00017455161060872,0.0196430050643502,0.0226026000612127,0.00267238771505616,0.0195959049651539,0.000840058986849078,0.0207997423595253,0.0196098972536608,6.50611822151032e-05,0.000890731491124777,0.000142572267691422,0.0198643647848423,0.0197059128976414,0.00072907618721445,0.0203094036545287,0.00115951680999379
0.000490653891886972,0.000311184200894814,0.0196590310017057,0.0200669552495495,0.0196343575751592,0.0208161873677614,0.0274546094554576,0.019598755955595,0.0196139354384404,0.0202883379987765,0.0196732238038751,0.000866847899831686,0.0216299595152719,0.0203291758486197,0.000174464322429169,0.0196430050643502,0.022600271745287,0.00266943554285493,0.0195953404579717,0.000840058986849078,0.0207774285195943,0.0195800984803126,6.50611822151032e-05,0.000886417458971718,0.000138532536662083,0.0198643647848423,0.0197059128976414,0.000699536788000546,0.0203028544136023,0.00114136618325654
0.000490653891886972,0.000311184200894814,0.0196590310017057,0.020065928502173,0.0196343575751592,0.0208161873677614,0.0274546094554576,0.019598755955595,0.0196126709447875,0.0202883379987765,0.0196720809310386,0.000866847899831686,0.0216299595152719,0.0203270081234126,0.000173197274393975,0.0196430050643502,0.0225985082378944,0.00265400648661931,0.0195941595121452,0.000840058986849078,0.0207677616416646,0.0195770062474585,6.50611822151032e-05,0.000885863816749514,0.000134702495867974,0.0198643647848423,0.0197059128976414,0.000693085617841396,0.0203014159409915,0.00113985012055074
0.000490653891886972,0.000311184200894814,0.0196590310017057,0.0200656595041009,0.0196343575751592,0.0208161873677614,0.0274546094554576,0.019598755955595,0.0196125585639609,0.0202883379987765,0.0196714771037732,0.000866847899831686,0.0216299595152719,0.0203268335600936,0.000173080742930242,0.0196430050643502,0.0225984332385219,0.00265317373700798,0.0195940710671426,0.000840058986849078,0.0207672028307259,0.0195763531074095,6.50611822151032e-05,0.000885834597270221,0.000133735887896091,0.0198643647848423,0.0197059128976414,0.000692983636240991,0.0203012940957137,0.00113985007122709
0.000490653891886972,0.000311184200894814,0.0196590310017057,0.0200656595041009,0.0196343575751592,0.0208161873677614,0.0274546094554576,0.019598755955595,0.0196125585639609,0.0202883379987765,0.0196714771037732,0.000866847899831686,0.0216299595152719,0.0203268335516261,0.000173080723381798,0.0196430050643502,0.0225984332385219,0.00265312314384094,0.0195940710494704,0.000840058986849078,0.0207672028307259,0.0195763530906541,6.50611822151032e-05,0.000885834597270221,0.000133735824237197,0.0198643647848423,0.0197059128976414,0.000692983636240991,0.0203012940877318,0.00113985005709953
0.000490653891886972,0.000311184200894814,0.0196590310017057,0.0200656594789605,0.0196343575751592,0.0208161873677614,0.0274546094554576,0.019598755955595,0.0196125585639609,0.0202883379987765,0.0196714771037732,0.000866847899831686,0.0216299595152719,0.020326833536414,0.000173080674264384,0.0196430050643502,0.0225984332385219,0.00265312309439342,0.0195940710144505,0.000840058986849078,0.020767202809151,0.0195763530758239,6.50611822151032e-05,0.00088583454488185,0.000133735730529418,0.0198643647848423,0.0197059128976414,0.000692983636240991,0.0203012940642253,0.00113985001463701
0.000490653891886972,0.000311184200894814,0.0196590310017057,0.0200656594444916,0.0196343575751592,0.0208161873677614,0.0274546094554576,0.019598755955595,0.0196125585639609,0.0202883379987765,0.0196714771037732,0.000866847899831686,0.0216299595152719,0.0203268335045135,0.000173080609162719,0.0196430050643502,0.0225984332385219,0.00265312301011005,0.0195940709530382,0.000840058986849078,0.0207672027548294,0.0195763530424654,6.50611822151032e-05,0.000885834461019855,0.000133735634256716,0.0198643647848423,0.0197059128976414,0.000692983636240991,0.0203012940357827,0.00113984994579503
