0.0137178385013941,0.0184457687382516,0.0369742867541256,0.0357225789419278,0.0393754569724756,0.0353109743621892,0.046253443608732,0.0344064115836799,0.0308435701522111,0.0422088882420162,0.0363364603129641,0.033959072317963,0.0450769629977503,0.0414561728983022,0.0145190701313018,0.0580464923100056,0.0378192507920519,0.0156770420340297,0.0504767946056112,0.0216443101753789,0.0609864276188005,0.0572021104029411,0.00745366076278191,0.0121267604037667,0.0131549036624442,0.0321667016259108,0.0312320929565458,0.0193125374282035,0.0361359341715748,0.0197024655476042
0.0016922880045336,0.00591640862147009,0.0203185758935128,0.0217444917712122,0.025881107032384,0.0223816394801978,0.032386492686218,0.0201380707548046,0.0207430446123561,0.0212012390413755,0.0222515614494112,0.00219733510661591,0.0223380980016396,0.021876453805622,0.00057964597775566,0.0221897134963962,0.023564785036088,0.0044166398029349,0.020846348496109,0.00382846219083003,0.0229974678270536,0.0228190517763684,0.0013443955076939,0.00172626328416948,0.00141646092555483,0.0204357146001535,0.0207094216888847,0.0029928534089794,0.0204680373276322,0.00270252626088822
0.000775242288673306,0.00387374250641496,0.0197787903757875,0.0202559183871152,0.0208180584368988,0.0209330300934898,0.0305603115487577,0.0197426059065384,0.0197350704774321,0.0203682523168262,0.019871959420032,0.000993683152327384,0.0216619750697164,0.0206176685565465,0.000284571975482448,0.0197545756017946,0.0227877539315265,0.00307922103771377,0.0196880647430564,0.00118783977831329,0.0211007055690776,0.0204065505453641,0.000332358604367754,0.00096823916212882,0.000170011015807341,0.0201191927684948,0.01977114007587,0.00228521923945207,0.0204088018064299,0.00129351814980863
0.000490653891886972,0.000366443418280174,0.0196590310017057,0.0201070892319616,0.0196343575751592,0.0208161873677614,0.0274546094554576,0.019672641575333,0.0196433922230816,0.0202883379987765,0.0196981639090022,0.000889279428460736,0.0216499353858802,0.0203720702686542,0.000193422080854889,0.0196430050643502,0.0226836671970547,0.00267238779805408,0.0195995549066526,0.000840058986849078,0.0208381093454942,0.0196098972536608,6.50611822151032e-05,0.000912981608180798,0.000142572267691422,0.0198643647848423,0.0197059128976414,0.000856690276808004,0.0203740662553914,0.0012584837655975
0.000490653891886972,0.000311184200894814,0.0196590310017057,0.0200669552495495,0.0196343575751592,0.0208161873677614,0.0274546094554576,0.019598755955595,0.0196139354384404,0.0202883379987765,0.0196732238038751,0.000866847899831686,0.0216299595152719,0.0203291758486197,0.000174464322429169,0.0196430050643502,0.022600271745287,0.00266943554285493,0.0195953404579717,0.000840058986849078,0.0207774285195943,0.0195800984803126,6.50611822151032e-05,0.000886417458971718,0.000138532536662083,0.0198643647848423,0.0197059128976414,0.000699536788000546,0.0203028544136023,0.00114136618325654
0.000490653891886972,0.000311184200894814,0.0196590310017057,0.020065689272904,0.0196343575751592,0.0208161873677614,0.0274546094554576,0.019598755955595,0.0196125585639609,0.0202883379987765,0.0196714771037732,0.000866847899831686,0.0216299595152719,0.0203268796093891,0.000173110250731184,0.0196430050643502,0.0225984332385219,0.00265321755249813,0.0195940710737413,0.000840058986849078,0.0207672028307259,0.0195763828562013,6.50611822151032e-05,0.000885834597270221,0.00013384526967272,0.0198643647848423,0.0197059128976414,0.000692983636240991,0.0203012940964418,0.00113985007122709
0.000490653891886972,0.000311184200894814,0.0196590310017057,0.0200656595041009,0.0196343575751592,0.0208161873677614,0.0274546094554576,0.019598755955595,0.0196125585639609,0.0202883379987765,0.0196714771037732,0.000866847899831686,0.0216299595152719,0.0203268335572309,0.000173080742930242,0.0196430050643502,0.0225984332385219,0.00265312315364115,0.0195940710602344,0.000840058986849078,0.0207672028307259,0.0195763531024054,6.50611822151032e-05,0.000885834597270221,0.000133735840753713,0.0198643647848423,0.0197059128976414,0.000692983636240991,0.0203012940937406,0.00113985007122709
0.000490653891886972,0.000311184200894814,0.0196590310017057,0.0200656595041009,0.0196343575751592,0.0208161873677614,0.0274546094554576,0.019598755955595,0.0196125585639609,0.0202883379987765,0.0196714771037732,0.000866847899831686,0.0216299595152719,0.02032683355155,0.000173080723381114,0.0196430050643502,0.0225984332385219,0.00265312314384094,0.0195940710494704,0.000840058986849078,0.0207672028307259,0.0195763530906541,6.50611822151032e-05,0.000885834597270221,0.000133735824237197,0.0198643647848423,0.0197059128976414,0.000692983636240991,0.0203012940877318,0.00113985005709953
0.000490653891886972,0.000311184200894814,0.0196590310017057,0.020065659496032,0.0196343575751592,0.0208161873677614,0.0274546094554576,0.019598755955595,0.0196125585639609,0.0202883379987765,0.0196714771037732,0.000866847899831686,0.0216299595152719,0.0203268335470177,0.000173080707771227,0.0196430050643502,0.0225984332385219,0.00265312312567581,0.0195940710333062,0.000840058986849078,0.0207672028272388,0.0195763530834902,6.50611822151032e-05,0.000885834584740726,0.000133735787009641,0.0198643647848423,0.0197059128976414,0.000692983636240991,0.0203012940786159,0.00113985003295943
0.000490653891886972,0.000311184200894814,0.0196590310017057,0.0200656594844801,0.0196343575751592,0.0208161873677614,0.0274546094554576,0.019598755955595,0.0196125585639609,0.0202883379987765,0.0196714771037732,0.000866847899831686,0.0216299595152719,0.020326833537954,0.000173080678870943,0.0196430050643502,0.0225984332385219,0.00265312310947061,0.0195940710188005,0.000840058986849078,0.0207672028136704,0.0195763530784896,6.50611822151032e-05,0.000885834553033984,0.000133735738319296,0.0198643647848423,0.0197059128976414,0.000692983636240991,0.0203012940660809,0.00113985001463701
0.000490653891886972,0.000311184200894814,0.0196590310017057,0.0200656594705571,0.0196343575751592,0.0208161873677614,0.0274546094554576,0.019598755955595,0.0196125585639609,0.0202883379987765,0.0196714771037732,0.000866847899831686,0.0216299595152719,0.0203268335284684,0.000173080665363271,0.0196430050643502,0.0225984332385219,0.0026531230812392,0.0195940710001141,0.000840058986849078,0.0207672027973617,0.0195763530684139,6.50611822151032e-05,0.000885834524792118,0.00013373570688363,0.0198643647848423,0.0197059128976414,0.000692983636240991,0.0203012940578083,0.00113985000662804
0.000490653891886972,0.000311184200894814,0.0196590310017057,0.0200656594583426,0.0196343575751592,0.0208161873677614,0.0274546094554576,0.019598755955595,0.0196125585639609,0.0202883379987765,0.0196714771037732,0.000866847899831686,0.0216299595152719,0.0203268335211826,0.000173080646443961,0.0196430050643502,0.0225984332385219,0.00265312305488357,0.0195940709858305,0.000840058986849078,0.0207672027801529,0.0195763530592926,6.50611822151032e-05,0.000885834501081218,0.000133735683681018,0.0198643647848423,0.0197059128976414,0.000692983636240991,0.0203012940488237,0.00113984998579397
0.000490653891886972,0.000311184200894814,0.0196590310017057,0.0200656594537693,0.0196343575751592,0.0208161873677614,0.0274546094554576,0.019598755955595,0.0196125585639609,0.0202883379987765,0.0196714771037732,0.000866847899831686,0.0216299595152719,0.0203268335138455,0.000173080632172208,0.0196430050643502,0.0225984332385219,0.00265312303430856,0.0195940709691588,0.000840058986849078,0.0207672027682352,0.0195763530516864,6.50611822151032e-05,0.0008858344813192,0.000133735658474164,0.0198643647848423,0.0197059128976414,0.000692983636240991,0.020301294041753,0.00113984996381944
0.000490653891886972,0.000311184200894814,0.0196590310017057,0.0200656594444916,0.0196343575751592,0.0208161873677614,0.0274546094554576,0.019598755955595,0.0196125585639609,0.0202883379987765,0.0196714771037732,0.000866847899831686,0.0216299595152719,0.0203268335045135,0.000173080609162719,0.0196430050643502,0.0225984332385219,0.00265312301011005,0.0195940709530382,0.000840058986849078,0.0207672027548294,0.0195763530424654,6.50611822151032e-05,0.000885834461019855,0.000133735634256716,0.0198643647848423,0.0197059128976414,0.000692983636240991,0.0203012940357827,0.00113984994579503
