18.6629047395501,7.58344522308308,21.2589941118315,2.62262684033369,16.9908992460132,9.4089394014977,45.2836607540827,2.50904107144932,13.2936717931822,16.462753290836,25.688908824404,3.12576442638602,5.75564200134106,23.9288145369738,3.03843377538067,7.8417402035139,35.9801906934529,8.68892839772552,12.3370495501315,3.33287386388748,25.5735637737433,19.6611298998879,16.3930066951593,6.45702254501097,6.66205622155881,3.47986299554311,4.38135257457439,2.49531851834215,7.35931823805929,2.35448227889301
1.13652813460375,0.298309928560251,0.517692813499412,0.607594655861842,1.61788257408631,0.302480900793724,0.313217148484682,0.340782355602753,1.48375699999285,1.22205734297259,0.595084205586134,0.562909429626138,0.388523493619235,1.18805546002905,0.10309962836706,0.547835442473702,0.890196957143124,0.936183289987973,0.784379395748492,0.109910150396804,0.828889253310624,1.30132065267398,0.796501434980512,0.460331938935362,0.345426408598026,0.601785483046093,0.410639031562976,0.564192094378401,0.673690914339176,0.14054235989979
0.00757193192579742,0.0106972840676354,0.0149730133529406,0.0145732909518912,0.0141557163581235,0.0128723177571062,0.0144917810792421,0.0183534741381619,0.0288652563455061,0.0417624018289179,0.0191115313276255,0.0117344000018079,0.0164835887840039,0.0284954628824429,0.00799630166420949,0.00867793716355897,0.0398678319380014,0.0219692250585829,0.0662399323501224,0.0107181059920147,0.021601649995698,0.0502117343227977,0.00953439442526969,0.00832455875086621,0.0412053932853824,0.0303975974501246,0.0193351919547043,0.0118135970381844,0.0364362862778833,0.0037149485080898
0.00326988446789335,0.00435905517960877,0.0106017455697477,0.00187829542746688,0.00520185870866175,0.000131384074628874,0.000688568987537954,0.0149504958467948,0.0108565379979899,0.0120903544829322,0.0108448501637306,0.000303547775570982,0.0106083465591138,0.00443793859804588,0.0018269557522943,0.00145698969924622,0.0109120540937303,0.0106050987180996,0.011876929414465,0.000323420850555838,0.000262040509325846,0.0135695930979645,0.00138379869655182,0.000427982932026478,0.0379413052527155,0.0113280972447953,0.00210474175024434,0.000405070196577343,0.0111257240171723,8.92820487306205e-05
0.00310575850464756,0.00435905517960877,0.0106017455697477,0.000256373690475036,0.00506537769293994,0.000105277323957712,0.000688568987537954,0.0148354250793306,0.0106213196053415,0.0119405117468712,0.0107921231836474,9.23459338859406e-05,0.0105784098277161,0.00438198945930122,0.00157833408437229,0.00141660756848493,0.0103140182013214,0.010531003113822,0.011509730050073,0.000264124458520995,0.000182663646487753,0.0125558716266151,0.000945563709579325,0.000351011379272448,0.0379413052527155,0.0109046362398751,0.00197294532273873,0.000287834893377786,0.0109558200184514,7.64460499306996e-05
0.00310575850464756,0.00435905517960877,0.0106017455697477,0.000256373690475036,0.00506537769293994,0.000105277323957712,0.000688568987537954,0.0148354250793306,0.0106213196053415,0.0119405117468712,0.0107921231836474,8.97341250394633e-05,0.0105784098277161,0.00438198945930122,0.00149908470951654,0.00141660756848493,0.0103049978868026,0.0105300173152404,0.011509730050073,0.000264124458520995,0.000182663646487753,0.0125485073510293,0.000914411048657368,0.000351011379272448,0.0379413052527155,0.0109046362398751,0.00197294532273873,0.000272600207409003,0.0109558200184514,5.91060863113045e-05
0.00310575850464756,0.00435905517960877,0.0106017455697477,0.000256373690475036,0.00506537769293994,0.000105277323957712,0.000688568987537954,0.0148354250793306,0.0106213196053415,0.0119405117468712,0.0107921231836474,8.97327814372621e-05,0.0105784098277161,0.00438198945930122,0.00149908467969004,0.00141660756848493,0.0103048669846724,0.0105300173152404,0.011509730050073,0.000264124458520995,0.000182663646487753,0.0125482897543453,0.000914236579359717,0.000351011379272448,0.0379413052527155,0.0109046362398751,0.00197294532273873,0.000272575619087946,0.0109558200184514,5.91060863113045e-05
0.00310575850464756,0.00435905517960877,0.0106017455697477,0.000256373690475036,0.00506537769293994,0.000105277323957712,0.000688568987537954,0.0148354250793306,0.0106213196053415,0.0119405117468712,0.0107921231836474,8.97327814372621e-05,0.0105784098277161,0.00438198945930122,0.00149908464200111,0.00141660756848493,0.0103048669846724,0.0105300173152404,0.011509730050073,0.000264124458520995,0.000182663646487753,0.0125482892011909,0.000914236579359717,0.000351011379272448,0.0379413052527155,0.0109046362398751,0.00197294532273873,0.000272575244010656,0.0109558200184514,5.91060863113045e-05
0.00310575850464756,0.00435905517960877,0.0106017455697477,0.000256373690475036,0.00506537769293994,0.000105277323957712,0.000688568987537954,0.0148354250793306,0.0106213196053415,0.0119405117468712,0.0107921231836474,8.97327253857424e-05,0.0105784098277161,0.00438198945930122,0.00149908460709982,0.00141660756848493,0.0103048669846724,0.0105300172221001,0.011509730050073,0.000264124458520995,0.000182663646487753,0.0125482887000409,0.000914236579359717,0.000351011379272448,0.0379413052527155,0.0109046362398751,0.00197294532273873,0.000272574751492883,0.0109558200184514,5.91060863113045e-05
0.00310575850464756,0.00435905517960877,0.0106017455697477,0.000256373690475036,0.00506537769293994,0.000105277323957712,0.000688568987537954,0.0148354250793306,0.0106213196053415,0.0119405117468712,0.0107921231836474,8.97326122406536e-05,0.0105784098277161,0.00438198945930122,0.0014990845443927,0.00141660756848493,0.0103048669846724,0.0105300168919986,0.011509730050073,0.000264124458520995,0.000182663646487753,0.0125482881732614,0.000914236554960853,0.000351011379272448,0.0379413052527155,0.0109046362398751,0.00197294532273873,0.000272574373514194,0.0109558200184514,5.91060863113045e-05
0.00310575850464756,0.00435905517960877,0.0106017455697477,0.000256373690475036,0.00506537769293994,0.000105277323957712,0.000688568987537954,0.0148354250793306,0.0106213196053415,0.0119405117468712,0.0107921231836474,8.9732532522276e-05,0.0105784098277161,0.00438198945930122,0.00149908450396443,0.00141660756848493,0.0103048667936287,0.0105300166476243,0.011509730050073,0.000264124458520995,0.000182663646487753,0.0125482876268531,0.000914236398787651,0.000351011379272448,0.0379413052527155,0.0109046362398751,0.00197294532273873,0.000272573735598093,0.0109558200184514,5.91060863113045e-05
0.00310575850464756,0.00435905517960877,0.0106017455697477,0.000256373690475036,0.00506537769293994,0.000105277323957712,0.000688568987537954,0.0148354250793306,0.0106213196053415,0.0119405117468712,0.0107921231836474,8.97324570311745e-05,0.0105784098277161,0.00438198945930122,0.00149908444408453,0.00141660756848493,0.0103048665498845,0.0105300163070529,0.011509730050073,0.000264124458520995,0.000182663646487753,0.0125482870227376,0.000914236258679752,0.000351011379272448,0.0379413052527155,0.0109046362398751,0.00197294532273873,0.000272573332889641,0.0109558200184514,5.91060863113045e-05
0.00310575850464756,0.00435905517960877,0.0106017455697477,0.000256373690475036,0.00506537769293994,0.000105277323957712,0.000688568987537954,0.0148354250793306,0.0106213196053415,0.0119405117468712,0.0107921231836474,8.97323509165429e-05,0.0105784098277161,0.00438198945930122,0.00149908438972039,0.00141660756848493,0.0103048662680599,0.0105300160325707,0.011509730050073,0.000264124458520995,0.000182663646487753,0.0125482864772767,0.000914236179323936,0.000351011379272448,0.0379413052527155,0.0109046362398751,0.00197294532273873,0.000272572833606552,0.0109558200184514,5.91060863113045e-05
0.00310575850464756,0.00435905517960877,0.0106017455697477,0.000256373690475036,0.00506537769293994,0.000105277323957712,0.000688568987537954,0.0148354250793306,0.0106213196053415,0.0119405117468712,0.0107921231836474,8.97322477337268e-05,0.0105784098277161,0.00438198945930122,0.00149908434316706,0.00141660756848493,0.0103048658818311,0.0105300157139471,0.011509730050073,0.000264124458520995,0.000182663646487753,0.012548285983909,0.000914236070919608,0.000351011379272448,0.0379413052527155,0.0109046362398751,0.00197294532273873,0.000272572502347507,0.0109558200184514,5.91060863113045e-05
