7.34021211283211,5.98684462490253,9.24912860228007,5.90113132509988,6.0661951415636,4.73101910428108,5.64275716211783,9.2162599615348,6.67026932029535,5.54329096597225,7.36651976514426,8.61153277124205,8.12482266408923,7.30800579268533,5.95363372867306,5.84540019110044,7.73884841573375,6.53023358892499,4.83001393066715,7.18688981678276,8.56852128478018,5.26407824553999,8.94693562860332,9.19854874048539,6.90392335345288,6.44684172737024,6.31668915431885,7.14027735526635,8.3259004074911,5.48523053519204
2.95041283156083,3.31241978256116,6.71057735415607,3.35375799543071,3.69298211826887,4.73101910428108,3.96133172577126,6.14530891477228,4.12225333788948,5.54329096597225,5.64285518556589,2.99354918925941,5.12768752802691,6.01219174819894,2.69008065392888,2.59210631730945,6.12788511243141,3.86560787173411,1.91218520870531,5.87192566568072,5.10250294303458,2.41401542637303,6.39009295731222,6.6359160577913,5.35998462833331,5.03327001899209,3.03080699435777,4.96831254543054,4.45118439038658,4.37022516446474
1.26348412280228,3.31241978256116,3.53622857658205,1.73807161616189,0.816043041153663,1.63647197603944,0.708905207117637,2.77983865035865,1.72829478318948,1.36052422511997,2.21579737831536,1.87047592489597,1.89255167007833,2.32136049384925,2.33541232434049,0.727188626449724,3.87193797856974,0.860753783264052,0.900361901331973,2.30157965682878,2.21110399987635,1.04900846258997,1.97136615900423,2.84998171057648,3.12798396168233,2.41480807787962,1.30051986976718,1.71703895181065,1.61837975858229,1.56058147559691
0.423669651841428,1.52299902879387,0.664090634511092,0.832318512520707,0.201572901700739,0.129316624506472,0.211890017892063,1.05319916901,0.294267542628096,0.212411969776928,0.527848467270501,0.572723978159018,0.230342741124825,0.540794402619644,0.206666026092794,0.0683005177509559,1.009335215197,0.19775711729787,0.171765222635584,0.345931830039611,0.450189872803555,0.192361267206933,1.00636573556987,0.666864414211865,0.330354555683013,0.354822626928196,0.128761679226933,0.111146804999287,0.320565082543023,0.149609746727873
0.0379754413791336,0.0425054019245826,0.0258381607469059,0.0517140246771738,0.00466736943582245,0.00848641854614255,0.0062060861798521,0.0748976341098435,0.0208449878236306,0.0108891340432765,0.00867177793070762,0.0189601822939644,0.0245085715621691,0.0472972404092313,0.0162162839869764,0.00460212681293486,0.0300272337189818,0.00870605062639609,0.00448382701768996,0.00557211397701682,0.0096487717627159,0.00328446442857622,0.053881947170237,0.0522392053170139,0.0240069149901285,0.0181210340044526,0.0080443676152693,0.00986753989806373,0.0207517445350905,0.00816534882142177
0.000161842114794549,0.000962297016967135,0.000179769864589593,0.000269579616916423,5.60897436877243e-05,4.76247717426951e-05,0.000304366495001583,0.000889113948824937,0.000305901791465517,0.000198628986497038,9.7984642956979e-05,0.000302717347247537,0.000239225845205898,0.000287822010600551,0.0001800931315602,9.96733805878209e-05,0.000321732434659966,7.03234401300891e-05,9.264591481083e-05,5.62910818219283e-05,0.000277208638494382,4.54896319049097e-05,0.000340773704085019,0.000315776572582975,0.000277556183045119,0.00022348191164043,0.00010378532056942,0.000190026417359682,0.000236258993554998,0.000175834826665011
8.31543791602186e-08,8.64083689785482e-08,2.75962363701924e-07,5.38163513752661e-08,4.12862433870402e-08,2.72029672861686e-08,7.38369439888793e-07,4.3514755347414e-07,2.12303375916686e-07,4.63919496152251e-08,7.17365165788779e-08,1.09328047948195e-07,1.40098409170133e-07,3.95637819542908e-08,1.36117080570019e-07,1.59040960623539e-07,4.60604250816254e-07,3.34510859752759e-08,5.75016717204672e-08,5.87124652599718e-08,1.66951021822181e-07,2.80006371422611e-08,4.92819692908526e-07,6.29746673327281e-08,7.7830309234537e-08,9.3951624850387e-08,2.95361374617533e-08,1.15120708965668e-07,1.47192993423561e-07,1.33955813552878e-07
1.02088707857699e-12,9.67374328790053e-13,1.52463227228357e-12,6.67021993194794e-13,1.35780275911657e-12,2.37587727269784e-13,5.17178892304552e-12,8.19122547568440e-13,2.25456690354046e-12,6.68872364902503e-13,1.27231558622043e-13,1.44262379819793e-12,5.38310137206584e-13,1.24307971323863e-12,1.20422190737675e-12,1.15211544008768e-12,9.02981393361794e-12,3.03164900590976e-13,2.56535533556719e-13,8.01803068384288e-13,6.77754149099504e-13,1.1877906066123e-12,2.089069658003e-12,3.99458244260131e-13,1.27601632963585e-12,1.02488388146564e-12,3.60008319451784e-13,4.10501262611736e-12,1.68576264059084e-12,4.32320845789036e-13
0,0,0,0,0,0,0,0,0,0,0,0,0,0,0,0,0,0,0,0,0,0,0,0,0,0,0,0,0,0
0,0,0,0,0,0,0,0,0,0,0,0,0,0,0,0,0,0,0,0,0,0,0,0,0,0,0,0,0,0
0,0,0,0,0,0,0,0,0,0,0,0,0,0,0,0,0,0,0,0,0,0,0,0,0,0,0,0,0,0
0,0,0,0,0,0,0,0,0,0,0,0,0,0,0,0,0,0,0,0,0,0,0,0,0,0,0,0,0,0
0,0,0,0,0,0,0,0,0,0,0,0,0,0,0,0,0,0,0,0,0,0,0,0,0,0,0,0,0,0
0,0,0,0,0,0,0,0,0,0,0,0,0,0,0,0,0,0,0,0,0,0,0,0,0,0,0,0,0,0
0,0,0,0,0,0,0,0,0,0,0,0,0,0,0,0,0,0,0,0,0,0,0,0,0,0,0,0,0,0
0,0,0,0,0,0,0,0,0,0,0,0,0,0,0,0,0,0,0,0,0,0,0,0,0,0,0,0,0,0
