21114.2530507133
9463.77505824161
47363.0188370908
33550.1661787084
2253.57997693392
25923.0470390904
2333.06861024298
10212.4087005677
11619.4273734662
36364.2188657342
47406.7753046406
4971.70311556351
28384.174172801
7968.18956547779
15352.9704735231
11200.7166958733
90850.4320304154
8486.70150820091
16441.5777548768
41452.9660150901
33805.53809978
57592.8108571945
8131.59866788201
59854.7951600337
27548.4796043608
14479.2090566568
16906.3767792209
8843.93449815984
8892.06003552207
4723.36524719405
44140.9152181166
43641.6413453992
13453.6828741792
49952.8935075722
55565.7677438046
22000.2160071014
65769.1961598299
55253.1040716302
7707.97257415107
53145.4965623041
4601.15675699414
66394.7782744321
76863.9365850767
18372.5005439613
7985.48325537006
19510.7288915221
7261.55699982688
9168.67134488035
11664.6131408942
28832.6404549363
25788.0908923127
