5095.26524876615
5452.86144019498
4893.39265715115
5474.22872571759
4947.30571962088
4811.26068402888
4958.77038200579
4842.76028658771
4870.95960233901
4867.4079794401
4914.49897031469
4785.47587342026
5108.1674954395
4834.49019052999
4776.92557285895
4757.83297631365
4987.33184431955
4781.11194325161
5100.58136098866
4990.09814552201
5102.09571879767
4870.99726399423
4843.88448402664
4781.25877773914
5006.5213678608
4804.57632279083
5458.00894656207
5056.08816971295
5313.64838439246
4884.37646575829
5586.40469127333
5410.21412305728
4795.86732192416
4707.29567541764
4881.23376396109
4777.27700876356
5582.79029382569
4733.61131993509
4738.10609370532
5574.98031820499
4922.2626946335
5045.48295849321
4876.43035792808
5638.46476022648
4890.30669426535
5232.34711928624
4808.61314471561
5019.8690765386
4752.78035343351
4974.33395637898
4951.60514369774
