8007.02682013979
8274.15892429781
10548.5700512636
9402.22081173706
9175.65792503398
10174.9847043179
10060.1436123425
9252.69805408792
9243.76187564272
7969.88457038532
9470.36247834294
8871.94001949047
8466.57892885655
8581.8158877013
8410.92386174506
10202.09205911
9410.75357328287
8099.48891017321
8735.97004897896
8767.98923233819
7828.85537895622
7817.31994061934
7670.41290879685
9041.07195914687
10074.1123180552
7937.83913764021
10797.4782627226
8482.54686882692
8078.60894311799
7701.36940191575
8058.33242856724
9224.43163940912
8449.68457783028
8143.94296772179
8891.68474290406
8510.18504534357
10355.8919517639
7982.10323636071
8269.73589302161
7644.92336591943
10489.0883390763
11683.4998864311
9212.180919329
10567.4551333825
8425.69692312046
9386.77675138294
7419.05204783447
8786.84046398821
7649.63409421909
8846.17100669274
8195.19070502837
