119.535077687845
166.043726486281
154.051623364892
141.031881186902
85.789404872748
128.264794486214
95.5742716574723
150.73248567266
114.585144615173
131.646455204936
162.890201210586
78.2195089447614
146.017563097475
153.742005791681
129.476324909941
109.917599521938
159.724821051117
153.309271274508
143.548208717288
185.558696566341
106.155583883979
160.105453252244
150.8871483714
152.526509478567
124.370332668065
162.654942385089
102.080941425467
142.99018825846
142.591446000603
133.716771971852
146.625254654743
131.583976767725
143.032696661215
156.437196954824
144.378169769101
146.155096546515
145.840848530278
144.043768266933
175.072410243735
103.479946445737
113.162783524222
157.515031444208
164.138612990457
169.438133863856
97.4713278997644
141.475032040511
128.352137070803
143.614577374074
171.412707297579
166.370613392117
146.111427907231
