3571166.01497779
6610239.79229121
6330603.04185522
3511403.87351458
6504376.85181146
3674021.14122571
4937460.86812992
7945910.15275803
4298190.50479103
5748419.29412848
7013556.06759617
3424319.20929847
7871485.29481074
5854308.8061502
3450358.25850834
3473311.92236157
7332569.74748355
5086029.28112694
6002432.48040527
2944173.48922691
3502708.07525726
5540640.22424507
9397399.35128313
2968772.80993602
7248931.97778713
3820479.41129946
6947365.27347014
5353994.34976904
5492964.24901091
7893463.73527564
10460700.9697831
4122090.84169231
6078173.33014604
6197968.70420109
4852657.23530816
5102625.85793295
7206923.48210689
5460476.75771975
2173000.73748516
7059302.41747797
5775269.49353422
5657401.0633426
2508365.39753321
4940129.45458078
4739755.93991308
3697134.62819781
4518640.81862993
6633056.43581919
9237998.8505317
5145110.71066778
4954710.79583742
