27630.0307784622
24104.2364213403
26151.0352652328
22764.7150890537
20496.3143897145
19301.7209698761
23110.0242757857
25327.0608276772
20461.7473782874
22996.3158961487
21875.9877533036
24122.791639352
25713.157146769
17272.6276206071
22138.5704919959
24635.3101962472
24125.6816175011
22878.5662072414
21474.2176128324
24084.4657891773
22154.0960799047
22901.3023033305
21154.9092965666
23898.6543315049
24222.9933322126
31540.4975657402
21208.5402329926
20315.4798259026
24044.0125894133
22287.0871164064
19489.5604868404
30013.5029406606
21356.6123735936
20007.6633038407
23635.9563451384
21947.8676147319
25230.1007764172
20298.5804695697
19936.1849223481
29703.6386168532
24753.5353611543
27016.8380739678
17449.4495165255
21842.8401209009
26436.8314925931
24346.7585393796
27862.1077685454
24897.0733602025
23150.5257371539
20056.2252975565
22354.0342568631
