331.162022605305
14646.531896097
1671.63164879689
679.186786771324
1797.2842551514
642.292695190932
3730.79771753316
787.515457932177
1734.89255085934
860.950149805333
833.351297887247
447.910807803918
508.732660572671
701.557293494114
545.090281804473
444.570144216593
1251.55051801717
1601.86836587292
1221.94876055292
1585.92635610796
910.675564670389
1182.45280256837
353.267519117553
1098.70053672438
1422.44163834295
627.298823543953
1749.79496044135
1853.845510438
827.012079267098
367.302279361365
433.892740957655
636.730429258784
2781.58710509785
1562.73940364706
1172.72915864091
1316.0766275512
787.096998964542
1612.15901432085
1911.21434732691
1337.11828917742
900.720730096974
566.550905855312
2157.17937430874
422.402126900092
295.819875104611
2258.72047001517
398.54519374694
900.470214490164
1083.45743084666
401.650234309475
755.496235647287
