4688.89118578498
4022.61464212727
2974.40182864612
4522.30942534299
4437.44161340572
3389.7933862047
3494.94882930405
3463.28922346526
3135.69374361302
4443.53527922101
3354.48834073832
2520.98193836465
4271.80221772371
4666.93566720525
4035.18011276611
2925.85052504627
3844.83073383124
4909.89594516767
3022.87611956602
3843.07100873245
5854.92084988442
4357.89590526794
3003.48325931412
4030.0847645691
3999.96114400156
3683.8834833451
3136.40236918515
3744.70739880333
3768.08616107511
4177.01870357289
3393.57319492817
3167.16925303785
4717.12348400721
3722.2330449977
2321.64292820368
4355.15579283079
3863.83401563319
3686.20598200708
2990.11222532713
3822.19898716095
5049.10228531595
4214.3437632375
2750.54772420605
3911.38921736577
3244.68997699247
2935.53253873722
3027.35970381469
4141.9570598286
4504.679689949
5296.91379259897
3265.65930254963
