823.79898801424
835.038982005117
823.30585022034
820.053243282257
832.305814451018
825.787413232759
826.232312651194
823.194566273902
837.404699966476
823.628782526176
825.03649834755
721.312271920044
828.666763018789
823.953155001921
823.721254118867
826.260596232147
823.770678850727
826.150798777368
823.348687362091
824.035642505787
760.486575204314
727.610484882779
835.666029036307
825.095663713029
824.132528777769
821.00441139745
825.124091955356
823.50310953083
823.810369365465
823.427837566956
825.341773370037
823.347463154771
825.048281760092
838.456835629886
824.935399836148
823.613634631179
824.692279357739
823.81131848428
838.972590282931
834.864204053725
820.627013412683
824.602487205516
826.228923354275
824.682136350351
825.545833494306
824.910901389775
824.366014200138
837.746537999893
822.44252418495
825.90583595263
823.259536033956
