117.104159024498
156.424678423715
122.528758333278
174.745043345301
303.241411868269
95.0545608879399
152.824796708448
175.997240287092
194.839059327796
160.505517897664
81.8556486294215
87.7308365198364
160.327786553408
108.666832552892
175.945839026686
129.903943408354
121.752876567748
172.863154985985
136.377751585761
86.3340902861323
142.892031050003
138.562565248408
95.9228873442355
168.616470170891
143.947910563585
265.986610260832
244.779474514949
141.757377221749
145.368166463021
175.010321542094
177.641830066237
62.9934013142652
175.231444462238
205.943527755071
171.279351488804
175.63183168714
195.771390241028
249.321470780811
165.092843652082
162.329655414235
94.0129581515769
198.892430319152
163.144258958135
117.706551898077
147.748259651291
132.447261241836
75.8383709665472
68.8990665625972
73.847778954203
162.979206816105
96.6511591963224
