66.2371659949138
66.8910905521639
37.3310843751156
45.5771653114484
2375.52331888993
1389.09276327437
44.8980253108084
67.9452044319878
381.795835162749
1807.1320880833
119.757722744572
1535.64464615252
88.3311665985004
3359.25263465929
2611.03616032932
64.4313927188548
185.227641781537
51.0935871640841
44.0417690175443
55.7296297453202
680.029279696425
72.7952526444017
22.3607742448567
2193.93073148524
31.1661045166816
39.2446621749516
23.0439445118761
1986.39972887749
30.014511318672
1367.32003004608
25.4818030764652
1555.99934703324
24.3473346933893
39.9471424025285
42.1030822728378
1497.76182945422
986.952964016572
16.6270176500034
40.0337664997321
49.5245455819374
168.630253661781
23.3417856922892
786.698904957767
36.6211359826
773.347651071877
103.897258361025
30.1645561679647
395.804587689345
1159.3007345247
424.866772030798
45.8536975902848
