444.077967471786
446.136804954411
443.729646094344
446.083322651635
444.151457467465
444.313441460731
443.515783419187
443.948700659539
444.082524686896
443.466627333241
444.977675818281
443.677466956283
444.707610954304
447.218619364699
444.180700145097
448.480964265332
444.782676403956
444.845733865691
444.584512489299
443.843393602011
443.423618272732
443.415857010697
444.081098526992
444.084627996947
445.757897096618
443.961283368754
443.802118339435
444.054114547822
444.594641043755
443.524669601352
445.430370720192
444.374455720668
445.373548751777
443.97419983004
443.437594413446
446.127644845025
443.859881017164
443.58982025446
446.293709917139
443.708646093236
445.070967560016
444.893776831937
443.663479857916
443.420705970905
443.40306356978
445.758329108681
445.16969518424
444.911642220619
445.720843886086
444.688648190715
443.259816181683
