748.706852982007
672.305170306137
732.586322836617
772.094925936409
635.007611682792
654.858131511362
746.148600522028
702.738652670248
738.806200859108
754.27430137812
674.602236793699
590.406904016128
692.967173703542
675.643035075313
809.446087733741
650.360557954213
673.17210502294
755.869756027157
754.910441008366
731.92630506001
610.48594840478
740.080500844031
669.025113156412
749.491923631024
746.551141745814
591.757574406407
712.50614360736
721.459289617255
744.539588573597
671.663454032124
681.303655444934
766.465033010622
734.912998243153
754.477308456535
730.191298387548
755.327742023867
730.524645704762
633.041115062593
646.948040375224
790.804996239021
767.971097947277
696.030600175804
759.851680385525
718.018146686022
701.402456477978
697.933027265271
762.541464671437
631.089294197584
726.671478240567
649.526135320451
783.734488908682
