3457.75087445495
3270.81054949947
3382.47163733724
3497.39748182491
3166.02931144066
3370.6347736429
3153.7804507307
3402.70496578736
3376.71026150044
3368.69273817559
3569.09300183888
3427.74440144411
3485.62807063527
3500.33654364025
3433.12003270359
3519.01990105797
3229.59789938865
3681.72049944264
3549.49266575684
3316.36628245392
3687.11798931862
3591.41013272679
3502.20063250242
3503.9570208675
3550.80867219784
3444.5802677863
3139.73078238736
3155.52369965079
3417.13005236898
3572.40303543917
3410.35654235469
3505.27738953689
3516.53848869327
3431.20680413896
3581.85909601258
3354.74886147705
3607.85531871485
3525.34896894846
3516.26746126359
3722.3155509953
3396.10629039688
3210.29163757641
3500.81438326582
3376.13363452372
3392.94814879089
3611.99661204059
3480.2990347713
3570.10868761099
3520.57199354818
3446.92234256588
3200.70025066195
