1003.67097334016
1070.03149378221
1003.6107752699
1003.61453940502
1070.03147043719
1003.66550853432
1003.61090414032
1070.03149381916
1003.61491645081
1003.65173015052
1003.61078941498
1003.61069682004
1003.61174931495
1003.61092068799
1003.63061434017
1003.62909627785
1003.61282524464
1003.61804137286
1003.61120566761
1003.61069990438
1003.61077184754
1003.61932655477
1003.61428294088
1003.64137463045
1003.61668933852
1003.61494204027
1003.64135141692
1003.61071573141
1003.61098869034
1003.6108532403
1003.61074367292
1003.61182474887
1003.62426359204
1003.66126871184
1070.03566998453
1003.63786826381
1003.66927742604
1003.61077866356
1003.68843829345
1003.61445809293
1091.01085157103
1003.61105887154
1003.61105074672
1070.03147721711
1003.61152608965
1003.6315164524
1003.61293708501
1003.61150308224
1003.62144601821
1003.61370434139
1003.61077701933
