448.051143759936
470.950396317862
449.997757330929
460.409571726162
474.317115639426
448.721964779782
452.285125851857
451.063184397825
464.41634567704
462.59977111383
453.490234431109
455.621283753749
475.268733788739
464.989048863074
451.868930358445
452.860833724661
453.158897195455
453.307243017382
453.783212592763
464.747142702683
449.866634103906
458.374222586468
458.281110884976
454.117519355558
453.216353489442
464.607400485897
454.200407474377
463.964483726488
453.006098820522
455.322998547622
459.980611053878
456.613747162506
463.665972418133
461.760037743193
462.687579103814
466.352549759594
451.434931427248
452.026170867182
446.435514000564
460.397130661112
462.818560953818
448.823521594848
452.445842472896
456.150327738401
452.228218532394
460.992611779055
456.454725807101
463.032263299931
464.28736561086
446.765684599035
401.188340950535
