10698.6189275164
11408.8157822395
12232.5344818878
9992.9024228968
10276.8455902841
9974.07315427727
10315.8568363878
9873.30659574468
9453.41603436203
9873.22582612815
11234.7282891726
9561.79689259848
7525.86485001467
8940.16024118831
11255.3057600962
11445.5432495625
10068.4291871805
11991.9962120335
10973.1440215308
10268.0062946465
11597.3587975788
10424.0637384905
11838.2382154085
8918.63019807744
9783.84297601607
10518.0042866723
10256.7523216476
10607.5353326239
9856.43202298055
11481.6698103182
11237.3828211348
10493.3637373901
11820.7418316381
11265.6367236487
11597.1352674601
11310.9210969888
9812.4094738472
11556.0251791619
10749.742815946
10721.188068715
11331.8053773814
9942.39683451421
9603.87922839449
11232.9530875638
10188.3960130882
9318.7745219852
9654.10531418869
10121.5671786166
10133.1208929929
9872.34877448234
11237.8332372168
