1049.19769901975
830.322608503368
728.047690702148
713.049779098439
835.774821136365
764.64945966034
797.263610548588
703.235864252185
816.922466504936
655.000170645104
700.715475557553
807.888500887112
850.790812970338
860.541437518209
778.480251192953
665.646096142112
890.861272409144
1060.40278943617
709.073470339069
866.832060733602
763.591485558842
1008.83505558266
646.796066520832
688.889789470163
581.920789821964
834.634460785791
747.885086731392
1068.00125492016
705.417605205851
689.155445163949
900.398020304286
755.939900633143
756.102566158609
585.268586024573
655.273829536587
825.025103859296
671.419372720838
681.860811863986
804.773165893072
809.808215206935
791.017940863739
689.555993234847
748.143593339038
946.395068030795
707.470800953421
655.486417367546
866.779322680743
791.975613023544
924.130599388915
733.396299313442
807.754859181942
