2642.4903446985
3165.02878057324
2148.84762202008
2919.62274364207
3025.69651385616
2429.96692556803
3322.15360018966
1919.39021365286
2065.80627819764
2119.10091667495
3241.41185192264
3563.74823493777
2422.20192213114
3433.56203591436
3369.98502868312
2302.15572351744
3131.23037888343
3351.67633135629
3240.81498090889
3337.77120976222
2491.52437735042
3163.42252852896
3329.86696367921
3230.11376914025
2569.18899751182
1955.51832243125
2867.11053495872
2321.37467032239
1936.88396790253
3031.36491112788
3526.19689369667
2169.7546796544
2399.44081639328
3095.44235012146
1936.42031364541
2851.87836084654
3007.07433052234
3350.2747324165
2171.17739601527
2420.81829154023
3297.72549123193
2153.21642774477
1831.96136361348
2077.00369655913
3013.12380516475
2192.57063495136
2236.14097902971
1974.89223196233
3285.7219049109
2993.87443750534
3179.98417912487
