50.6731252407423
75.590671182045
116.581250787696
64.6232963317004
217.218294647219
151.590907949349
170.143904139243
171.989993096224
157.875301902607
149.180274307309
251.021922885689
181.981842707331
127.563531145365
147.75879147006
2.81862531396911
54.3863057463289
137.849102353548
111.82813613548
65.5403733876542
91.9045584510843
111.502476109844
70.2703806066992
43.3172415697842
168.11233735267
102.056613500304
132.999447966926
166.834327190344
233.132504092346
46.0824636557776
130.737439209493
201.366122527647
71.7239878232333
61.7660904009625
383.426552149326
105.372391729948
105.108176548443
91.0849840834054
112.268568967978
134.019005324959
162.701980421187
45.2656125028414
226.44525595815
138.981428754724
234.104201087306
95.397105608464
140.491470190897
153.160861826622
117.740119794906
77.3524637409907
69.5045113636925
195.64132798658
