44477.3801002641
49781.2555261304
37609.3136691957
31716.8276461188
32970.5010338303
27445.9100846378
20930.8101207658
43568.0468632863
32639.656862486
46066.8265480472
75440.2418430808
36245.387150004
25631.9197205569
37268.165797796
24860.3971991394
32997.0957209667
25241.122473628
28973.7533954772
33428.9114428847
32032.3141838139
27222.2690851168
32915.2959288937
42057.3228481995
15976.598172133
21533.6189244322
41425.1928247593
31128.5556479881
37547.1758639626
57164.376921099
35381.7718131843
37314.3585740922
59129.7146955619
84806.1516112644
71839.991989405
36544.0943142218
36367.0452709148
40854.0936053399
47331.7110947032
31320.0093392355
98610.2765476193
29363.3933438533
24359.026378088
39571.8720046499
43968.193957166
102439.647490128
43916.7763581849
56533.7456331427
21342.2510046303
62715.759079865
27528.501007524
39875.8067118588
