1309.37612142269
1579.28384317513
722.627164615377
816.64768812337
37002.2366733834
7136.35165479532
2040.76809420417
27880.6190993812
2734.08642553073
1194.9132759291
883.291156658038
3586.76156128387
8964.00275444873
10656.1076109863
360694.153750836
2004.36061233348
1440.55843202857
106569.006218433
4886.23503268396
442.234330145927
1933.90297810794
435.323040364605
458.016035083721
1959.1859508242
472.570153651993
4271.59474070693
1548.75070558184
4684.85554248017
5566.39108056999
2120.92845330588
442.455922410265
441.286375033902
2460.10213055454
1542.61816868485
68318.1580735085
31180.3968020382
2227.36989747723
1776.16636440359
8759.89952645928
2946.51246731643
8063.76316251029
163677.758814325
1021.59571937883
481.064280091344
986.584833967132
1255.98524139873
1024.28179868781
3516.7252227245
458.336348507461
3379.27856541699
2276.42289915657
