124.768238072754
172.504427705813
124.828982090668
223.73175710407
305.390406437171
200.761788893247
191.380101551455
119.250512331519
149.139489999001
154.760363725093
127.428599260811
155.427608107283
162.051570976824
132.661149592248
128.018148933803
131.812325547922
133.413550268998
320.497057568882
138.540892627389
123.910184107443
165.411998438195
180.682299987672
211.50964217195
154.49618490105
156.024410404665
132.575696577463
162.997894002352
135.260771976509
150.395775550853
154.132890135035
132.841721245124
145.542462038626
159.743174905614
204.891406047853
167.883083649551
165.367697795689
119.124540977212
121.137619122825
152.355829437726
135.444989257648
168.038061333099
180.640072428915
141.330041119625
122.975891305721
177.243690768128
122.458088966889
139.367434842507
120.267071631895
177.590534525273
354.617526457415
188.574215059948
