371.116866321873
384.05095717336
383.055922255162
384.050900980265
383.055878200319
384.050837896243
384.050849779589
384.050839782218
384.050846503342
384.050840948063
384.050848890884
383.055905691741
371.116876936906
384.050902070783
384.050849608279
384.050863139982
384.050849458067
384.050851977217
384.050858533017
384.050859805863
383.055947459223
384.050854986161
383.055892605565
384.050908540954
384.050871805773
384.050884145232
384.050841566309
384.050931659744
384.050891180565
384.050878978132
383.055939627281
384.050849878988
384.050871061915
383.055899126118
384.050887814569
384.050858249033
383.056062249742
384.050847296132
384.050862440374
384.050856389551
384.05085128638
383.055905974795
384.050865206054
384.050841530338
384.050846522245
384.050860754825
384.050877093933
384.050935084988
384.05093373467
384.05090406874
384.050859954671
