303.459388032685
302.465062485689
303.461109550853
303.461820759618
302.489992224335
303.461242114229
303.459883953094
302.46424226278
306.444667994409
303.459703311792
303.459325575241
303.462573669474
302.464540062752
300.498554241989
303.459250944392
303.463272672352
303.459250830983
304.45821339392
304.454700996859
302.465506811899
302.464540563394
303.459310237155
303.460345715026
302.464357306614
303.459916139681
303.459279456394
303.459577202481
303.461604432441
303.459631998388
303.460117474073
303.466737350706
302.464333133483
303.461726946635
302.464261969882
302.464747273236
303.459290493005
299.481844286632
303.483458606694
302.468452363062
303.460029030169
303.465160584747
303.460212719345
302.464431372062
302.464415719749
302.464543182682
302.464484123453
303.45941334696
303.460148445413
302.464344473541
302.465466685545
302.464524941348
