111.273144662256
111.273172912449
111.273144662256
111.273144662256
111.273144662256
111.273144662256
114.214765164886
112.257841161489
111.273144662256
111.273144662256
111.273144662256
112.257841161489
112.257841161489
112.257841161489
112.257841161489
111.273144674636
111.273144662256
111.578599113007
111.273144666854
112.257841161489
111.578593774559
111.273144662256
111.273144662256
111.273144662256
111.273144662256
111.578593734685
116.37081958215
112.257841161489
111.578593768625
111.578593734685
111.273144662256
111.273144662256
111.273144662256
112.257841161489
111.578593734685
112.257841161489
112.257841285672
111.273144662256
112.257841161489
111.273144662256
111.578593734685
111.578593734685
111.273144662256
111.273144662256
112.257841161489
111.273145198124
111.273144662256
111.273144662256
112.257841161489
111.273144662256
117.999187997369
