12399.0414958721
12380.0919798087
12448.3552381219
12475.0458528904
12343.0782148449
12349.1667137137
12480.8251341689
12666.3234460153
12591.5267123361
12493.9511716617
12772.5945815512
12418.4546918994
12689.3669426748
12345.2930508609
12552.188753159
12538.9465291039
12422.0223255703
12317.0122560881
12332.4999474619
12593.4298120231
12407.702426578
12512.4854712909
12236.947511248
12346.9459324205
12353.9426297051
12414.2548045231
12394.5497255895
12311.9935319337
12690.7092243556
12432.7139829175
12351.9840540932
12349.0808685732
12685.4709063703
12485.272937931
12441.6519079418
12406.606123312
12368.5198860753
12502.2631406473
12461.0056027174
12390.8413073459
12408.2813937865
12320.2861766462
12449.7585738902
12434.7171742366
12672.176120895
12378.8724525347
12441.0853203591
12626.6905518014
12351.5118894535
12733.9047945243
12326.7311654047
