883.308173695008
883.296930406955
870.757260080485
870.85406463598
878.511345932452
883.227017345059
878.893044431558
871.872193568979
866.172787107319
878.944217966883
870.486237247155
866.956864515016
870.484257176731
878.900382104934
894.503808333795
866.866922661296
883.58685740849
878.983528569226
879.027404647408
883.226156894089
879.929438372152
866.291934309145
866.898601250787
896.710451613291
883.226101081164
879.205789543502
866.113688447288
883.566711609195
885.490209805732
872.006413889605
873.095260016075
866.112372152539
873.124516569665
866.170366745574
883.277191619514
884.74241423756
866.126100753213
870.478975868235
883.716796750433
883.816058819667
870.486525830527
885.474524009393
866.163020736704
878.972818170617
883.811455940303
878.870532260575
878.867267293615
879.04192090952
883.228108617414
871.705359591269
875.152239148151
