13129.4214920706
13020.6226288642
12871.7457019824
13217.9125356205
13367.653488314
4789.31078628524
13181.5963776651
13305.4641352329
12851.4318815443
13612.1533433077
13014.2222189933
4401.39589627289
1909.36749425611
7242.04218218313
12990.8114862385
13321.4921719734
12436.1167411914
11142.8445235795
12544.6734083469
13611.3395587759
13080.2149422625
4394.27007078395
4693.90014607721
5840.66886436614
1390.7410326484
3157.54263384782
3071.44348563996
13648.7158665454
13524.8774123476
3014.78799032953
11647.7589109894
13479.5963408165
13028.2240568027
12293.7463636782
12845.7702433022
13105.0977015251
1572.89621004941
5306.23548548321
3845.4122188984
3847.37125286728
13020.017457436
13199.0509214781
5226.7510214619
13301.9526468089
6373.67688339836
11582.7011394027
13132.3399821918
13273.5054096529
13264.9067142509
4117.39789396421
13008.0083772819
