128.704766141108
97.8611564604871
136.66424565033
107.810686496874
125.719970492916
128.70470014731
164.522656729595
115.770353906037
111.79067023221
112.785481772562
113.780603505014
127.709690022488
121.740159498931
134.674454689277
140.644092552413
101.841104712842
139.649179118059
147.608704232298
117.760266982284
154.573463857078
101.841145289
131.689653986819
111.790599200369
142.633990469966
161.537923543163
143.62905087645
122.73510339728
99.8512120162891
103.830905948493
86.9168453956049
167.507606464075
103.831028047548
145.618724791774
111.790542911974
140.643994196324
146.613999495164
120.745098539285
125.71989400775
135.669158335304
125.719909166567
131.689699612469
160.486285067009
130.694801316791
121.740139302325
91.8915698322671
128.704603465615
123.730077613324
137.659403291534
136.664266399806
145.618862645018
127.709746310846
