9.88277066314799
15.9193247622163
4.97479024764743
6.68630578170996
28.8536762245026
9.94958049529487
44.7727979175579
14.9243505462277
10.0531957361156
24.595462650539
8.95462143820146
8.11717401758233
8.99911343236204
17.9092226796886
25.5904217076322
42.7829254175163
11.9394784127669
9.16774268017161
4.97479024764743
7.65232937304495
12.9344324320411
4.97479024764743
8.84412780119146
44.4942107908741
3.97983622837319
7.29731152860177
14.9243505462277
23.6005035934456
17.6308200995645
25.868804091042
8.70445750382487
5.42135760667338
7.20307712927888
9.88216566061328
71.6353180175827
10.0338075813677
73.3468335516452
26.8637631481351
10.2430058164118
17.6308200995645
10.023614581469
66.6611546880881
78.6005059636295
59.6965121371136
21.889033673528
17.9092226796886
25.868804091042
30.5652323348911
34.8232832331225
28.5752938410931
33.5499417926196
