23.8065809403624
27.6190257144749
274.22932321541
8.30316377175041
60.97124417034
176.775200905558
111.580826083178
274.010586784427
503.516424991506
428.87702627152
313.926921046463
19.6484377985012
250.845235092806
21.5746348879616
216.717194963079
245.074836517398
135.265419610757
321.963245095164
375.780601790148
140.636415303519
18.8376656991018
376.852366861597
61.7187100993619
124.950449615935
289.228650005777
96.3270146074879
26.1520988803018
361.658968203469
287.737955083315
537.73672868895
449.359770781964
25.7857015620475
247.28998395707
141.256487707893
50.2789217768554
276.892935757761
318.190174071557
89.2596849847309
13.9696568655459
467.712178100008
31.7559833826713
22.2674023275051
166.453087990194
36.9231164634068
24.1299455110861
17.0520122566013
22.4555752043191
194.11976936872
24.3924940509451
393.091944478471
312.371232139396
