2505.46218134582
1801.79687233324
2568.11539400219
1529.66841707591
2023.91465715986
1519.78201687602
2213.84173014045
2593.74360841981
2174.54734215671
2188.58364902929
1529.80807058702
1720.60152356643
1621.54607779852
1950.05257681938
2462.88081963702
2257.51799714214
1991.71380790619
3025.53426248404
1533.85453792619
2734.41574154015
2166.35779428399
2279.11560644678
2554.63446218276
2341.77116912899
1327.22526824675
2501.24432289832
2217.77282275801
1920.15595426873
2525.72575190461
2285.18885676607
1475.05803125473
2138.10081381159
1298.01605351661
2127.69091025378
1312.2117686089
2339.45845969605
2395.8893841103
1826.28985028378
1763.65350219138
2036.00177569895
1876.68683923909
2221.22099457028
2304.09249511409
2299.11201216684
2199.98984132338
1267.42511024238
1889.88476079189
2200.19832077884
2585.07984786839
2847.84656712323
2253.81437733424
