178.147110599732
210.114769273248
186.615444361684
216.149459655323
140.7804168096
202.146744300846
156.347925172133
253.112461881618
157.253710829172
152.667594825075
147.624427946432
187.003828688901
227.472423002236
248.786188354765
189.283678651195
214.905918298989
149.097989692509
275.004490551386
158.15300825613
263.397358303539
145.311046825135
195.963693232105
238.630931352656
185.370577035737
247.596172831671
240.868958395993
244.860035199322
199.911854395492
228.364857494448
247.975040547187
213.523770222202
258.427080008413
206.546980960283
126.666099110701
148.68102196659
211.469025947492
188.37802115667
149.223970101429
168.022843701992
201.982125468939
179.950929608124
193.856692339748
132.108548943179
113.098302459622
209.046197993487
221.554756712197
296.881710001854
194.168233656746
244.970503376511
242.270050211003
135.060677381692
