407.329882781097
348.404982411425
497.26961615799
511.047094303373
351.333477098125
448.98191652628
442.811236880523
442.605815129433
377.840525920459
460.82275948707
369.39731948168
358.163483103341
534.454995064417
446.892301831812
459.724747419295
375.549703468228
470.187393311598
455.828562366922
309.90954218716
413.889909158667
389.110768061389
516.113026952958
404.931433248872
405.131546457812
350.186391483222
417.430705771837
392.802002641093
517.514477002137
404.237916930895
335.554575691174
378.597912825775
516.48787773497
363.202165537773
488.680494258637
400.287341481534
359.760828404501
377.34621237225
480.781862578006
474.813843161382
353.472220890351
373.586456257024
366.191494351225
496.418107675196
371.273036154716
393.697062880483
428.49629229939
331.625429981085
415.331699872192
393.7668041127
392.998288764403
277.18304534653
