178.353138250356
258.365183235451
239.433947006352
170.277569241785
303.004517723556
243.769232185932
84.711086600679
234.68232794985
97.340021256166
277.28482270194
267.899278648409
188.047657690017
262.425840448252
223.787872167729
275.004214247261
186.941409459273
232.273916846408
183.304507300612
302.895915539087
188.253619616074
314.62123988438
278.699833093482
224.061595856918
154.514108669504
217.637394365177
338.183311176194
247.867629456396
86.2771799109325
267.775081544978
301.352471561211
242.624614016226
224.296069756146
211.468316630192
88.8666892995288
157.643050482054
195.040257631738
152.622382898283
191.330494291274
197.477971243192
224.37503130324
196.934540671657
112.009345924596
276.899599067767
122.295913360046
229.185282943236
252.092930660604
187.537009873548
161.939737631485
150.173232100588
161.967625883703
188.522184149848
