103.112192767991
101.241197984234
125.967374983494
66.9915609005986
87.1482873705829
55.3694419167055
91.8672379970606
88.9894188979956
106.574537752443
93.510770616931
104.037559739978
111.859790600455
141.717362727602
74.3917807327334
71.9221794943987
112.610715768736
107.903094810978
116.19454404466
81.2770556148607
101.021154517659
103.35513505812
112.150542656306
103.578398010214
97.5309414224464
67.6540248371923
82.3508065177825
99.5516794678799
76.7158202712903
61.8335528168514
74.0013240516184
95.5765184758543
105.301356268144
123.983749175611
72.0560868688026
104.928638595043
85.6068421481771
122.579183187086
92.0049275197366
95.6904678741762
75.4783149195653
112.585159274137
119.651463059489
116.988087344674
99.7119546214831
127.884728908229
85.609610613257
109.761854432897
99.3275269264527
113.6085457328
82.6832405684863
116.134200944282
