94.1645544058374
181.804817845712
220.390313269497
128.110416066477
119.676175341145
150.277575133453
188.548916157233
131.7561553326
142.292711299677
121.908883133375
115.866473757625
97.2404823957991
115.595130112913
192.978053775387
168.276542236502
108.71821379232
121.905736800986
115.435968969517
100.92391539391
147.825614967505
175.045710935312
90.9380768823
179.550703123889
75.5071353267342
178.52452353217
143.134247665318
254.283928557018
158.901614347379
177.679784388144
152.74356776157
112.174939242121
161.486515306716
114.922794153126
140.747887858438
217.924798463197
106.76421092234
156.730322976494
127.288413547499
148.585992767964
86.4251861957785
223.586518962269
130.482083892527
72.2925424193231
77.3214048787111
158.162084996881
92.7204058003572
118.975062528835
157.285849715505
222.837914779242
174.54109603954
194.66683732241
