166.974879555372
157.63042774568
135.292759763483
154.980119078228
138.82368974573
87.9091043601584
168.380329936546
154.30324755138
137.936377892366
134.749321832429
151.816007683204
135.088550693767
129.990133556856
134.85320953123
161.25216896624
208.671817675491
151.041557721258
188.375952978586
121.402813964627
213.970817724572
129.903057594343
141.736843716026
125.783784282123
153.064817411202
169.04126158439
175.181328468621
110.054307366348
196.801231500696
218.376848590714
98.2368222511409
147.690458455179
145.291787003539
155.193720583257
132.045552410234
157.348245795029
173.640888024227
171.465995095834
166.475478858993
177.584724078702
130.325980667316
172.308044856337
132.28881965571
174.818081806221
162.546138648684
157.390866690454
178.81513384552
147.034646608167
139.439098387219
172.771413719369
188.478866031096
109.538176014795
