214.067473805149
143.967264932626
230.829678176976
197.394238329909
137.96426910008
240.054948412196
200.841889965168
166.802828219284
199.643028747329
141.293612926866
187.457701052092
159.209357757261
171.336285312614
165.296132127857
143.032913345431
215.281264335348
196.335052026896
176.333304305746
243.365414655817
187.016418104422
218.532237897972
181.680315754581
204.780477758316
205.403510933082
175.430430030485
235.530006418157
238.509845509596
180.160290943504
239.266964913546
193.659215901797
247.005268524394
163.389958473018
195.516765916425
238.70099386997
136.660971037729
239.415552358007
201.460669277184
134.462363888985
198.317673343168
235.361699088356
201.139120111051
168.513096115969
191.251978309498
197.154756939356
194.92565000539
174.499832771799
190.913410604128
235.858401920932
244.147681252031
160.644590602014
245.231956894647
