210.500132829409
210.603488590998
215.918181980265
217.316661198214
207.775334639384
207.899322251267
209.029419827822
213.910522066688
216.091771192261
205.609806022219
211.376619516403
211.643803125393
211.230474736644
211.242175774556
211.310130140494
213.298869669878
210.54210965592
215.19703459533
215.800370109395
210.179948600804
206.735395888147
212.010664970211
206.66819392519
226.884881287804
215.533589155799
210.236629629564
213.859880731518
213.6334341262
214.451421694092
225.781327781328
211.680496930195
216.410779514205
210.303025508198
214.120789591202
210.772190157017
210.280649418651
210.128053474793
208.944712940015
206.408707201139
210.289594213683
213.320736901046
212.406251255857
215.634445242642
207.484351440863
206.350840531999
226.877163741887
219.718717224972
212.536262019793
216.420032314194
209.131426578936
215.838606413118
