361.157511431399
356.282274942824
372.240556116038
364.321629530627
349.635464482543
368.860861850338
348.047010763097
353.601488305075
367.065199642461
354.016582938956
364.582336170542
350.942664971984
376.332285727429
368.923059136636
373.662517085351
344.253707587674
375.149802577373
371.080188499981
349.413802104195
358.200045665461
365.462114223993
351.598849636852
366.871842250182
361.722406694665
366.502193641588
374.53294137053
352.055258460227
357.153704600962
352.378867223064
350.911744714118
349.110994273942
350.137682047727
378.586433953403
367.665150548746
351.254520325977
357.92537063891
351.632653926921
374.06505868393
363.469706588219
362.15090639571
345.986078735785
363.130159655815
361.632489569816
354.035226393265
346.942681212267
357.915988710293
356.350693491626
371.966509145208
355.89198020438
352.755513852149
350.893014891681
