503.154425914197
533.672174169746
525.517279524551
514.877189405433
501.437067877554
512.391874508678
499.627991245688
542.046470039656
528.313861446712
501.444531183062
523.586210952042
512.32455233312
519.855472840951
520.21177017461
498.385693043102
519.401018849528
513.774089034921
500.854427825197
525.555398177037
535.901335625535
532.253777634025
513.768003460526
507.571015522505
511.784099120934
538.300686357805
546.604231180298
549.699517961371
542.053612819428
517.92829757186
536.809112883992
508.889022178847
507.540317770218
527.431643567282
499.681013433596
517.368018378925
544.563494674428
515.043803932756
530.244434108249
503.359336761243
516.410923730029
520.518004195241
508.309050178178
502.754949808867
519.28648419896
492.06517643182
507.394368906057
500.263729234291
505.286297411434
500.159788425331
503.559536555597
519.654245676635
