351.778087000797
358.188761295472
366.62147323193
100
359.085327428154
364.511216099009
100
100
368.494153352155
332.021633437875
362.991064588361
100
100
356.960391382351
351.502741505084
100
353.926503514059
328.31882954862
243.455057670964
100
362.864107998625
371.940834473417
100
370.830940277748
354.944641166035
100
100
100
100
100
328.588539552555
100
100
333.491624772387
328.729695049274
372.555767152035
100
100
307.865485454397
100
100
327.481274928399
100
356.662087094188
100
362.492541340611
372.749137254385
100
100
100
100
