397.757231228747
443.39964700114
443.4010826717
443.372302796336
443.373121327445
397.742869469987
443.380657208129
443.373121327445
443.365113196087
443.380657208129
443.373121327445
443.392419108091
443.38694200214
443.377146392626
398.047465418808
443.372241311239
443.342273107684
443.372241311239
443.342273107684
443.372241311239
443.372241311239
397.742869469987
443.377146392626
443.380657208129
443.378362334867
443.36990163253
443.386100955485
397.742869469987
443.36990163253
445.833441184122
397.742869469987
443.377146392626
397.742869469987
398.032923675199
445.801968981773
443.377146392626
445.814041296886
443.329950401073
443.400114144446
443.390016110923
445.818556009569
443.372241311239
443.3339087684
443.403445345236
443.372241311239
443.399992590086
443.39964700114
443.373121327445
443.372241311239
445.801968981773
443.365113443
