496.669281606237
469.617305301466
496.66928097211
496.669300077208
496.669278670935
496.669288604127
478.467465013116
469.617315025534
588.819115598872
507.694693018908
496.669280622044
458.848722726729
496.669280205149
496.669278912477
478.467462269214
496.669277869354
507.694692916427
496.669280438021
507.694692901737
507.694692955379
507.694692914218
496.669279995305
507.694692979383
496.669281658611
507.694692920137
496.669279757321
496.669282619094
507.694693066192
496.669278598131
507.69469305686
507.694693056662
507.694692959509
496.669286018704
507.6946929342
507.694692899156
496.669280623481
507.69469296788
496.669307269702
496.669280054227
507.694693052052
507.694692943666
496.669281853549
469.617315621673
496.669425468718
496.669279059768
496.669281586052
496.669332548849
511.113495541337
478.46746227741
507.694693002139
496.669281671437
