706925.270748569
762676.657638751
682101.758649909
842510.478661802
649783.714717768
684752.773050765
580019.402543993
685694.626955265
912790.109872964
681987.777944916
652134.176632944
632427.515414137
612203.102629548
669535.317462095
609626.94354488
851164.104673309
906566.000919692
762585.830223447
782343.663495583
749896.770150038
604978.633240307
669942.49190253
798987.918440371
706949.434023469
719893.634772707
665025.155674052
707278.793930333
619276.941353105
756166.429419217
652927.035165755
609031.018657478
818315.133200205
615522.180255796
756571.87766662
677862.177149645
674104.799199357
678298.950350519
778088.646649363
755025.286273529
774135.992251023
648249.485334202
778076.508702463
795089.965328299
732162.860001103
701225.096476188
647063.573742058
763817.661355623
693302.704726
612361.951552889
773289.617673664
823859.035369228
