3.98662385430094
0
3.98662385430094
3.98662385430094
3.98662385430094
3.98662385430094
3.98662385430094
0
3.98662385430094
3.98662385430094
3.98662385430094
3.98662385430094
0
3.98662385430094
3.98662385430094
0
3.98662385430094
64.1182094857218
0
0
0
0
3.98662385430094
3.98662385430094
0
3.98662385430094
3.98662385430094
3.98662385430094
0
0
3.98662385430094
0
3.98662385430094
3.98662385430094
71.8889731767447
3.98662385430094
3.98662385430094
0
0
0
3.98662385430094
3.98662385430094
71.8889746923916
3.98662385430094
0
3.98662385430094
0
0
64.1174013645992
3.98662385430094
0
