1.27872489947629
1.24337352551618
0.986994361814595
1.25957033272618
2.5868108216381
1.11945639172859
0.944709239103759
1.16115501329818
0.596511076535307
1.56336904194404
1.2826087103291
1.47010643506064
2.97943687367479
0.747367328881978
1.44702148095826
0.782719976510521
0.994787780295042
0.9432587511983
2.76424738226001
0.329088811224324
0.179762494524653
2.48345509894091
3.67647457881662
1.0704421470839
1.26798242516065
3.46706990270582
1.7074924007951
0.907091744719537
1.85861001499427
1.01604708974673
1.62401519883213
1.55324154184575
1.25929114268286
1.83458990164411
1.94780041565684
0.898346867166993
1.261014285378
2.33139854325407
1.95837653237083
1.03316587563745
0.407437624316685
1.21808677194292
1.66886836440301
2.31921579299171
1.0560403991833
1.40597540483134
0.948169974329744
2.15397763611668
2.17239601746462
1.03721397791435
1.77004603043031
