18.9042170469535
9.94959057093297
9.94959057093297
10.9445496280263
18.9042170469535
11.9395086851196
13.9294267993062
10.9445496280263
17.9092579898602
10.9445496280263
12.9344677422129
14.9243858563995
12.9344677422129
14.9243858563995
11.9395036473009
11.9395086851196
2.98487717127989
8.95463151383967
14.9243808185803
167.87435097882
24.873961313875
8.95463151383967
10.9445496280263
10.9445496280263
13.9294267993062
9.94959057093297
8.95463151383967
15.9193398756736
15.9193449134926
10.9445445902071
9.94959057093297
9.94959057093297
16.9142989327669
11.9395086851196
10.9445496280263
9.94959057093297
15.9193348378545
11.9395086851196
6.96471339965308
13.9294267993062
7.95967245674638
14.9243858563995
8.95463151383967
10.9445496280263
18.9042120091344
12.9344677422129
12.9344677422129
14.9243858563995
8.95463151383967
11.9395086851196
10.9445496280263
