34.4774886233852
44.1988082430316
39.9348268588681
33.5177988288385
33.8612386283482
43.5274213842762
41.2221704419339
40.4415539437213
44.4735767800036
39.5951535236795
40.1854767808939
33.7084136743148
33.7477206575035
39.4207249784914
44.0006696552159
41.3119534547178
45.9146529121712
43.2709843978092
31.3041578091872
37.5075308013686
39.625594019337
42.853053798942
38.2037318759119
45.0580999940711
41.0640311983349
28.3201885907307
30.770431961847
32.081159610497
44.2161201644859
34.122646732376
43.8912537262685
33.2794201361245
34.3489410855308
27.939704256832
41.397633939415
36.8378590288467
43.1216036726039
30.3880736976537
3.97983840668076
35.5687532766298
32.3098764225609
21.5649411323394
30.3440460908805
39.0570741055333
43.7868753356871
34.1071074933293
41.4175126327322
37.6142886732155
39.6089391504289
39.48879166553
23.6745339110007
