6.40358702654646
12.0651511410947
3.76629953401402
11.1499614680873
12.7684515448389
3.44883172547111
1.08770453801446
0
3.80450695324555
17.1212140588702
13.2227755634296
5.40451795163062
0.543852269007289
21.133275278909
5.70219681130834
0.908648037181592
2.85765149683255
0.812437020256539
6.33557733073201
7.76810552043003
3.33483878303355
1.51756386458408
1.45250030618877
10.427073854161
0.179056500832985
0.0895282504164925
10.1334339371386
2.76812324641605
9.78701056822877
6.42801788818167
3.44460934030542
12.4036557766646
0.543852269007289
4.06397839369185
0
6.85945748324855
1.36297205577239
0.812437020256539
1.60709211500057
2.49285572865813
0.0895282504164925
6.40358702654646
4.13107414627473
16.9167296958844
3.97592557263499
6.67885454430439
14.1314024446975
23.5846850561514
13.8534867100734
0.268584751249364
12.5808020889914
