2323.03129683433,2318.6925742108,2024.52508095628,2248.15124762586,2204.78572030717,2309.44436808976,2314.83277789463,2388.21165491933,2394.1774816406,2303.09834501937,2294.90332040389,2342.09325489799,2333.7060074496,2408.58922354523,2353.19958798101,2279.88598293649,2309.08549253201,2063.78106350216,2334.1989574077,2301.84788943362,2275.39833645029,2339.36321286258,2279.14220895585,2328.31844300384,2237.95061660096,2188.25173413107,2339.33399518068,2358.12065710133,2356.4853024504,2339.35223050685,2387.75800490507,2397.91336270769,2342.39394223195,2367.42370578252,2273.12786933682,2332.47988690271,2286.04159540826,2401.18270122924,2380.70781133516,2025.12908564411,2340.52811547613,2377.77875644499,2336.0499555542,2276.17651851935,2293.23373913522,2279.6592904647,2433.30526812342,2249.92266632837,2342.56827681748,2367.92801000971,2409.48551882107
2147.60364773595,2174.39446099584,2004.4125633812,1902.21858373077,1909.3108050942,2178.88827997527,2143.08026550525,2190.77200272568,2151.03903470359,2136.89939104323,2133.92949173114,2131.21148051506,2149.30481273193,2191.97704259875,2180.03002530661,2130.10069950342,2176.65550832394,2003.05327951347,2152.34115592544,2169.50080303341,1882.61076019873,2145.60929386366,2086.8801144063,2122.27781121712,2130.74972033825,1905.52455523773,2131.03860749501,2149.20166132051,2193.88123889278,2140.71576109957,1982.91262701734,2188.63572490976,2021.8762399384,2137.50969057684,2169.07933651943,2171.10275790303,2133.67906014778,1928.58268754035,2191.25781843112,1731.20882917997,2145.24107912415,2139.71903199962,2142.35100764359,2134.44827273926,2131.60158394072,2132.22288199441,2161.24799589744,193.762989488055,345.669765357551,2159.87288326964,2166.71900919296
2124.55049860485,2147.18557475951,2002.90220316553,1899.60382328611,1899.60389633157,2158.82296735786,2123.68150409217,2164.99238832211,2040.50947709465,2126.81248483961,2114.45891306934,2057.29229025605,2128.52934968671,2149.3489509239,2157.69429067349,2087.23278110844,2152.62666106738,2002.9018390559,2126.92230904694,2000.22421915171,434.589969985694,2145.60929386366,2038.51959719308,1861.23571319249,2023.94453558431,1899.84165367509,2084.15105792886,2098.41090990106,2165.30639479997,2126.14365431945,393.645320836487,2079.9701517772,1864.13779226044,2114.10790172347,2131.7913594089,2129.85707735014,2125.78004397341,422.314914654628,616.084366238744,117.817197495913,2125.77374205137,2096.61938214513,2127.05041479063,2126.22632938071,2108.91887313897,2109.43861582817,2126.22577945905,111.581615320864,112.486809115355,1748.42936837338,2117.32946776408
298.59592130741,317.636891641646,2002.90183437532,1696.38598857489,1647.37741358417,304.251344103499,678.660921147874,930.290071108442,158.472118526713,706.013820557099,1640.00920540916,121.087495670584,1114.96516082737,390.908949190163,634.729243259721,150.564783355228,200.219081385173,2002.90183437532,1315.8926792299,135.167820990265,111.670248395271,434.921754666401,249.975915511278,154.082020123404,155.547403206514,1807.29532589859,220.299751196047,549.448245048591,1232.50856548345,777.859226447321,109.676253313313,116.265694063447,136.61630807777,789.6229265643,254.784369763919,179.250788911878,439.980984841649,110.321052504383,109.258925462397,101.038107051505,309.234610356737,242.262346454497,368.700849260169,1577.0878484129,429.50409097034,464.852787480336,1281.76454570067,104.149253985337,100.102669758265,110.462440157971,279.048580614202
100.001752790055,100.006249283084,2002.90183437532,100.491691302329,109.09166991399,100.000123743236,100.035683675595,100.000183906753,100.00045826507,100.003808020923,100.655521037037,100.000037543509,100.052463095331,100.000631739627,100.039499797235,100.001156405207,100.000198746842,2002.90183437532,102.758141426029,100.002555804882,100.000004229716,100.004173019303,100.005940113189,100.000217540136,100.289048597673,109.038454229913,100.002069103522,100.034780005488,100.198048927285,100.000359876658,100.000001410577,100.000059386682,100.004295964375,100.021744874983,102.11367934707,100.001722584642,100.0002344886,100.000013708981,100.000053646599,100.402122188546,100.25856822071,105.626453919458,100.000649831735,105.274037987787,100.061405099501,100.013937971216,100.091067221838,100.000000213653,100.000000026675,100.000005711855,100.361385665581
100,100,2002.90183437532,100.000000000001,100.000000000003,100,100,100,100,100,100,100,100,100,100,100,100,2002.90183437532,100,100,100,100,100,100,100.289045931825,100.000000000016,100,100,100,100,100,100,100,100,100,100,100,100,100,100.402122188546,100,100.000000000001,100,100.000000000001,100,100,100,100,100,100,100
100,100,2002.90183437532,100,100,100,100,100,100,100,100,100,100,100,100,100,100,2002.90183437532,100,100,100,100,100,100,100.289045931825,100,100,100,100,100,100,100,100,100,100,100,100,100,100,100.402122188546,100,100,100,100,100,100,100,100,100,100,100
100,100,2002.90183437532,100,100,100,100,100,100,100,100,100,100,100,100,100,100,2002.90183437532,100,100,100,100,100,100,100.289045931825,100,100,100,100,100,100,100,100,100,100,100,100,100,100,100.402122188546,100,100,100,100,100,100,100,100,100,100,100
100,100,2002.90183437532,100,100,100,100,100,100,100,100,100,100,100,100,100,100,2002.90183437532,100,100,100,100,100,100,100.289045931825,100,100,100,100,100,100,100,100,100,100,100,100,100,100,100.402122188546,100,100,100,100,100,100,100,100,100,100,100
100,100,2002.90183437532,100,100,100,100,100,100,100,100,100,100,100,100,100,100,2002.90183437532,100,100,100,100,100,100,100.289045931825,100,100,100,100,100,100,100,100,100,100,100,100,100,100,100.402122188546,100,100,100,100,100,100,100,100,100,100,100
100,100,2002.90183437532,100,100,100,100,100,100,100,100,100,100,100,100,100,100,2002.90183437532,100,100,100,100,100,100,100.289045931825,100,100,100,100,100,100,100,100,100,100,100,100,100,100,100.402122188546,100,100,100,100,100,100,100,100,100,100,100
100,100,2002.90183437532,100,100,100,100,100,100,100,100,100,100,100,100,100,100,2002.90183437532,100,100,100,100,100,100,100.289045931825,100,100,100,100,100,100,100,100,100,100,100,100,100,100,100.402122188546,100,100,100,100,100,100,100,100,100,100,100
100,100,2002.90183437532,100,100,100,100,100,100,100,100,100,100,100,100,100,100,2002.90183437532,100,100,100,100,100,100,100.289045931825,100,100,100,100,100,100,100,100,100,100,100,100,100,100,100.402122188546,100,100,100,100,100,100,100,100,100,100,100
100,100,2002.90183437532,100,100,100,100,100,100,100,100,100,100,100,100,100,100,2002.90183437532,100,100,100,100,100,100,100.289045931825,100,100,100,100,100,100,100,100,100,100,100,100,100,100,100.402122188546,100,100,100,100,100,100,100,100,100,100,100
