95.0244322251619,53.3354343227231,53.3023363295385,104.508200646001,66.5850301083071,57.3243793426353,145.008425289544,130.198020158019,150.607645302077,90.1645521183598,81.5923081016919,38.9249798013665,81.2803161829806,137.053681417889,71.034305266047,102.972512154222,66.9145662710897,115.990038430944,165.057899786939,46.6609485794843,81.4324430672602,79.431237565431,65.5432120793791,83.8977455732847,65.3268106277363,38.8097932703828,53.1946567425209,113.831721765605,102.301327480388,73.3497554103553,94.9092794978731,75.807780072852,94.1799965146528,62.4208177976686,61.3438003683643,60.449272863501,58.6829880578294,169.312976055396,126.080543553628,115.909627501871,50.246046700056,63.4791488340132,51.7888178865825,44.3608788797912,113.499163988364,80.5913382814075,21.7019727279161,100.341520369196,77.929732371433,56.9381535720748,72.8034045353734
56.3600589788347,7.81792754959974,7.48168537751815,6.74971352786588,5.46235911922219,7.55027373504305,7.51716934757894,6.49079908310966,7.51148924770683,6.96343496968069,6.75608176118664,7.24359502469616,7.3612421532668,4.62178687688373,7.54736288225092,6.6058626897979,7.55266595659197,7.77914387457849,8.27215400544287,7.39117435100229,6.21616747991698,7.94496015722086,7.12327121474283,7.77152666950371,4.17188258350291,7.97270311635486,0.789217089155954,6.20625234250997,7.86415584588298,7.9714328304384,7.67307764120596,4.19660064247103,5.88444416806374,7.91713508043057,6.6412088258848,7.60939213918516,6.57470203286425,8.06395556144082,8.17375705238123,5.80656394099771,6.14819491177497,7.24711889368882,6.90272949397496,7.08141044551127,7.84456197552157,7.98093465119138,7.49542028002907,8.02798595519562,5.36744966224211,7.28243972886179,7.24114735113676
7.99272871575374,6.8732209446772,6.3107404345576,5.60640919909065,4.58367728044283,6.34168709357454,6.7447500121441,5.29451487337775,6.8994742790839,5.58936131182622,5.66040374452052,6.46365504463381,6.33565475437831,3.85853967316689,6.63678743077293,6.02614134124354,6.26991114772653,6.72319099719613,7.21206936114345,6.62334108579654,5.51752923194164,6.95060095816859,5.96808629950016,6.87021797286741,3.51269563408692,6.95138512544094,0.0369648312628215,5.73894672028678,7.04998912877051,7.2856290056921,6.30615001270218,3.43012191836419,4.96040276701422,6.90053477091959,5.62464519695897,6.64226306418806,5.60804790668061,7.04494708100634,7.42922626887054,4.72995388307163,5.03578637895578,6.21260799376046,6.10030441926801,6.27566528014637,7.12617781133537,6.93775424006219,6.17131756119988,7.24809547330631,4.7005325979141,5.94314987887856,6.2461853875368
5.82396567826407,4.38294825368831,3.71829565635608,3.31621957203004,2.2269561154622,3.85430448237196,4.3613197254075,2.94769417699109,5.41614475588517,3.25675082915905,3.18964340370957,4.16446162427729,3.93863917936466,1.41454671922168,4.17205896270571,3.62435958422805,4.33045812587204,4.43092636214652,4.91570166559978,4.35454058588215,3.0547504791071,4.36692224776471,3.65696626183995,4.36583595536081,1.04539703924502,4.45833475148055,0.00426134248124299,3.19998438512175,4.66473566953988,4.79059161063338,4.21287150346581,1.19242812233239,2.26854478933035,4.27355906711239,3.20620314650557,3.89502607066896,2.87836794902324,4.94571169317942,5.46480017703925,2.11447052564375,2.52390867139508,3.30169522255011,3.44819727172739,4.00576504551009,4.44777646466241,4.73994028116692,3.94546055211782,4.90165070414719,2.04376495062388,3.83858426548528,4.04002808377317
0.698784355285454,0.179471841683437,0.0874319017729022,0.018278360725219,2.64365759221619e-05,0.0876114765366651,0.113943407658098,0.0081297220617671,1.39891080578968,0.0326253513800907,0.0181940886952816,0.279682583148997,0.0784197479445083,1.86726083484245e-08,0.191715209295069,0.0807897833710172,0.139517271895215,0.226270905841716,0.309155649138688,0.25950699349022,0.0299488270538291,0.176983005598061,0.0779990009289691,0.201982022888956,7.66476659919135e-09,0.40676738530027,0,0.0199694362896139,0.285633764393708,0.192307221709427,0.105485690399291,2.23963070311584e-11,3.01162107234632e-05,0.0326230163289551,0.0169745976886588,0.0768587904023548,0.0243028103644178,0.342237144572664,0.503366418908399,2.40083599010177e-05,0.00178241711296323,0.0298725620362461,0.0304848359343168,0.0624358916998062,0.255094794901026,0.28658083145524,0.0376252167128541,0.260227459308965,3.69359139540393e-05,0.0463126096155975,0.14525251693442
0,0,0,0,0,0,0,0,0,0,0,0,0,0,0,0,0,0,0,0,0,0,0,0,0,0,0,0,0,0,0,0,0,0,0,0,0,0,0,0,0,0,0,0,0,0,0,0,0,0,0
0,0,0,0,0,0,0,0,0,0,0,0,0,0,0,0,0,0,0,0,0,0,0,0,0,0,0,0,0,0,0,0,0,0,0,0,0,0,0,0,0,0,0,0,0,0,0,0,0,0,0
0,0,0,0,0,0,0,0,0,0,0,0,0,0,0,0,0,0,0,0,0,0,0,0,0,0,0,0,0,0,0,0,0,0,0,0,0,0,0,0,0,0,0,0,0,0,0,0,0,0,0
0,0,0,0,0,0,0,0,0,0,0,0,0,0,0,0,0,0,0,0,0,0,0,0,0,0,0,0,0,0,0,0,0,0,0,0,0,0,0,0,0,0,0,0,0,0,0,0,0,0,0
0,0,0,0,0,0,0,0,0,0,0,0,0,0,0,0,0,0,0,0,0,0,0,0,0,0,0,0,0,0,0,0,0,0,0,0,0,0,0,0,0,0,0,0,0,0,0,0,0,0,0
0,0,0,0,0,0,0,0,0,0,0,0,0,0,0,0,0,0,0,0,0,0,0,0,0,0,0,0,0,0,0,0,0,0,0,0,0,0,0,0,0,0,0,0,0,0,0,0,0,0,0
0,0,0,0,0,0,0,0,0,0,0,0,0,0,0,0,0,0,0,0,0,0,0,0,0,0,0,0,0,0,0,0,0,0,0,0,0,0,0,0,0,0,0,0,0,0,0,0,0,0,0
0,0,0,0,0,0,0,0,0,0,0,0,0,0,0,0,0,0,0,0,0,0,0,0,0,0,0,0,0,0,0,0,0,0,0,0,0,0,0,0,0,0,0,0,0,0,0,0,0,0,0
0,0,0,0,0,0,0,0,0,0,0,0,0,0,0,0,0,0,0,0,0,0,0,0,0,0,0,0,0,0,0,0,0,0,0,0,0,0,0,0,0,0,0,0,0,0,0,0,0,0,0
