238.239517433758,102.846019883694,64.9099628393019,609.411427257171,1777.31423216149,64.2045594160302,1111.11674028647,2172.78890668893,771.298081881107,70.3016642024829,334.92403342676,4578.08096714512,2302.54537236863,126.029912556725,93.8662958331565,1617.77573336822,1038.7140185764,138.098736471708,148.124903347185,1267.70289995392,1648.86930237267,50.6557948570373,824.349760172529,2517.2790232951,113.845151592984,383.32643744016,1230.21152507564,124.525553816876,1183.41545887019,2590.29369892635,65.4889270012254,324.91517023911,1359.82266495476,23775.5074731237,850.264096754485,367.313857638444,52.3197289850527,184.721682051543,183.125569035707,118.97830634415,2269.44511760299,1325.3141365065,400.665076123408,3109.46960346019,165.868443621517,2175.27772183052,64.670742094152,63.7697414444776,207.760323295,267.265627375171,210.795888594654
0.174782565441319,0.16965356963442,0.111371579353545,29.5602498456651,95.6592182881982,0.129226004765997,9.65431369759312,37.5176494818097,3.60111535916826,0.281038394293546,2.03843376989926,151.507578477961,2302.54537236863,0.148645939830431,0.0737576421254289,100.380808587646,39.5927955367777,0.363256058427396,1.28927574676231,20.9881448876795,70.064949437656,0.0288921981054955,18.9898271143663,123.324136784745,0.396875765643927,1.81324701506196,2.63413004148538,0.0752912813525199,13.3732904754095,43.7691082653728,0.13891082128589,2.8210488002278,28.8622428715748,23775.5074731237,5.13579522206214,0.763041073336581,0.413980648720326,0.749322962590213,0.213050578717684,0.685303896630785,40.7808710552504,40.6991199805841,0.332963604766064,107.030527620364,0.380747868165145,91.3501534601355,2.68619033225013,0.0955001747668121,0.825963121955056,0.99286864998794,2.20912412978237
0.0026245367548654,0.000137077875251634,5.82970276354899e-05,1.09742542502454,0.739731044595146,0.000228544705350942,0.0991801618463342,1.15079619057929,0.0335441714867102,0.000233883525424972,0.016257069824178,6.96669085107192,2302.54537236863,0.00111986609522319,0.000162208327537883,2.30264036168342,0.611449074387565,0.0012791280419151,0.000673540586831223,0.0361907693052217,3.12975643260006,9.27278756535088e-05,0.487114431213058,5.90305758967338,0.000261175516470757,0.0109612479532188,0.0294613530388688,0.000386800965770817,0.334931371470248,1.65289752737976,0.000546346220289706,0.015131882188598,2.81789455066564,23775.5074731237,0.0404609308957333,0.00353377243322939,0.000774174996422516,0.00126277478852899,0.00144052555924645,0.000954808096594206,0.958652889051564,1.1373822515643,0.00056669833588785,4.83899561467092,0.00267493313572231,5.91624246878382,0.00648679011715103,7.53535919102433e-05,0.0103197946250475,0.00276298314975065,0.00232984864555874
1.17120180220809e-08,3.12638803734444e-10,2.20552465179935e-10,0.000349980551163753,0.000465855385527902,1.78943082573824e-10,5.46316853160533e-05,0.000436033291634885,1.54605641000671e-06,4.65342964162119e-09,3.80049186787801e-07,0.00526923970096504,2302.54537236863,2.59547050518449e-09,4.09045242122374e-10,0.0017809599460179,0.000481802238255113,2.68983058049344e-09,4.43765202362556e-09,7.00577834322758e-05,0.00372794942995824,2.50270204560366e-09,0.000742093237704466,0.0128369513961388,1.27556631923653e-09,3.78428467229242e-06,4.62683374280459e-07,7.5692696555052e-10,5.14577136527805e-05,0.00260059769357213,5.55701262783259e-10,6.19530055701034e-07,0.00249669414665732,23775.5074731237,2.6398613499623e-06,2.30616024055053e-08,8.50673131935764e-09,1.96746441361029e-09,1.15642251330428e-08,9.32027433009353e-09,0.00011335852400407,0.00136508341711306,4.11296241509262e-09,0.00510316089116714,5.3200665206532e-08,0.00699390951399437,1.18050138553372e-07,4.32464730693027e-10,1.4092847777647e-08,1.08483163785422e-07,3.79313860321417e-08
0,0,0,2.27373675443232e-13,4.54747350886464e-12,0,0,1.36424205265939e-12,0,0,0,6.48924469714984e-10,2302.54537236863,0,0,7.27595761418343e-12,6.73026079311967e-11,0,0,0,6.63931132294238e-11,0,2.50111042987555e-12,9.87256498774514e-10,0,0,0,0,0,3.11501935357228e-11,0,0,1.44609657581896e-10,23775.5074731237,0,0,0,0,0,0,0,4.54747350886464e-12,0,2.51702658715658e-10,0,5.78893377678469e-10,0,0,0,0,0
0,0,0,0,0,0,0,0,0,0,0,0,2302.54537236863,0,0,0,0,0,0,0,0,0,0,0,0,0,0,0,0,0,0,0,0,23775.5074731237,0,0,0,0,0,0,0,0,0,0,0,0,0,0,0,0,0
0,0,0,0,0,0,0,0,0,0,0,0,2302.54537236863,0,0,0,0,0,0,0,0,0,0,0,0,0,0,0,0,0,0,0,0,23775.5074731237,0,0,0,0,0,0,0,0,0,0,0,0,0,0,0,0,0
0,0,0,0,0,0,0,0,0,0,0,0,2302.54537236863,0,0,0,0,0,0,0,0,0,0,0,0,0,0,0,0,0,0,0,0,23775.5074731237,0,0,0,0,0,0,0,0,0,0,0,0,0,0,0,0,0
0,0,0,0,0,0,0,0,0,0,0,0,2302.54537236863,0,0,0,0,0,0,0,0,0,0,0,0,0,0,0,0,0,0,0,0,23775.5074731237,0,0,0,0,0,0,0,0,0,0,0,0,0,0,0,0,0
0,0,0,0,0,0,0,0,0,0,0,0,2302.54537236863,0,0,0,0,0,0,0,0,0,0,0,0,0,0,0,0,0,0,0,0,23775.5074731237,0,0,0,0,0,0,0,0,0,0,0,0,0,0,0,0,0
0,0,0,0,0,0,0,0,0,0,0,0,2302.54537236863,0,0,0,0,0,0,0,0,0,0,0,0,0,0,0,0,0,0,0,0,23775.5074731237,0,0,0,0,0,0,0,0,0,0,0,0,0,0,0,0,0
0,0,0,0,0,0,0,0,0,0,0,0,2302.54537236863,0,0,0,0,0,0,0,0,0,0,0,0,0,0,0,0,0,0,0,0,23775.5074731237,0,0,0,0,0,0,0,0,0,0,0,0,0,0,0,0,0
0,0,0,0,0,0,0,0,0,0,0,0,2302.54537236863,0,0,0,0,0,0,0,0,0,0,0,0,0,0,0,0,0,0,0,0,23775.5074731237,0,0,0,0,0,0,0,0,0,0,0,0,0,0,0,0,0
0,0,0,0,0,0,0,0,0,0,0,0,2302.54537236863,0,0,0,0,0,0,0,0,0,0,0,0,0,0,0,0,0,0,0,0,23775.5074731237,0,0,0,0,0,0,0,0,0,0,0,0,0,0,0,0,0
