5033.68204638317
378.535185424589
1599.20089885025
1919.9712776311
836.568031594848
548.255460433495
4819.40086096832
6654.29043122598
965.933565005129
1443.08034486502
592.752386654327
8508.42524132929
549.557976840733
5428.01147980374
3692.74931500403
5745.79805921583
7048.32184998767
3571.73905358622
5841.83493035875
2763.96677450209
1877.74422209788
4559.80144002332
6377.4662565226
1879.79423751119
4584.07788118642
6165.08781535852
473.829592906673
1004.85138701427
2151.5617800079
6165.61322504836
1618.77061979663
1619.49302894608
376.709442807463
5291.40782452735
2945.35381640484
4601.22986233783
3042.07416778307
3934.56609920604
4521.91772736577
1159.95615389455
6199.8999893504
1124.49301694117
5549.11404953834
2766.5775787921
4362.89054514306
2212.00475226189
1498.63804941975
1007.39737836178
1954.47064993516
1976.72297213273
7760.3071268262
