356.290588310116
301.570451835303
261.772271917417
208.045836650743
402.059090643269
252.818091813401
319.480141004962
234.909264301793
282.667105509675
309.530715522259
278.68713307208
286.646624471293
278.687529179931
307.540304995588
279.680807604327
276.696430777419
258.787829399468
249.833712072958
338.379732540367
363.256310434595
259.782775320498
408.029450246594
283.661214814892
316.494177948851
273.712831329003
264.757439392741
208.046128562338
317.488410793103
212.023847590285
224.960411125385
253.813070533104
238.889829102612
285.651174292425
323.459084450825
358.28216882323
365.247048812899
285.65150354698
304.556041299548
334.404214458357
364.252431807528
339.377585246214
409.023254967354
257.788587575212
288.636632183808
303.559069797693
318.485238667104
294.606720327535
305.550315872203
332.414752554745
305.550255508557
326.444028790106
