425.401789147261
464.504847750696
312.723630209724
529.535117695648
227.823447536158
336.469408232058
280.426270952717
307.671672380948
229.165583000957
272.296642703941
360.676929452423
335.384581932022
235.589168594009
411.656539746422
272.863191830362
588.513422294451
457.425993351848
345.69947670933
274.96586236141
445.98961951878
309.252811515696
360.522757263128
281.840161109081
448.096157125363
285.688492205668
247.296442252438
274.362907226171
205.635713002102
359.68135085707
383.212885915366
320.588193682732
297.074508195384
313.007372001683
460.148876010004
381.198201183978
241.399782363551
345.029454384043
355.923551449931
394.605131876481
369.558074286675
213.514803766843
435.843069794961
364.116390826665
315.962899299357
300.029175939188
374.43526842014
404.594461692016
358.008649146979
294.229837475096
353.47510242051
353.890153034737
