148.734145293527
160.544441436874
179.286427127696
180.734988099266
193.924626754314
211.097185980927
166.710001186685
208.684450793117
186.982730004942
171.618582775907
183.023318273555
177.3411056719
191.515315660598
197.222272073291
153.048573272348
188.323585785921
172.132048378802
248.45586791464
192.299170685056
181.66190538725
179.739132762994
195.982668986832
160.213052613312
204.657869949585
181.10457620609
171.187786378375
200.626688429963
155.454398829749
175.724311417907
145.683202144739
166.069555310019
167.871213848088
173.948319521938
188.162821982093
159.940947749057
192.985450715606
209.369501363538
182.777020290561
171.366796386544
219.783258639982
156.864452199475
152.726031548853
158.60201591503
175.52777775095
176.30323195718
179.661487190647
159.633940557608
213.471328284922
193.263397934493
197.751749864409
181.986886419657
