234.055541763472
227.104651823413
241.243654003566
242.030922913558
236.988134522866
239.277718591655
242.442218388617
231.264259085271
235.613855225259
253.128271386707
237.594159803147
241.543510513894
236.012502090761
244.124711161391
240.785834073958
235.308894711773
241.473642614656
237.673174075959
242.290730463011
242.819232305931
233.537773108937
252.851312323219
240.392791888021
226.677156286429
245.105690598018
229.912078795297
240.463164656715
243.429079457449
237.2994138555
247.252965657789
245.831814147153
237.276045072411
242.456406832322
247.134922741215
239.472233858907
237.676753125264
234.769579302592
236.725234670592
234.301876372978
231.745388230052
239.416491479469
240.975536560269
239.770689322773
234.718418781427
242.251579307625
240.463301178341
227.715576431396
225.907392061732
235.485324608086
236.038235240391
236.064905876338
