824.755560993611
843.386976070632
844.952277589966
829.882503230246
823.555244294311
846.611516161847
862.678053014843
817.189144660751
824.593097080208
848.24710571906
787.98267788521
799.783389009857
821.315619056168
802.008949624448
838.655514805312
799.464368855995
848.231702156329
836.889026940763
854.96809685577
803.952495663437
300.000000000009
812.650450939912
838.694615040162
824.855652091951
831.373624659541
782.390040824886
792.683247411127
789.585933338128
853.284773810432
814.257015193377
797.911856364623
841.131669978579
814.892652031612
827.103599599308
809.668440039582
832.816882881586
831.203391945053
840.804576319503
831.893939722795
874.882441050907
804.811408230927
793.773779671558
814.863433201773
858.098563549088
811.962967231568
843.46372699617
826.620279120128
808.996733407929
829.666308402535
860.48140972686
822.139490374646
