637.174546900769
761.568232258527
697.780518129485
761.554950410171
697.774349740631
697.808007055985
658.153932939043
761.580078609723
697.855758666402
720.913674781459
697.815477602085
637.133363192352
704.375026369165
697.86408598157
761.595608544053
704.45523893228
697.802531282202
761.526188887699
704.402447230656
697.874324383277
637.152108373457
761.549102239533
761.634306521016
697.809709580401
637.145225853096
761.537782251599
697.710327308832
761.579047056366
773.414876594294
697.771398607081
704.44659831879
697.772145405506
761.565802716361
761.567372122085
761.527662999742
658.161410078701
773.389955595771
761.605705675527
773.409939192883
697.760416218599
761.588325227401
761.57942872171
637.16938933563
761.647350504475
637.174503553079
761.566593022424
697.77944663719
697.758326245864
697.783780878337
761.563017879187
697.862593960243
