2055.16657237125
2390.66906017563
2650.40495610978
2271.27282534389
2485.587943102
2236.20677408647
2516.74964470453
2738.59640973342
2435.99410330031
2610.42830879988
2245.32031260629
2579.02763599437
2482.45753677508
2417.50899810761
2646.05475429523
2613.53811907434
2493.41669069282
2499.29452490844
2545.6318001921
2252.34900431546
1960.44531911029
2472.67643625686
2510.75102460681
2193.66075072232
2471.16311096528
2571.24805481135
2470.61769687968
2625.27611987675
2590.49375314052
2525.48362823563
2033.77574721636
2379.73295574394
2381.4376020702
2425.78524189527
2127.59977934239
2368.37307194725
2632.46956398983
2421.10408880616
2471.62040084679
2220.73994231292
2124.87598393552
2163.69850950698
2728.17520530334
2604.56014299608
2627.668009323
2586.14376887573
2124.15779286866
2242.83973304613
2420.10251580687
2657.04973556158
2129.60579058037
