629.1341631718
616.551249441771
586.355089342703
594.721052301302
610.809113169304
591.688751221144
547.491264974936
611.838367769744
571.304541082839
599.952611391586
605.305969579033
585.801482776331
600.148394901416
616.375284524649
558.823376246384
621.909939558321
598.437905103489
587.728584513296
580.42722813518
577.248263903914
589.881233381991
597.964893267429
576.008429545903
612.639104848568
578.289136348141
626.908603500964
614.091864212496
577.809081460269
597.34336531018
586.566037500467
606.798037777306
603.521286721662
625.166497249136
603.252332045583
625.452256622145
577.0665310817
618.629033313258
631.297679711868
610.691046990837
576.622997145929
580.174249728401
594.318149739023
604.209046623478
602.13572957048
584.605541873346
588.324947297032
574.523526319409
594.597495341815
586.556043386126
607.164660764572
593.166343737098
