569.529866666217
543.408392636123
520.070766993038
520.070766993038
531.847761180525
492.613968817988
492.613968817988
492.613968817988
520.070766993038
531.847761180525
492.613968817988
520.070766993038
570.741368464988
543.40839232857
543.408392557943
520.070766993038
570.741220663353
552.420174284963
494.376887107745
570.741481884094
492.613968817988
543.408393337467
531.847761180525
580.431108417947
570.741220663395
569.529866666217
518.642816214164
492.613968817988
518.642816214164
531.847761180526
397.0315274498
570.741220663347
478.186350305186
570.741263871454
521.669392014282
531.847761180526
492.613968817988
543.408392643681
543.408392328536
531.847761180525
521.669392014282
543.408392328536
301.874266225475
531.847761180525
478.186350305186
543.408392328549
570.741305733175
543.408392405029
492.613968817988
531.847761180525
478.186350305186
