1211.05741360656
982.395446025569
1163.34261022649
877.795870378905
1423.71903545904
990.716930097439
1151.71762956533
1030.0415875645
832.826186193454
1435.16290077797
937.397867776092
960.326679763279
1005.29642957321
1000.36338810618
970.499447398456
1463.19019859756
1038.63106718648
2024.19742872014
976.004781034561
1007.39009988997
1096.42158179603
1237.37168582302
1029.98999216769
1236.89564841158
1225.84037848816
1344.56111779439
1101.54132090851
1090.60362200486
1044.46945595807
1225.94773315343
986.952133235381
1243.37272710071
1455.48019941008
1124.31367728553
1294.52982746405
1252.02410216865
1178.29913273337
1425.75115861163
998.774323732416
977.853340726519
945.836989839519
970.16426404749
1237.46125023378
1177.76554595277
1119.52522339273
1272.0360185958
1356.39027689781
1099.81661533437
956.573626499973
1299.89064352667
975.575525083837
