2753.05910507653
2594.97045330634
2747.85947744143
2763.86972883451
2577.22582036961
2795.165806233
2789.89226357264
2760.74175011245
2560.98235743596
2611.00912733525
2567.40238715287
2720.47672086933
2812.30362049869
2640.39839486637
2769.25383507818
2620.70925100823
2624.32371268885
2764.69436322036
2535.72027186307
2980.61430905308
2643.74754229536
3085.63672153943
2589.32456156078
2509.06527106046
2580.39314135141
2462.63238589961
2441.9785413733
2822.76372036109
2709.23334120311
2595.4169237971
2564.71927256522
2493.46846260521
2646.74015332853
2737.57395935259
3035.08718548264
2481.64822881818
2646.60077937373
2906.1502039884
2620.09674227139
2805.69035058395
2396.07135913507
2482.70484316781
2776.89249021089
2608.46268816393
2637.31432588232
2478.12297842971
2752.00448559259
2725.80064968458
2454.63663282815
2429.89320479357
2431.85179140839
