17.9092630276793
20.8941401989592
13.9294267993063
23.8790173702391
11.9395086851196
14.9243858563995
12.934467742213
13.9294267993062
15.9193449134928
16.914303970586
19.8991811418659
10.9445496280263
15.9193449134928
15.9193449134928
10.9445496280263
10.9445496280263
11.9395086851196
20.8941401989592
19.8991811418659
11.9395086851196
8.95463151383967
16.914303970586
12.934467742213
11.9395086851196
13.9294267993063
9.94959057093297
10.9445496280263
20.8941401989592
7.95967245674638
14.9243858563996
10.9445496280263
7.95967245674638
11.9395086851196
12.934467742213
11.9395086851196
8.95463151383967
10.9445496280263
23.8790173702391
16.914303970586
14.9243858563995
13.9294267993063
14.9243858563995
13.9294267993062
9.94959057093297
10.9445496280263
17.9092630276793
16.914303970586
10.9445496280263
15.9193449134928
16.914298932767
17.9092630276793
