12.934467742213
10.9445496280264
18.9042220847726
21.8890992560525
13.9294267993062
12.9344677422129
12.934467742213
15.9193449134928
10.9445496280264
15.9193449134928
18.9042220847726
15.9193449134928
9.94959057093308
12.9344677422129
15.9193449134928
13.9294267993062
18.9042220847726
11.9395086851196
10.9445496280264
10.9445496280264
17.9092630276793
15.9193449134928
16.914303970586
16.914303970586
17.9092630276793
8.95463151383979
10.9445496280264
8.95463151383979
18.9042220847726
15.9193449134928
15.9193449134929
14.9243858563995
18.9042220847726
21.8890992560525
18.9042220847726
12.934467742213
6.96471339965319
10.9445496280264
8.95463151383979
9.94959057093308
7.95967245674649
16.914303970586
11.9395086851196
5.9697543425599
13.9294267993063
10.9445496280264
16.914303970586
18.9042220847726
18.9042220847726
18.9042220847726
14.9243858563995
