22142.9092859183
22208.5454735598
22150.381962593
22307.361781504
21845.2710322823
22239.9290657788
22204.6366432491
22131.9331579473
22226.296524608
22132.0242129185
22104.4538698196
22219.2918139277
22177.1112008004
22190.5691523255
22036.9300536217
22172.7509971569
22271.4761410118
21656.1117807778
21978.1821146336
22216.0226478949
22179.1128006216
22231.7488123879
22211.3854376147
22070.9999893757
22231.546472257
22188.0226532086
22082.1138092883
22202.113415616
22159.5464710109
22197.749981348
22208.654211159
22187.8395215978
22222.0226581557
22302.2949207313
22144.2736060876
22111.7472005363
22210.5667032049
22186.8372931847
22271.819141754
22156.1804965651
22161.2954759836
22194.0241952506
22099.1143905688
22218.9340824225
22113.6576483944
22224.0226206791
22048.022655546
22201.9993821548
22182.3876099224
22223.6566568803
22266.637038153
