1621.92991589472,2162.12403621205,2325.84878390705,2196.70250811594,1936.62647263676,2219.42717376544,1910.00204418301,1950.63039279887,2181.8545767988,1612.60385728581,2012.1567215677,1837.94785380396,2175.47341260377,2380.69675116999,1188.64187797876,2067.63007298157,1295.22697160029,2340.43076386064,1953.52168142722,2079.95477013829,2249.71868288727,1890.87160084509,2191.41005381265,2249.06904622847,1922.63643627186,2398.27533491944,1998.27662110776,2065.38229053898,2591.40052419449,1684.69804044458,2033.24689128555,1627.54008088576,2388.64313865489,2338.35448257812,2208.41660453317,1715.30717996826,1911.70253448684,1968.30847478674,2342.93677662507,2066.14348412646,2037.09942228111,2025.85710334342,2260.75385056289,1981.1072486215,2372.53196501916,1981.56263145895,1955.64516345649,1986.48443156143,2172.35849200861,2375.40909512016,1429.65240440838
756.052559495658,605.344394402641,1705.237045224,798.656178089155,693.438938148935,836.300046589427,510.891663094887,668.271863305189,630.723745562861,1026.54835318828,549.376144262172,708.886755898497,888.694121746333,850.146244216921,505.685960161748,718.418256605051,745.657413785949,776.415025528777,732.05790712358,947.713328936998,1321.25205763691,674.375591453349,744.819638581641,1290.96207337516,579.248481856229,904.506649652354,762.970180838332,941.6860810367,739.343623534434,707.739652555245,653.285177844396,667.380181880158,896.713841432578,811.949499560442,1149.917340522,564.187135007426,915.897967422955,725.743926189883,907.002651040102,899.514021023631,1034.37900474046,483.299250803229,907.704907869409,808.326155239132,717.338444552076,606.930810722867,847.05939536834,645.748883222385,1081.1771639251,894.113143557926,843.733369739346
342.392528626644,506.672935261161,615.093587836676,572.382888455196,448.833223815067,473.210283113775,278.590352046389,319.458854831171,463.649230766755,379.661901553988,319.952820999451,328.667582059913,569.468306461144,456.172379318628,270.286748642458,448.213588259556,327.646057805421,504.279454177376,449.9377122757,560.448523334654,632.05350032408,395.803572214259,386.353236871345,505.484452003885,285.939909275258,456.126534532874,532.655183956163,432.885454815273,513.473883064587,306.315124513641,443.95071065886,280.45295743018,497.361472966983,446.224757121362,585.734210138597,299.521503005464,390.368673321732,461.414837885372,455.557389758506,531.463446639196,548.856224544985,257.736315085493,550.779070323826,477.971651953308,444.312800206312,458.705075592204,494.19278189712,381.771944344227,417.806766038956,418.305290550418,412.983066232842
209.284274257549,317.788931888044,317.118909013353,323.736254224512,309.14079127009,316.33874504961,202.996985715357,204.08824810772,305.780135990853,208.409832788408,207.658341269585,214.748861033958,313.118711315654,311.280879838986,202.125169873804,310.795228792535,214.67570724192,309.486780479298,306.437459661789,331.289668956679,333.946715295511,306.669161774816,312.130849255616,314.227847580776,205.953722418031,311.663992306128,308.071778803481,213.926999668981,317.545619735776,207.352936771197,310.314933081033,203.51515966216,331.275972070484,311.241584185369,323.87436178265,201.552126189844,213.643004182617,321.553511181686,317.9332961857,340.38857354238,323.99950837839,203.976423272877,333.171760315528,339.911554852595,304.816173146963,319.058988495275,324.715436707986,308.410281844196,324.18427419501,306.441977248008,211.332789115122
200.0004866086,300.006604182063,300.012311253623,300.013623998492,300.004244284143,300.007211308589,200.000896592997,200.001219033629,300.005005852776,200.001642036443,200.00070416892,200.000635218009,300.010464724138,300.008179590518,200.0001991918,300.009657008371,200.001399653745,300.003595918148,300.003784476055,300.020123552481,300.014672236285,300.007579964768,300.006797468508,300.016763627509,200.000534016761,300.007094330223,300.002891710099,200.000903582405,300.008191730334,200.00046115052,300.005586623814,200.000272420217,300.029966282981,300.003894554552,300.010308844687,200.000381226464,200.000858820255,300.032309134302,300.006086834818,300.014938693561,300.025503067117,200.000324941775,300.030589992079,300.05412166642,300.006327057525,300.006684029892,300.006707354677,300.007169083062,300.017729393708,300.005383600535,200.001186270385
200.000000000005,300.000000000802,300.000000008833,300.000000007921,300.000000001956,300.000000005138,200.000000000011,200.000000000013,300.000000001009,200.000000000037,200.00000000002,200.000000000004,300.000000004265,300.000000015958,200.000000000006,300.000000002176,200.000000000008,300.000000002578,300.000000001605,300.000000005224,300.000000010225,300.000000003366,300.000000002787,300.000000002555,200.000000000008,300.000000009963,300.000000004661,200.00000000001,300.000000004794,200.000000000008,300.00000000276,200.00000000001,300.000000006421,300.00000000101,300.000000002908,200.000000000005,200.000000000016,300.000000007362,300.000000001487,300.000000006116,300.000000011116,200.000000000007,300.000000007323,300.00000001058,300.000000001445,300.000000001375,300.000000003833,300.000000002366,300.000000002907,300.000000001685,200.000000000018
200,300,300,300,300,300,200,200,300,200,200,200,300,300,200,300,200,300,300,300,300,300,300,300,200,300,300,200,300,200,300,200,300,300,300,200,200,300,300,300,300,200,300,300,300,300,300,300,300,300,200
200,300,300,300,300,300,200,200,300,200,200,200,300,300,200,300,200,300,300,300,300,300,300,300,200,300,300,200,300,200,300,200,300,300,300,200,200,300,300,300,300,200,300,300,300,300,300,300,300,300,200
200,300,300,300,300,300,200,200,300,200,200,200,300,300,200,300,200,300,300,300,300,300,300,300,200,300,300,200,300,200,300,200,300,300,300,200,200,300,300,300,300,200,300,300,300,300,300,300,300,300,200
200,300,300,300,300,300,200,200,300,200,200,200,300,300,200,300,200,300,300,300,300,300,300,300,200,300,300,200,300,200,300,200,300,300,300,200,200,300,300,300,300,200,300,300,300,300,300,300,300,300,200
200,300,300,300,300,300,200,200,300,200,200,200,300,300,200,300,200,300,300,300,300,300,300,300,200,300,300,200,300,200,300,200,300,300,300,200,200,300,300,300,300,200,300,300,300,300,300,300,300,300,200
200,300,300,300,300,300,200,200,300,200,200,200,300,300,200,300,200,300,300,300,300,300,300,300,200,300,300,200,300,200,300,200,300,300,300,200,200,300,300,300,300,200,300,300,300,300,300,300,300,300,200
200,300,300,300,300,300,200,200,300,200,200,200,300,300,200,300,200,300,300,300,300,300,300,300,200,300,300,200,300,200,300,200,300,300,300,200,200,300,300,300,300,200,300,300,300,300,300,300,300,300,200
200,300,300,300,300,300,200,200,300,200,200,200,300,300,200,300,200,300,300,300,300,300,300,300,200,300,300,200,300,200,300,200,300,300,300,200,200,300,300,300,300,200,300,300,300,300,300,300,300,300,200
