7217242118976581,1674276319921811,3035134484891,10937060358677500,434675556207,1.856034428e+15,10465902422,864332988898928,34788317088,46751779091560,173568173778,349401381099048,21775537313810,2533634073,6995861912,788138168,19249119580,1950471761244932,29305934,33531542566,5042951855,41930054957,332061477,12590314499,32309090763,5488562883,6606142734,60173704287,6058499803,3092662046,687332059932,5034432162,8842281717295225,13721604987,91957882672882,207373714405,250964387,46959671325775,6068494284665,1049649880,963670767535449,26750625547062,1700634426834463,332677728914,1685337164,16882909262426,601549487,11707535909,2798348413,3197400667058790,76963090545
18707769235,1342380174,2934068,4065516888,9653032,4779904823,556490,116613472,2506860,3049435,3085803,201585038,268207895,1157502,75436,79810,2138013,1467386879,36419,16390475,213049,1299731,172243,44908230,15639212,214375,1848,119496,60741,768813,26126193,2571419,706924416,184884,378181473,383016,206065,4881560,18897251,1660102,605199137,2540800406,966648995,776332,5031868,8086039,38994,539816,39378,22658745714,30754871
161137890,370871,3551,72359000,350585,13142491,14624,308652,1871,124910,15070,41868,4475761,9211,2216,90,1484,443838,169,15144,1333,2948,447,63097,82351,1923,53,2325,1132,159,30982,38082,17516547,14617,2188263,11766,883,53703,37871,1806,17843155,1231002,420778,32925,4287,11405,755,5787,3726,66727086,20856
24213,20272,75,5537,560,6406,74,9199,4,526,10,78,5510,0,70,0,94,2271,0,11,32,93,0,21,99,1,0,107,61,0,31,55,2987,0,3515,114,2,3648,66,16,52239,67,8554,116,44,64,3,319,53,2511,125
76,0,0,1,0,42,0,84,0,0,0,0,1,0,0,0,0,1,0,0,0,0,0,0,0,0,0,0,0,0,0,0,28,0,0,0,0,0,0,0,3,0,0,0,0,0,0,0,0,51,0
0,0,0,0,0,0,0,0,0,0,0,0,0,0,0,0,0,0,0,0,0,0,0,0,0,0,0,0,0,0,0,0,0,0,0,0,0,0,0,0,0,0,0,0,0,0,0,0,0,0,0
0,0,0,0,0,0,0,0,0,0,0,0,0,0,0,0,0,0,0,0,0,0,0,0,0,0,0,0,0,0,0,0,0,0,0,0,0,0,0,0,0,0,0,0,0,0,0,0,0,0,0
0,0,0,0,0,0,0,0,0,0,0,0,0,0,0,0,0,0,0,0,0,0,0,0,0,0,0,0,0,0,0,0,0,0,0,0,0,0,0,0,0,0,0,0,0,0,0,0,0,0,0
0,0,0,0,0,0,0,0,0,0,0,0,0,0,0,0,0,0,0,0,0,0,0,0,0,0,0,0,0,0,0,0,0,0,0,0,0,0,0,0,0,0,0,0,0,0,0,0,0,0,0
0,0,0,0,0,0,0,0,0,0,0,0,0,0,0,0,0,0,0,0,0,0,0,0,0,0,0,0,0,0,0,0,0,0,0,0,0,0,0,0,0,0,0,0,0,0,0,0,0,0,0
0,0,0,0,0,0,0,0,0,0,0,0,0,0,0,0,0,0,0,0,0,0,0,0,0,0,0,0,0,0,0,0,0,0,0,0,0,0,0,0,0,0,0,0,0,0,0,0,0,0,0
0,0,0,0,0,0,0,0,0,0,0,0,0,0,0,0,0,0,0,0,0,0,0,0,0,0,0,0,0,0,0,0,0,0,0,0,0,0,0,0,0,0,0,0,0,0,0,0,0,0,0
0,0,0,0,0,0,0,0,0,0,0,0,0,0,0,0,0,0,0,0,0,0,0,0,0,0,0,0,0,0,0,0,0,0,0,0,0,0,0,0,0,0,0,0,0,0,0,0,0,0,0
0,0,0,0,0,0,0,0,0,0,0,0,0,0,0,0,0,0,0,0,0,0,0,0,0,0,0,0,0,0,0,0,0,0,0,0,0,0,0,0,0,0,0,0,0,0,0,0,0,0,0
