2178.05274725943
2138.50072553095
2098.94870380246
2138.94921429485
1921.22512911537
2217.60476898792
2257.88008618349
2039.7075122401
2316.16910467503
2198.19040585722
2039.7075122401
2375.8587850013
2158.63838412873
2095.65435857546
2039.7075122401
1941.05129803828
2237.7424275857
2198.19040585722
2039.7075122401
2198.19040585722
2118.81155569707
2039.7075122401
1961.18895663606
1980.46632067774
2178.05274725943
2079.25953396858
2198.19040585722
2158.63838412873
2355.72112640351
2079.25953396858
2178.05274725943
2178.05274725943
2178.05274725943
2079.25953396858
2039.7075122401
2118.81155569707
2178.05274725943
2316.16910467503
2020.01834240622
2178.05274725943
2355.72112640351
2316.16910467503
2256.92791311266
2277.06557171045
2039.7075122401
2178.05274725943
2178.05274725943
2395.273148132
2039.7075122401
2138.50072553095
1763.32665128716
