38.5248339429588
40.7927821804442
8.95462143820146
17.9092226796886
22.8839927306215
52.7322555553919
30.8434722392828
28.8536762245026
43.7776543139048
21.889033673528
24.8738652306631
13.9293914891343
35.8183187754771
56.7122105194653
20.8940340401089
25.8686819916356
25.8688648640823
48.7524243648379
27.8587373641237
33.5499417926196
18.9041209637414
6.96470836183403
19.8991205971606
61.4085981869887
53.7267830290873
37.5297729831736
24.595462650539
27.858600105822
56.7116551625481
71.6353180175827
61.4080428300715
28.8536762245026
41.7877412375374
21.6106512901185
36.5349360254868
13.6509889090103
31.5601659745539
36.8132778325705
44.7725931742837
30.5650696591588
42.5045430341067
51.7373639832711
30.5652323348911
26.8636410487288
40.7927821804442
32.5551048349328
88.5498159047909
42.5042977145067
34.8232832331225
20.8940340401089
40.5143796003201
