68.819636898033
108.917232105864
96.4673703964688
138.221400866212
103.22474632354
153.799857326952
91.4398382156032
79.4584705991858
92.2786843688689
79.1890792130232
111.707494975551
78.8785641699574
142.781967105288
87.5120139188771
157.579293192037
99.2876420420605
67.3642510732902
80.7310026454434
140.882545789418
98.0437869241914
71.6689041897964
139.184858421343
88.181863283449
117.288962420477
134.584980185495
159.500114077504
162.335351971566
139.152381170159
78.9040733014858
74.7047901630865
101.865852690683
96.6454488482677
118.225656885261
98.5891306943795
149.970863378547
112.249039475332
105.641913913874
129.614793686818
98.0483762438059
154.308450384017
104.033032231578
150.784204440862
165.800905679966
107.872483435384
65.4578834366882
87.315007598939
134.989253499873
161.935655786475
145.133892722266
100.014335697897
64.4659959427631
