22795.2152730924
14979.5669102921
27228.6563238208
12923.4934790247
19540.4305669026
17946.7999889536
18993.7077271399
6294.30443784356
12870.7839594546
1421440.58088299
16871.0258818705
10724.4026227327
37501.0063507064
9244.47363849642
26130.2549950025
15444.3429540134
41942.9544744608
6187.83919205685
9474.67209875324
23193.0312009776
63305.4914838764
9389.87651638485
18906.5443071503
16099.3293704626
9585.86306013661
16001.1231120632
10310.3310129812
14175.9361144196
6976.94039514627
14216.637104043
14554.9630868794
16768.8279715731
13579.5626624028
15363.6191369784
14992.1230856371
18967.36622914
20383.0047319354
23055.8122452719
18592.5169389779
16990.9525769054
11431.7355441571
12625.2500278356
15112.1648376414
10679.1182786936
10799.6779465542
20419.2995328431
15503.2911851794
11148.7941760705
18917.8815556185
11342.8887922729
18136.1756973372
