730.477931054376
335.786146989657
583.660529795627
296.106713758518
736.232923057028
414.753191357601
336.877542006343
4147.8752764768
736.232923057028
710.651762131474
339.800977265025
350.973932349199
308.019610537251
830.882172021437
910.167532007186
769.892953693835
1337.23266969122
129.611289698612
660.507399099263
268.643147580768
340.349238832288
1588.73030349728
356.702870701596
736.232923057028
738.000042577782
120.15415858506
513.454526133737
338.709582248338
934.125519434383
496.287728343564
118.646477599083
118.854620583729
871.517723728653
1322.06022237799
693.849344584572
809.353096907609
425.71800345713
340.00912024967
434.487481765791
516.169818407773
891.283053742212
752.413548315592
337.085684990988
2621.24686208796
335.786146989656
1384.8958547761
1103.62499835496
425.71800345713
430.964640363797
335.786146989657
678.056199235417
