384.292906139475
228.732805135972
286.312012150465
385.779721901868
246.26451595644
230.806957221905
342.484253492657
431.484110095555
427.171762582466
1787.11662512512
608.381268890684
469.426817121767
643.391018515948
509.342963027595
650.414488232519
634.489358536388
302.268839463804
133.588937434447
127.699091956209
272.218894766109
228.275931525256
696.096406524197
411.166661824762
259.908830915587
216.563875762099
256.5717936613
544.972910341582
534.296342949998
179.64188596668
110.979858265945
248.314750300789
354.272713839949
136.055165681892
425.792632506592
208.467792346103
593.618529229782
236.111074606291
418.346270072705
299.659978212507
426.980700672653
315.755528928994
107.036287697932
225.40301505343
147.433019931108
952.082670407102
130.325732768212
109.5603527715
1110.47287632377
237.867292456347
353.479827871246
462.226689319288
