2397.85734409065
2739.39471609601
2280.4489142781
1993.88255209608
2329.55446898991
2784.33707523649
1916.59049111029
2873.67993198705
2472.10102448742
2681.84034926656
2900.73561586882
2994.05499675215
2690.37324986722
2119.4610651635
2634.15114495078
1459.54130299061
3529.36115534707
3163.88575755803
2768.15625065669
2580.09967000113
2402.0353423968
2462.73400453304
2412.78120202312
3435.32818199076
1862.31925817205
3667.62161835362
2914.83975784791
1874.58642821334
2548.00945092648
2555.53280070443
3413.516819819
2688.95147180934
2026.06797122002
2532.13000370575
2050.16778711093
2172.0584817693
2731.04187624486
2863.59575713401
3039.35553269008
3267.92770208117
1861.61078529008
3733.35809112688
3922.38181629482
2069.40043655247
3543.95305208916
2004.59754943308
2473.04994749271
2624.50869193309
2037.71843290537
3042.49923844104
2476.47766892721
