147.177571064462
144.196053546382
246.117704773865
120.542051747257
190.359801465045
150.667997494383
231.371122923786
120.341271104487
301.223584995728
324.997820448556
150.91107803068
364.603191128173
257.435886377507
113.520791704785
440.284158866411
110.481677928718
240.758314526398
176.038252442306
111.122821446979
133.39121361402
125.511424692866
117.680615553878
577.428929506286
103.715593768871
183.465149414998
260.261565453965
150.186700757413
225.845979908255
248.692715258851
109.861858170573
452.734781106873
119.011530696503
153.478628058084
129.872888761751
256.994264554296
723.037809645411
313.297661590683
139.441387435208
111.957761797396
107.711309707663
127.079247060591
117.22393068726
128.944320675797
178.17851205823
87.8725497121168
158.539458208073
171.09772211606
144.78932479844
122.521520912025
100.206015665443
213.527784325081
