53.0015344465555
53.8189795973385
43.0351224044769
29.9466329162551
38.9312332948114
49.0071455320062
73.725800395714
49.4995879609655
40.1850492153994
37.2403467178742
42.1668676554157
60.3690341590111
52.8365012951342
51.9190781470461
34.241371794692
34.9920905441813
69.7461161596636
54.139674023832
66.4123855801588
78.7547339232819
60.7924496983878
40.866908956903
55.8249576242788
25.9695979716823
37.5419101482437
65.7676197783228
70.7800805796346
38.6909540698118
60.9886941229513
37.8929880637995
29.9849981758898
42.8912152010107
46.8617841281548
28.0725691922812
64.3690913126377
32.9343528297161
34.9236090664324
26.1332482217974
24.9662132012895
70.5426142741514
64.8052816155912
52.9975262757171
43.7324351380305
54.306945752078
34.2954467897116
49.844274835433
65.6780194038372
57.8065265229443
54.2153215939168
61.6743651798045
49.1693187581097
