155.192020269452
43.5249837178287
143.142553881094
94.8678620703952
47.8434144389312
31.0624597816602
67.2388579743499
39.5057826811681
316.865240766361
38.1083425329637
162.278057861489
65.5159129096573
170.513087314396
52.1568775938304
68.6991358128209
223.020623217257
32.1239062569166
98.1139864887948
77.7208467905361
49.5700418794434
82.3805033255053
72.8393254553032
187.693192773134
123.087946280605
92.4494576261909
112.076705319043
115.808509669388
91.8178565880207
138.925770643879
111.928540686755
100.942579868046
116.926048049976
90.3887421789159
231.946688027948
275.792604267018
347.680757128944
466.190551026637
39.1414955097628
82.1386703762732
100.408364915286
59.052672760545
122.873658274872
67.0029731455593
140.04686980637
143.023885895631
78.0015291058166
110.113226073936
55.1429144421249
79.8404847252573
58.7008941290881
308.480066359377
