500.370978314937
585.253235928904
534.318134388234
311.846309635851
408.067728200577
520.526695425565
440.729260146534
308.704985026307
381.835511633285
606.263012126977
797.701608306078
351.171115713433
479.790580771155
451.220666998608
372.314790968893
324.674962263465
462.044118794659
484.165321963943
636.185854500192
756.518042984753
392.033614616796
698.00582084618
367.447763019566
364.000140411891
369.236145622237
483.987303132247
414.978083374512
514.332103973212
348.720982491916
415.712413520406
285.279662094808
562.402654334103
460.696124953941
841.664531080743
453.949461484869
530.115522916353
398.763753244883
507.039848075453
298.531045748183
488.400742330031
245.171970852298
483.791375148739
365.485426639865
228.371316673447
389.492915595055
358.159634347048
471.289982596355
458.561426000467
396.268756011523
534.040715153317
440.833037318234
