1693.06077158623
1146.85156233212
1359.54137980612
1687.04249815261
1122.94895067772
2027.32977090873
1414.9826632429
1288.2698721776
893.970444015256
1602.9511954536
1767.49855425402
1916.33860058205
1886.02152514009
1964.81357480529
1520.92883625563
1002.83835350988
1603.87659040802
1223.59555159213
1576.03247404075
1547.45618146236
1671.76371489308
1582.3313415959
2155.18959590778
1057.69209215093
1897.33033189591
1985.48627113997
1347.69782089661
616.29700719353
1360.87531391185
1986.76117570632
1487.87560967936
1058.13231011602
1413.3933230958
991.265664286344
1231.41655873052
1333.69205077816
1072.55404994923
929.195771534154
1033.24328487266
1206.07920505175
1467.84473663928
1701.15066924157
1141.32026096202
1635.79302599823
2295.92318679293
1137.3530984762
1597.07957599706
1347.62729464669
1519.77052792743
1332.13094811772
1681.72287216443
