675.043142097799
670.560555865463
673.4023795093
674.705316037026
680.475452449766
676.443418487927
679.526780698014
689.777873279065
680.339721480689
685.336898552628
541.973559169949
667.426592750965
681.773487739182
673.088433037567
677.456578752901
683.123144249702
688.615398716996
673.419370880494
680.943817241261
685.787096379282
672.606738064007
679.885861187732
668.99391098816
678.109132591995
671.48532565236
678.998308109431
677.433488522011
686.65714534768
684.256896699142
676.338948557244
678.669036501136
671.555297126033
685.336010780164
686.520420158197
684.504036161436
681.575851287592
499.573431803493
675.192518412075
683.795868252325
243.214921966455
674.995639861709
677.203882339038
675.30101452392
675.136527814917
689.709952038777
680.473907528389
676.183541572929
682.097860140002
679.754932273125
682.946603642818
680.518254440893
