42.0210747065605
847.311258012815
285.395441909895
65.0794389109162
61.2847845327806
83.1989728089827
1256.07169319015
245.910827587592
355.807141696673
1257.60149265118
299.482048741605
1166.85267401381
282.897337379761
818.582478729692
68.3057962313933
67.1140699911023
48.4131202751137
346.019575313559
189.183971352488
312.431604909061
283.18451893604
47.2300573968828
48.1425641380713
1406.12125894524
77.4650678278231
1071.25592053213
56.7311612149758
170.289366017178
1065.80130882052
28.5532123043749
240.814974941004
304.503038292605
1119.62548072373
39.6644472989947
222.529833186857
56.2242768409194
225.129569453315
270.180453184245
1036.28460558931
814.022956105001
80.6284085385116
1071.72684323764
344.279568575147
262.141920892247
47.844867213666
244.680856332184
58.3731480153194
83.7294932967238
300.882316761904
74.5661727873605
40.0662393344446
