146.690042108262
168.596012146962
113.852387700391
139.646084717488
92.7496438476819
119.431357953002
67.6726064951636
116.472117991214
106.692567610304
131.325123994837
165.982692935977
296.741209158624
98.5010117705201
167.927750784755
156.261082131245
129.101808141159
125.207153493519
52.2301500820602
112.964885011239
101.621688814568
149.664598105179
83.9388000834326
114.62731038889
100.654291150081
63.4885393979769
107.86092611739
175.332313670242
251.84052400566
135.543484315708
58.8037801539663
163.798006701392
188.356615685688
55.0002772292869
160.97992978074
124.21185241156
169.917860894906
141.349439733346
98.8273641522987
174.978329224592
120.701114020069
165.14777108724
144.058648304843
112.022439139495
166.942292694504
71.8617533930922
96.1050884270323
108.911696811777
46.2899913043559
140.786117743726
189.576248840101
121.110295557926
