1.62573245087174
30.2794593269409
30.0960888190948
7.7824143531318
16.8262213786934
6.17418100096052
73.9615949243778
6.4523023275683
11.7415826529382
13.405411445616
28.5004142031819
22.6001764930591
112.011220909194
5.84081689611935
9.18247601425878
13.5081728268647
20.6396050285616
10.4893871787551
4.79837692284809
21.9305823300012
40.8798327004588
6.11997494528714
22.6376276809808
14.5073670018885
41.7850877940741
6.89353642987658
42.6935479295237
8.49126755756993
13.1061167198795
14.7012767781387
25.8964625180106
30.6542052165919
20.8145791869661
26.5742842727357
44.3782998879144
30.3921095312976
17.5830711160083
147.17850639858
6.95281336155176
17.5296349412265
19.3328869466748
11.1065956322216
17.2535525546537
86.9065705137377
5.57691635817037
8.75259056274786
34.945474394528
8.97374672283445
4.40606865761652
8.38487338661207
41.3488018700343
