1517.60577010159
173.61265270185
2421.20925634729
2046.11095947891
644.857437168962
150.575016152257
180.844952748954
199.389846248999
1181.07199794598
1195.11805397763
1698.06690999077
157.611944360645
286.430436117219
1335.0844067509
1433.28364379951
115.401854728145
1033.2479072957
2490.01965897371
674.863262589947
2183.51619457875
1393.87593602186
150.531357419035
790.798392962803
611.393644451954
274.8652829658
156.27645236021
868.833952838143
182.938643865197
5477.94890179903
134.632763838085
592.037844912923
89.7291470865221
758.00808572327
122.854979763847
632.72273870688
234.950018899868
202.901716789447
2871.68098557267
171.451446297692
2699.72932690309
137.716591344382
597.478609877908
106.633795414044
127.833701199226
151.685283243335
739.09306486842
1204.13777326853
3506.75154328784
193.081069359268
1580.2700806015
127.591680625606
