443.202851792096
443.229968078319
443.175430323003
443.173776675563
443.182094928368
443.241691985686
443.188514676845
443.641651301726
443.241021180658
443.233995461324
443.175868492659
443.179887120555
443.174874583982
443.195280966166
443.203192009641
443.178988942803
443.237000235509
443.180036372391
443.177618164752
443.230464049223
443.23745935134
443.179631901946
443.182607285894
443.200794250264
443.1744694777
443.223306269762
443.384877691432
443.186156114853
443.379719424938
443.174843966364
443.261040837097
443.229902242438
443.1755944823
443.179939089202
443.191776261102
443.190395139857
443.237081857048
443.21304668091
443.228677412904
443.174369135109
443.17324298354
443.23510345275
443.178023552237
443.177822729139
443.187533214577
443.175101139537
443.174948130777
443.194932055212
443.229916625942
443.223071404135
443.192657661737
