1114.39603865208
1103.19665410908
899.543003957545
1102.68340248381
1109.35934584959
1278.81969958769
1262.09282039863
1295.90288116883
1241.55380497107
1110.56893432254
1231.52879498353
1264.30325455843
1240.5790444517
1230.57240529268
1279.7297923066
1240.56829207579
1102.91006252643
1263.40712499214
1404.19153554904
1103.86774375946
1242.30010005223
1241.67680523203
1245.10348413111
1273.24307937347
1113.92768560242
1237.38177519017
1110.997171526
1240.88552104927
1262.77719650724
1420.14582694095
1240.12424301334
1254.36694651638
1241.03640655375
1272.45303963887
1269.23962285847
1375.38550086834
1263.50191783599
1401.78145520388
1127.11086260299
1375.56354897615
1242.6275204016
1244.42625471962
1103.10900217287
1116.73891591395
1118.91576720682
1244.83978229004
1250.56040020602
1244.0282838761
1241.86342750855
1368.65256588718
1108.70735406695
