546.399203183706
540.546356434605
499.947649919468
543.27422810876
558.429744345669
541.467425081725
559.154306204543
504.363832956195
436.801509317135
517.741142675641
546.620979114229
512.7773615164
514.328896194361
490.982332555786
532.775189628434
546.423211187687
530.444834670173
503.983419446853
535.096777267582
559.32618158744
575.488670939203
524.451743976244
434.079927446714
562.94483729183
580.281771706149
514.853326005792
540.264253824601
574.734323700671
555.390419588088
532.86796568205
516.010823442066
463.347268698413
537.545554335578
530.53781423365
519.474852906581
557.034773430837
526.45878414453
486.509709367243
507.0569133244
543.318732613271
540.295250036691
540.853880784464
535.84385442143
481.219122413769
252.985764068918
543.270485190023
533.355535260976
547.0595183034
542.773229440671
551.514262142538
526.576427173945
