202.795043991842
207.708806413057
205.781941475091
204.83272816269
207.09243845125
207.541148579837
202.40534259073
205.940093681692
236.610480351779
211.469916357929
207.466058824079
218.188378473122
256.206019797249
205.248431800338
206.978050869764
254.118812843634
257.60517360263
204.952868431711
217.329560161462
208.479719056275
200
204.418049679091
203.795572582884
203.945259278286
207.397941985232
204.468613811502
205.179603165492
204.031056510548
205.174707982073
387.21337165781
284.109742710365
200
210.774853230116
205.342378982951
210.623751750119
204.590865867693
205.326506902981
202.744595341545
206.265159649946
321.783511572601
205.251724015322
289.796987682769
204.611368627075
208.336736628547
216.559219393602
207.941547825848
204.931271846895
206.645952853241
207.084575445219
202.374853316173
206.518631832535
