2002.90183437532
104.741327491285
101.22225904037
100
100.927816317611
104.329614246681
101.59722032296
104.077488428249
101.389759667937
104.61289790612
101.171251950755
100.649224193453
101.997650061056
102.570510130194
1899.32185675129
100.398195642903
100
101.543336182868
104.24328474718
100
101.208062278063
102.424867422007
100
100.344900273933
102.890901137915
100
101.212172875528
100.642516796215
100
100.538429583233
100
104.234358941152
100
100.795957598701
2002.90183437532
101.234328785293
102.209523681885
102.878358894757
100
101.707526451401
2002.90183437532
100.346105253191
102.68724832435
100
101.062517080456
2002.90183437532
100.398195642903
101.961798765191
106.031871725562
100.638988270907
101.241787933788
