2409.13425307684
2451.53354933153
2534.8180212853
2345.9361959656
2573.39821485071
2408.63292066932
2267.71184564036
2461.78273102888
2323.60599660379
2322.12624511732
2405.25164935797
2523.35988456832
2442.45883958129
2489.76287654048
2408.10120544779
2453.46195812559
2408.01420969509
2408.87860850613
2389.25918987108
2408.3507232864
2409.50121837659
2534.51895723389
2119.08499398705
2409.18810527158
2491.1250345309
2258.98006198202
2442.28571635374
2442.31140491597
2522.67389000003
2265.26361248216
2326.80580704666
2573.47770384009
2264.78294576339
2409.0411839506
2264.63988951205
2265.04921434611
2202.8704822188
2321.92683908958
2266.20580557762
2408.45302594537
2320.06434855871
2230.17073853532
2410.13449549367
2450.66197747481
2460.69103924084
2446.96923484805
2355.13046137759
2440.92994433372
2486.53060649777
2523.37443113791
2265.51718572072
