1003.61069379195
1003.61069379195
1003.61069379195
1003.61069379195
885.854343123991
1003.61069379195
1003.61069379195
1070.03147014289
1003.61069379195
1003.61069379195
1003.61069379195
1070.03147014289
1003.61069379195
885.854343123991
885.854343123991
1003.61069379195
1003.61069379195
896.278438974436
1003.61069379195
1070.03147014289
1003.61069379195
1003.61069379195
1003.61069379195
1003.61069379195
1003.61069379195
1003.61069379195
1003.61069379195
1003.61069379195
1003.61069379195
1003.61069379195
1003.61069379195
1003.61069379195
1003.61069379195
1003.61069379195
1070.03147014289
1003.61069379195
1003.61069379195
1003.61069379195
1003.61069379195
1003.61069379195
1003.61069379195
1070.03147014289
1003.61069379195
1003.61069379195
1003.61069379195
1003.61069379195
1070.03147014289
1003.61069379195
1003.61069379195
937.331183129794
1003.61069379195
