443.634420858222
444.89488486478
401.708443123419
439.438445868494
445.430908356024
436.560044223595
437.777339791209
441.391891181947
425.11663629868
426.058914706984
398.93903274662
435.770395183217
443.678714054435
441.857762812079
438.071581305864
456.180833116609
430.71356476567
440.864236677942
412.210531059327
438.29186767108
424.941387517176
446.450749208103
434.987851077899
436.719242784362
451.968099894829
443.629420511833
448.06642595721
443.17608608804
445.933191386188
433.340802350188
436.430362567632
440.363849905554
434.653624886117
436.983012529779
436.438509128627
437.173490773741
443.118093931993
422.80834985204
454.378615441995
442.050265337421
449.209510864032
438.188906686106
464.507952659692
433.697136939392
443.889504127636
448.140465868417
430.35192997077
396.069493416406
434.083027145589
426.737410792221
451.836336173592
