443.649184616568
443.424288524934
443.500776709267
399.584967871679
397.762446501485
443.407538649185
443.52874612385
443.418313617733
443.442483210121
443.46716779058
397.784692410889
443.342273107684
443.370625268405
443.839885713685
443.601695214488
443.926114283545
443.435489713543
443.410329785284
443.720169295148
443.779201464196
443.491277751091
443.527943676182
443.715300431261
443.482683466292
399.584967871679
443.947570316519
397.991411953605
443.974259359444
443.342273107684
443.460392277618
443.796631026928
443.429138791829
443.384957007255
443.439642483013
443.900274404621
443.561225559285
443.363812043711
447.366991170586
443.39964700114
448.508877006363
443.497599291115
443.363812043711
443.562636032208
399.802314963394
443.36990163253
443.355837720998
443.59079776491
443.652196473879
443.669986342521
444.148859791693
399.584967871679
