2388.05583246227
2388.05583246227
2388.05583246227
2388.05583246227
2388.05583246227
2388.05583246227
2168.12329506185
2022.26141904423
2388.05583246227
2388.05583246227
2090.87482878667
2388.05583246227
2388.05583246227
2388.05583246227
2388.05583246227
2388.05583246227
2276.42534135894
2388.36387660045
2067.82489556088
2388.05583246227
2166.27163160851
2371.29021187823
2388.05583246226
200
2388.05583246227
2388.05583246227
2237.38118934346
2388.36387660045
2388.05583246227
2388.05583246227
2388.20104127278
2388.05583246227
2388.05583246227
2388.05583246227
2166.38813057975
2020.9229233928
2388.05583246227
2145.80035860424
2388.05583246227
2165.93558162967
2388.05583246227
1963.45739570971
2388.05583246227
2388.05583246227
2388.05583246227
2388.05583246227
2388.05583246227
2388.05583246227
2168.12522006564
2388.05583246227
2388.05583246227
