4906.1691840752
200.00007681162
300.001550329818
300.005823113687
300.014060569458
300.015290420244
300.008008082459
300.019557052504
314.3514957327
300.002660104133
300.005134103347
4177.34032786304
3083.1156813047
300.007270563303
3135.05081102685
300.010262037541
300.001773084678
300.003669219821
300.138146690645
3170.84762127463
1025.8389727791
4591.73798302082
300.005653354605
300.019224097653
300.000751138792
3501.74787395713
300.00579222299
4111.34900303002
300.000573817143
3401.80201023659
300.019790637482
5269.16738222467
300.043132654806
310.099486376924
3843.65948935972
3827.33236286767
300.00992030986
301.64561736002
4519.2453293929
300.021432201218
200.000108401502
3235.01994959359
3956.31829683813
306.530365367884
300.008667901609
300.002281277496
4185.4626839577
200.013018838038
3740.7528606997
300.000728422171
3080.25988215296
