4229.33633199682
4147.39158642118
4217.63706586118
4070.3047755436
4062.70557292702
4079.64892246306
4237.20497261632
4215.48061859239
4081.52568616416
4222.76120174419
4082.69300696093
3810.34847152576
4080.15069275511
4064.42055297844
4079.84276818178
4218.26791263055
4080.49592196173
4137.47300103891
4079.22759064196
4080.28185122246
4079.28461336671
4228.13013027511
4082.76336930175
4080.38443834595
4251.19901159155
4080.73232606351
4079.88225952268
4102.16800174899
4069.91717100159
4080.06602664163
4164.77737767602
4080.77928163216
4231.85987459814
4234.37145515573
4145.47219007477
4081.97326080053
4129.2493243442
4081.74272874727
4079.64133774569
3998.78338118533
4069.35562801065
4215.68788030878
4238.86825732365
4083.97806884201
4080.14008234838
3997.07069957772
4079.27639583166
4080.28399289072
4080.70855099874
4229.38025321186
4080.57577159493
