572.207547923087
570.688332508736
466.680295829648
549.50587161347
613.131212966675
736.938908940657
736.938908940657
531.657811822003
575.604506087686
581.622468854376
682.355231557656
643.567146631513
506.85568700622
569.287921715199
546.444359914389
532.359278479507
517.874093510307
488.497880563218
508.124559052426
541.2486425138
537.742922615211
458.389466608804
597.083592373377
592.123448707922
623.937452267627
689.4637720772
582.342390071313
598.952448215307
572.218656238834
509.263739034985
617.087427330175
708.900259363594
682.355231557656
676.050148184271
524.698238376926
497.84079809189
512.02237178579
603.388969573615
702.062331829358
501.067457489966
525.406496104798
596.455402810329
546.527675917361
583.542135445855
471.810541422643
572.207547683771
527.839225834341
525.898481850103
556.46865763799
640.311990019014
682.355231557656
