398.187204301535
397.353319715938
398.109698113838
410.938262831192
335.113854197421
320.511595514777
406.275364065246
408.071514560569
401.916150473171
389.448199452574
397.030753309088
394.916304844744
395.151278498789
405.733674530021
409.067254789874
406.623861285688
409.610536929574
399.486646395115
401.235988097602
399.50307699312
397.213317804783
409.808785035983
360.181578078486
398.596970788219
397.748135849511
405.741139092308
403.547217382157
389.69662505347
412.085803573533
405.727757645002
399.239951279375
398.6995822434
399.092137253106
450.537936334634
400.604429876154
410.996742824002
402.380755560818
400.790663746544
401.414477618633
399.676263557467
397.216637869791
366.317969780546
399.555808718329
389.517092443901
327.525115392657
359.343646392664
376.542810717983
401.908756394902
401.420480989312
339.767924064598
401.7140918205
