597.716001815888
584.310081156056
584.354013553549
606.973240847686
585.975085673127
300
583.747286146414
583.741534292923
583.817680077515
583.754255740379
300
583.871033344021
419.464367298551
583.779385257098
583.87527534844
583.735196677224
593.594288888451
300
584.132857148308
583.775997258761
583.783515961531
583.791833304945
589.330393607821
594.38215955104
585.113640259905
585.44303997409
586.409468952067
583.857625951889
584.079003352446
583.823237225179
583.777955802178
605.42763871224
583.767209598149
596.41998362745
584.039329770359
300
588.570649960856
583.800434484061
584.518591528946
585.012952126081
593.723005074035
300
653.033348102998
591.309434151412
584.143076555452
583.781753544646
603.073186115833
583.772030365827
603.731394597887
586.658933067116
419.997592263735
