1829.40933321072
1150.83641195218
1086.51990781782
576.104785077622
1139.70761590872
569.449382275263
1632.97619441725
1760.69335197725
1266.73219187712
631.27648417157
708.720923555467
819.135324860688
598.833342581546
876.923219453299
639.066363959744
1539.01827508538
577.689436545538
849.796798056852
762.036465744814
640.710925543786
627.362319724831
495.280986397552
976.408104807649
1275.04358637532
1304.03138069698
744.375019445957
1321.1229504946
1100.5025410361
1476.64376138937
976.560489461614
838.762580329621
600.805047202829
754.601945718383
1035.26488886994
587.554737147032
1117.70484030762
561.502336830496
1271.49544488039
1171.29868833606
947.730169526076
941.595703307971
593.650702330407
795.4550076169
1083.60494585973
1405.8604307141
714.664357446911
897.756985558992
1020.30726874375
748.441513407244
606.246316732213
1852.57200542397
