320.50857460896
421.810826627731
395.771872417409
425.652365262639
363.337722663916
341.414437540272
328.170875282663
315.122984735119
287.463879876777
254.748655027877
256.625441058346
375.847150801258
470.242479094602
409.686350628607
428.644545067619
273.790505360687
458.353579937527
542.342348347104
603.546122763646
629.180898151828
371.702042368106
411.644416756441
581.909077259619
346.091063304328
312.819273598407
333.406979053494
405.26217647504
297.333478786822
268.8090628336
252.12127511008
311.575415562761
397.407128408664
297.979964344954
310.857595550825
586.923330461056
277.186851005042
331.05316359265
308.780547175893
253.160029828355
281.27170117254
320.508157887607
277.005643197601
302.804420109528
267.351004730365
500.95902694185
498.735913732862
254.37685027957
319.010838218732
371.622931364001
252.271717773542
300.804522173643
