0.0468355603731538
0.266306827442065
0.0161236402580016
0.409836139513232
0.0132123888506044
0.202299726057845
0.0985587236977494
0.131533669789746
0.122323599035496
0.0398401399128261
0.0970597933106205
0.0174475574548865
0.168938728856119
0.0225207323357495
0.138592041764468
2.59096093794614
0.0726449931473212
0.00603194360866155
0.33845501001116
0.0489320260339241
0.0123999278279712
0.194220807990234
0.0411353707883677
0.0112967082138198
0.148509040203635
4.81454145661394
0.00266943887362459
0.504770079055618
0.0850347260024478
0.0598480291041597
0.0446710139437982
0.105127063813882
0.0536939677936061
0.0388449056591185
0.011839338467837
0.00431380828268857
0.807418287657981
0.233645967938457
0.0611215231828055
0.24814943291392
0.0106124797364942
0.268936480312846
0.0259280113978662
0.110457168222979
0.269368061074374
0.0191305601343856
0.017878983755395
0.0137729027836713
0.141665272327714
0.0202353857953881
0.0159904334341263
