13094.099275376
9853.46223460135
5003.38609324511
7794.66886627769
14405.2952445531
13163.6143182791
9447.82547928126
13234.2111496148
18081.8109744586
6039.53681005369
14553.2448460027
8475.30178038785
6979.98021518472
16132.3756740604
8216.56632703154
6502.71503069736
19070.7500809997
5195.04666177285
12621.8937210413
8901.52108092592
6596.34855238325
11355.7158644394
21138.071025017
7680.38499297996
14713.6197394386
10294.5076790681
15660.3688284413
19287.8432598765
12631.2260178927
16022.8004477357
8812.07626179414
17016.1971071004
6825.62160664407
5378.72034764227
7267.97658598806
8198.67778795566
6042.14471661873
10014.0082927119
9687.35885386002
4768.07035594984
17154.0371136656
16769.64701804
5754.17799453196
7284.201585333
7676.55321015318
8466.93218602778
16736.3512328462
27854.2793106273
14485.0793585547
4694.67324951654
6076.11541526322
