90.4320843000037
73.5824999865388
113.756208286832
114.878206857063
118.56357316084
86.2971775258026
112.908998487514
114.599607723856
115.868398896726
116.981129001867
113.460677638436
4.06485825510669
121.665967496216
109.952550111749
115.539633868212
71.1212151324085
116.655812674842
113.0176735205
112.354614115192
115.433130639814
112.264389385966
119.761936377808
112.574828696126
113.915593386934
115.391988910751
96.4339664413932
109.673544909452
115.467606833256
78.67850277697
4.10274758326517
114.00296677686
118.29675197835
33.0563606863805
117.423377983356
90.9568437272195
111.158679523762
119.159053455537
113.292455453958
118.034201640107
110.054842786735
107.818542299174
110.056968850437
114.310420237751
69.1391997616861
72.060217888536
70.7910670198484
113.271913738507
115.517535607392
116.933246365676
108.664248902509
114.396605343945
