303.459141617063
303.459141617063
300.474269483606
303.459141617063
302.46418255997
303.459141617063
303.459141617063
300.474269483602
302.46418255997
303.459141617063
303.459141617063
303.459141617063
300.474269483602
303.459141617063
303.459141617063
299.479310426509
303.459141617063
303.459141617063
303.459141617063
303.459141617063
303.459141617063
303.459141617063
302.46418255997
302.46418255997
306.444013750524
301.469228540696
303.459141617063
303.459141617063
303.459141617063
303.459141617063
302.46418255997
302.46418255997
300.474269483602
303.459141617063
303.459141617063
299.479310426509
303.459141617063
303.459141617063
306.444013750524
300.474269483602
302.46418255997
300.474269483602
303.459141617063
303.459141617063
303.459141617063
303.459141617273
303.459141617063
303.459141617063
302.46418255997
302.46418255997
303.459141617063
