64.0290162995066
64.4367084846814
64.4399962264343
64.4475825066445
64.4583186751187
64.6539517392264
64.2259018228056
64.0448058609918
64.4317589990402
64.4034610429203
64.364335119583
64.1670936090917
64.3247370601407
64.5573074943522
64.3794395548556
64.5104857494897
64.0380559038667
64.4787663529396
64.3094914605661
64.196437581197
64.3187226641768
64.2039829836546
64.4510769299786
64.0961498782292
64.3285068361153
64.113600771861
64.4213401614606
63.9587757866468
64.58698222803
64.7448003926033
63.9760342692581
64.0157760895852
64.5513358018736
64.0631525233382
64.6116431027283
64.130688899967
64.4054260591073
64.5981660913178
64.8412646966294
64.5074683898977
63.9289150443635
64.3043333310184
64.3528063406579
64.4290613446162
64.3621252684702
64.2607109209482
64.2778877484948
64.5081039999549
64.4751149290463
64.5284850564376
64.3941464101358
