111.273144662256
111.273144662256
111.273144662256
111.578593734685
111.578593734685
111.273144662256
111.273144662256
111.273144662256
111.273144662256
111.578593734685
111.273144662256
111.578593734685
112.563290233918
111.273144662256
111.578593734685
111.578593734684
104.763664285698
111.273144662256
111.273144662256
111.273144662256
114.520214237314
104.763664285698
111.273144662256
111.578593734685
112.257841161489
111.578593734685
111.273144662256
111.273144662256
111.273144662256
116.214051045205
111.273144662256
111.578593734685
104.763664285698
98.9439356531682
111.273144662256
111.578593734685
112.257841161489
112.563290233918
111.578593734685
111.273144662256
107.809844710955
111.578593734685
111.273144662256
111.273144662256
111.273144662256
111.273144662256
111.273144662256
112.257841161489
111.273144662256
111.273144662256
109.099990282617
