635.123573227989
639.573588784319
642.440705757171
642.440705757171
630.500250655221
647.489153511738
639.927112505957
614.95245949915
645.543860915302
653.156818307986
628.822885954503
645.543860915302
635.066952098741
655.789210388981
630.500250655221
639.573588784319
639.573588784319
643.805369414501
640.647821612446
638.29078969273
647.489153511738
653.595219766484
623.719115279455
647.489153511738
645.206663301566
632.164850893331
652.208873044339
643.805369414501
623.113892061365
635.066952098741
635.066952098741
627.574677141915
632.623124896482
638.29078969273
640.647821612446
623.719115279455
635.066952098741
633.905923988071
638.593397027465
630.500250655221
625.604211352365
641.037224229724
633.394750389874
639.573588784319
624.832585858973
639.573588784319
611.76935179694
638.29078969273
620.086745439141
643.805369414501
639.573588784319
