197.995300285458
197.995300285458
197.995300285458
197.995300285458
197.995300285458
197.995300285458
197.995300285458
202.970070336391
202.970070336391
197.995300285458
197.995300285458
202.970070336391
199.98519820293
197.995300285458
202.970070336391
197.995300285458
197.995300285458
202.970070336391
202.970070336391
197.995300285458
197.995300285458
197.995300285458
197.995300285458
197.995300285458
199.98519820293
197.995300285458
197.995300285458
197.995300285458
202.970070336391
197.995300285458
197.995300289033
197.995300285458
197.995300285458
197.995300285458
197.995300285458
197.995300285458
197.995300293022
197.995300285458
202.970070336391
197.995300285458
197.995300285458
197.995300285458
197.995300285458
202.970070336391
202.970070336391
197.995300285458
195.010428151997
197.995300285458
197.995300285458
202.970070336391
197.995300285458
