878.862367767783
883.22577111267
870.475770699079
883.22577111267
883.22577111267
878.862367767783
866.112367354191
870.475770699078
878.862367767783
878.862367767783
883.22577111267
883.22577111267
878.862367767783
870.475770699079
883.22577111267
878.862367767783
870.475770699078
849.748986735894
870.475770699079
870.475770699078
880.862183543871
883.22577111267
883.22577111267
874.839174043966
878.862367767783
870.475770699078
883.22577111267
878.862367767783
870.475770699078
861.748964009304
883.22577111267
870.475770699079
876.498780198983
878.862367767783
878.862367767783
866.112367354191
870.475770699079
870.475770699079
866.112367354191
866.112367354191
866.112367354191
870.475770699078
854.112390080781
878.862367767783
883.22577111267
870.475770699078
878.862367767783
878.862367767783
866.112367354191
878.862367767783
878.862367767783
