4.06397839373392
1.35628932148597
1.35628928926383
10.3092128130306
0.722909373616176
2.62305043242827
1.69662036541695
5.12867254788375
2.08588082561243
2.36114834337036
0.626697753176131
4471.47012149207
0.358116359960036
11.4426048354995
0.179056500832871
1.08770929538218
21.2161208450573
0.358113001665743
0.812437020256539
0.179056500832871
2.89831784601415
1.26676103884733
0.268584751249364
1.53534584269175
12.4234053383028
2.9945379512136
2.07919834611198
1.90014159259943
0.447641260427531
0.89528250416447
3.26977550833533
0.812438425653227
1.99635257524153
0.722908769871083
2.16872868919734
1.24229635192876
4.512691496961
2.25825456176551
1.35628929359837
2.6947966553804
4.08887409386909
1.98966980868749
1.17055002192239
30.8580218576399
2.41952929524336
4.94353479274298
1.08770453801458
0.908648037181592
5.1518098509539
0.447641258055683
5.5164787204742
