6511366154.96608,5481469744.9758,5109727411.88794,6726391335.40031,4848178450.53573,4623977268.98123,2769033517.32032,4347095437.98201,5524535125.52761,4051178085.73955,5688775446.55453,4443351431.56691,5397201272.5615,5265894244.99801,5031553960.13135,5871578958.03183,7243045804.68832,6535556034.02623,6736323633.19682,5299465996.84762,5807725338.15489,6358107803.20182,6535253003.02835,6464301337.2493,4809187958.77165,2835020190.91517,5100134269.29177,4713517334.61176,4666309611.58245,4004462172.73619,5730974622.825,5483516307.31647,6360250361.7011,5804733367.20789,5063908949.61272,6124531638.45359,4786392878.52708,3968936322.51077,4111072370.31586,2645680562.4795,7246475203.5271,4461834006.44528,6769863673.41773,7022032747.19808,4860832479.85342,3983346140.29322,3957690298.40824,4799576992.21559,7230517731.18541,7463428235.21857,7225614320.94649
36438613.8826769,12205154.3384192,22966675.7593166,14564279.7464814,9064066.00745774,9239174.60410797,9188379.03544596,10719512.9252487,19569661.3872717,15409749.3201499,24705255.6273084,11802626.3362134,18812975.5787696,8355007.77057171,21913874.1828738,14160538.3171727,17179114.2692084,23536598.9213618,18457802.9658795,11250662.2656953,25029229.8720934,14974007.622798,42876411.4264119,5960160.06690982,14471531.8661082,5579934.41182849,10401880.2658546,14555553.1358693,11771449.5053983,8763371.60519297,7659564.89558131,26196704.9130376,41455495.9397735,42609678.7471284,16235421.4118629,19601098.6776878,22476140.7044274,28234157.9865567,6198292.55309951,21349579.028631,16362418.2598714,4695400.68317782,10557982.2907542,57455349.4356132,23042684.6745809,20587947.4938865,21626714.904878,17144458.4724393,31664746.4190432,24112068.9791038,19306730.7260678
142040.338952367,43864.1323393091,44423.5108432899,31776.0963878608,14661.9555855042,30458.967132942,46421.1505935928,22529.1243414078,90804.8487175673,64099.2396329022,123718.294430565,24576.4888477539,40457.1406181392,77018.9452790527,193531.661606731,68976.4575616142,39554.573805432,75229.3662678112,46074.5987339168,60753.4869255614,168662.689700073,76620.579015199,118294.411445854,33555.91741683,82458.8660418242,12632.2888043871,31450.703482477,53445.9051417387,45583.6353831977,29016.2892802126,35818.9010275936,170626.934263984,199173.956885705,194480.253131373,48493.014732308,116646.299982868,81276.766856422,140319.325451189,6896.92695342375,85164.6724215595,38232.0024110695,12091.9411054601,18792.1031620098,91245.976428725,106771.07838544,93753.8254081386,83724.5320130294,112152.319247007,126523.87157522,33776.6312936248,75777.8355742799
2203.31861054691,958.663709449745,2296.07240935361,1671.31352770431,1388.92474313634,1050.2089212716,1324.00177689144,2237.48673115124,1496.82502024059,668.399138650641,387.238174695677,1293.27151002698,439.298310980798,988.818053906452,2818.20522787661,1162.61234681875,3162.27746111707,1903.04453151218,2160.35445085165,2605.74159238858,2515.39004658429,1569.41252533251,739.54189500593,2330.31514210025,903.956620315356,2008.6643974372,3324.13904736182,681.509418236298,1704.18520987594,3713.19428057034,4065.22464414898,2635.34464239334,105.812429277684,1332.46936071462,1456.06479656941,2092.94490142968,1116.98235070312,3907.62759197946,1770.10877215487,794.471686949372,3226.34758853787,957.509215394465,2214.76551655722,1727.41339845271,4315.16741813665,2649.49652044299,2274.39643419492,1567.77719722005,933.647403737316,306.846738211428,1217.4064115045
2199.55738680062,956.703632574092,2292.87866246153,1667.55149003416,1386.77644616089,1048.70897486486,1322.50046401265,2233.79663685678,1495.14782749388,666.569689753756,385.270535604224,1291.93784735437,438.419062101771,987.689233558923,2813.38598529558,1160.03311073138,3158.99424760883,1899.53122207662,2156.54718241996,2601.08010197515,2509.41371515083,1568.19121430981,732.3066324066,2328.71724613926,902.678279003708,2002.54548580154,3319.25512990384,680.490673999748,1702.03716341589,3709.51170017793,4061.89324225052,2628.20864843804,100.939725813875,1329.31041201477,1452.52997509308,2087.13427325741,1115.18127038026,3899.44602319338,1766.89747877835,791.15901087898,3223.45405924968,956.198411996172,2211.78563201176,1724.7576030701,4311.16405031395,2645.06665830735,2271.34987714889,1564.61649880145,931.885284998147,305.907376794856,1215.76526761256
7.69163193581335e-06,2.76506284535571e-09,9.10361990236197e-08,1.22142296277161e-10,4.88809348553332e-09,1.4740123788215e-08,1.72859600411357e-07,2.63185029325541e-09,1.02259278378369e-06,4.42241798737086e-08,1.97410315649904e-07,9.29432815155451e-08,1.26989306181713e-07,8.532310857845e-09,2.01604520100318e-06,3.29399796328289e-08,8.69420091476059e-09,2.3556054884466e-09,3.59662664095595e-08,9.97886218101485e-09,1.45209440916005e-07,4.57053914715289e-08,3.58689817403501e-07,4.24677608634738e-08,2.19161222503317e-08,9.76186242951371e-10,1.55952903924117e-08,3.60336827043284e-08,9.35904097332241e-07,1.69629096546942e-06,2.18190479017721e-08,1.20225971187438e-05,2.51819045615775e-08,1.74930363527892e-08,1.97009782709756e-07,2.3146616001668e-07,4.3662510051945e-08,4.63700615682683e-08,1.28717658753885e-09,8.20301863768691e-07,4.0894441610817e-07,7.81193421062198e-09,3.65861438922366e-08,8.26686630261975e-09,9.4188692401076e-09,2.524041065044e-08,8.41488656533329e-09,1.65215396918938e-09,8.33657054499781e-09,6.38549124687415e-09,2.28544649871765e-09
0,0,0,0,0,0,0,0,0,0,0,0,0,0,0,0,1.4210854715202e-14,0,0,0,0,0,0,0,0,0,0,0,0,0,0,0,0,0,1.4210854715202e-14,0,0,0,0,0,0,0,0,0,0,0,0,0,0,0,0
0,0,0,0,0,0,0,0,0,0,0,0,0,0,0,0,0,0,0,0,0,0,0,0,0,0,0,0,0,0,0,0,0,0,0,0,0,0,0,0,0,0,0,0,0,0,0,0,0,0,0
0,0,0,0,0,0,0,0,0,0,0,0,0,0,0,0,0,0,0,0,0,0,0,0,0,0,0,0,0,0,0,0,0,0,0,0,0,0,0,0,0,0,0,0,0,0,0,0,0,0,0
0,0,0,0,0,0,0,0,0,0,0,0,0,0,0,0,0,0,0,0,0,0,0,0,0,0,0,0,0,0,0,0,0,0,0,0,0,0,0,0,0,0,0,0,0,0,0,0,0,0,0
0,0,0,0,0,0,0,0,0,0,0,0,0,0,0,0,0,0,0,0,0,0,0,0,0,0,0,0,0,0,0,0,0,0,0,0,0,0,0,0,0,0,0,0,0,0,0,0,0,0,0
0,0,0,0,0,0,0,0,0,0,0,0,0,0,0,0,0,0,0,0,0,0,0,0,0,0,0,0,0,0,0,0,0,0,0,0,0,0,0,0,0,0,0,0,0,0,0,0,0,0,0
0,0,0,0,0,0,0,0,0,0,0,0,0,0,0,0,0,0,0,0,0,0,0,0,0,0,0,0,0,0,0,0,0,0,0,0,0,0,0,0,0,0,0,0,0,0,0,0,0,0,0
0,0,0,0,0,0,0,0,0,0,0,0,0,0,0,0,0,0,0,0,0,0,0,0,0,0,0,0,0,0,0,0,0,0,0,0,0,0,0,0,0,0,0,0,0,0,0,0,0,0,0
