10355.120135097,13149.3292970789,6952.4680632864,15321.8910014072,7202.02167023745,16253.8065001452,16922.0983077065,7997.05782048546,9653.2367141014,8232.60980724143,15734.2938398515,13124.4003810411,13521.5434278558,6544.54036787011,11994.7450943371,15562.852570917,15239.4130283526,12893.7079391833,11748.9193582917,16785.5959285728,11173.0126355702,11253.2747709855,14087.8766394941,6416.82169573904,14024.3225343208,12886.6818753904,17454.8547561603,10044.5016475857,8902.96809053205,16285.3675836021,10705.5317064208,16737.8408684167,10044.0394699664,16402.3781619156,15737.2801492006,14890.9776308949,6915.52772020693,16431.7275419213,14603.80678638,16108.0620282686,14770.0205176974,9825.4931751801,15023.5188149041,14502.8812004874,16844.7004505704,15125.1941342589,9489.18863469744,16550.7508118343,15882.1614745969,13255.3724696348,12223.5660294754
1818.96586015892,3375.99565407618,250.333643437783,1715.05230794448,1699.25364389168,8786.76809344287,3906.87065226213,1825.84771162376,671.57379555672,1436.88261831806,4950.42748655806,6411.08119259528,2559.53281075406,622.257970014564,3925.07373305937,8645.54867742176,5895.27236011236,1432.40679297127,4724.68759938513,7583.5660675188,1120.0026338898,1267.25469339797,2948.82133929265,994.945146183405,3854.90485439267,2949.57107329447,6486.01545797251,2695.55568165111,546.053397419365,7680.57020365462,544.176957278101,10939.4783962773,823.604854656988,5119.64362153655,5164.61101175767,6494.02106176392,346.761313661993,6485.91949882745,7955.97952386124,6668.43928412159,7528.08789367367,443.182555061808,3940.4093981738,6116.40412257039,3750.89139688264,7768.51216325089,2095.83555097055,4872.87940961392,10965.0107512184,3612.81527527825,2528.62631917908
192.511667990927,968.81690844975,0.279316379470117,79.4292138839197,4.41805632005799,3692.52646513231,762.64779333537,35.6765329694325,3.96831400870042,0.215870023769526,720.163403986195,2066.05599468885,240.720775260415,1.10204568646787,442.119583097947,2809.83563549295,1718.40312505246,2.17190958155129,385.519153161872,2939.65536752761,0.0919814639518108,1.96701170684082,18.5690224087786,1.19353989794769,895.175556837095,32.6169953561744,2218.979595055,88.5820291058653,1.18911628147407,3096.21520860324,2.00872689420976,5392.96656848732,1.61535090114836,2513.40807053817,1194.81672374971,1503.54590032808,0.0936708090225125,2563.76522818989,4319.72207581306,1179.2619707371,3748.76739388973,3.97404163801247,1047.03840776649,368.5017948128,802.307396462,3741.99175915888,5.01523273405144,1303.12116445076,6009.49113988978,927.402001902611,391.408256427266
3.4652439637739e-05,0.13096775840944,2.19699813897023e-10,0.0145936651034049,1.17784111353103e-08,0.0972989620537419,0.0464392950406136,6.10783104093571e-08,5.2351651902427e-09,9.86233317235019e-11,0.126020341114611,0.0720703252854946,0.00094472399530332,1.96774863070459e-09,0.000785098379651572,0.447063039611749,3.21981644869737,5.74345904169604e-10,0.00422461090619208,150.318495759933,4.68389771413058e-11,3.65139385394286e-09,1.73113079426912e-06,4.27291979576694e-10,0.325866278313981,5.08863990944519e-08,4.33580570635968,3.20009200436289e-05,7.69716734794201e-10,0.209994876206849,6.15216322330525e-10,194.323682574771,1.45519152283669e-10,0.923729436662768,0.28580227841951,0.0318784162967063,3.7005065678386e-11,35.9999196554766,14.6401735671634,0.0183183415120993,25.448101091691,2.50776110988227e-09,0.0558423843930314,0.00222672908984123,0.0746299924282425,57.839382573122,6.71559519105358e-09,8.78949569730673,38.0035799833757,0.34892492673373,0.000187585457581463
0,0,0,0,0,0,0,0,0,0,0,0,0,0,0,1.25055521493778e-12,2.8421709430404e-13,0,0,9.82919345915434e-09,0,0,0,0,0,0,3.33102434524335e-11,0,0,5.6843418860808e-14,0,2.24072209675796e-08,0,0,0,0,0,2.8421709430404e-11,3.18323145620525e-12,0,2.92743607133161e-11,0,0,0,0,1.17779563879594e-10,0,2.38742359215394e-12,1.08713038571295e-09,5.6843418860808e-14,0
0,0,0,0,0,0,0,0,0,0,0,0,0,0,0,0,0,0,0,0,0,0,0,0,0,0,0,0,0,0,0,0,0,0,0,0,0,0,0,0,0,0,0,0,0,0,0,0,0,0,0
0,0,0,0,0,0,0,0,0,0,0,0,0,0,0,0,0,0,0,0,0,0,0,0,0,0,0,0,0,0,0,0,0,0,0,0,0,0,0,0,0,0,0,0,0,0,0,0,0,0,0
0,0,0,0,0,0,0,0,0,0,0,0,0,0,0,0,0,0,0,0,0,0,0,0,0,0,0,0,0,0,0,0,0,0,0,0,0,0,0,0,0,0,0,0,0,0,0,0,0,0,0
0,0,0,0,0,0,0,0,0,0,0,0,0,0,0,0,0,0,0,0,0,0,0,0,0,0,0,0,0,0,0,0,0,0,0,0,0,0,0,0,0,0,0,0,0,0,0,0,0,0,0
0,0,0,0,0,0,0,0,0,0,0,0,0,0,0,0,0,0,0,0,0,0,0,0,0,0,0,0,0,0,0,0,0,0,0,0,0,0,0,0,0,0,0,0,0,0,0,0,0,0,0
0,0,0,0,0,0,0,0,0,0,0,0,0,0,0,0,0,0,0,0,0,0,0,0,0,0,0,0,0,0,0,0,0,0,0,0,0,0,0,0,0,0,0,0,0,0,0,0,0,0,0
0,0,0,0,0,0,0,0,0,0,0,0,0,0,0,0,0,0,0,0,0,0,0,0,0,0,0,0,0,0,0,0,0,0,0,0,0,0,0,0,0,0,0,0,0,0,0,0,0,0,0
0,0,0,0,0,0,0,0,0,0,0,0,0,0,0,0,0,0,0,0,0,0,0,0,0,0,0,0,0,0,0,0,0,0,0,0,0,0,0,0,0,0,0,0,0,0,0,0,0,0,0
0,0,0,0,0,0,0,0,0,0,0,0,0,0,0,0,0,0,0,0,0,0,0,0,0,0,0,0,0,0,0,0,0,0,0,0,0,0,0,0,0,0,0,0,0,0,0,0,0,0,0
