90290.8762089783,91839.5742276767,89715.2928027972,87744.247124569,92024.0841848083,90494.1442392415,91582.6531375737,91682.0737117379,92063.6451249892,91166.592477155,92162.6766490835,90723.00715908,91613.9346559356,91123.4280288844,91225.5999336931,91372.4529582791,91029.7117723691,91471.466524701,90426.7869794713,91804.7734910305,91261.0662449994,90214.9696084702,91278.586468135,92009.7525604804,90725.8676428049,90731.9434883042,91639.9339440336,91897.6555549108,91590.2585996825,90811.4703496615,91582.4535404998,91013.4935624406,92391.6623527491,91256.4266733243,91177.8401188677,90843.4101813291,90217.7651033194,91516.5933988276,91543.6962059506,90299.6390875804,90895.2111586752,90874.7505541193,90378.2291146612,91076.9278435349,91134.98526186,88183.403466854,91594.3192148498,91933.4455008213,91575.0576436397,89854.5960329613,91475.4529919918
63006.5162331368,74332.9501372711,77940.5068418802,81200.4498176276,68752.3975558859,71737.143737858,74271.2997536378,72999.3098945801,77031.5038148156,76779.3417806027,77009.55518813,73248.7122424562,70644.6885128043,74402.2000300183,75682.9818030803,73535.800431248,69874.3522053006,77775.7569667418,71322.3323622301,69125.9956526895,73491.7108201544,75158.5589225493,75395.1454167813,74827.2582872518,66146.7446751618,62637.520559873,72492.7937078206,73826.1943803733,70660.4729161139,70794.4239780832,73478.093994549,70791.9550357323,77389.1427513731,77189.0672584544,71706.2951338125,56451.0981747238,70771.6171284857,69506.4969963754,80526.133337025,67756.6474378,75372.9561879697,70858.1837049083,71803.1510062723,67230.7114380495,77845.2237579851,71492.8816636336,73080.6907078252,70873.1839520101,71702.6451100824,58761.8566124288,65981.9054638285
34653.7385675852,40786.584468934,30165.3009050993,38081.7896062683,31483.6510333429,34810.4168797191,44378.4708652063,34820.3499389265,37090.3047843738,35497.2017393616,33644.9083939654,31690.5871656958,30240.3152051842,33146.8844898395,36289.996073938,30209.7053021959,32021.48906297,30476.8355447409,30500.6458349761,30696.109784911,39964.2125639515,36987.1130944824,32249.9501072207,38536.4222290437,32116.0024833618,29974.9603685125,34319.4066350829,29472.9809763405,35073.6482659563,38987.4038108326,28905.8602271314,18923.2133544001,28535.949192124,31219.9814277921,22381.1083576782,18356.9805279673,36004.5210940535,30855.0381400109,28488.1740738625,30796.5327637543,26307.8084604262,34820.6597054157,28684.1070531782,33107.5620617493,43537.951899179,37287.169949743,30359.2166981243,30720.7451926373,26315.9409580196,26467.0513945879,22872.4322278213
9267.70134225915,10721.4199336964,7593.29483713202,10261.108801087,7866.1730068278,8527.28443493254,9369.67906262014,8246.19905334832,12585.5816506143,13122.6023372409,12976.8584679893,9642.52094834435,9009.7946443445,13434.5075701341,10453.1949004223,8695.42560533003,7184.42786359571,10431.0813739562,8341.63714643818,10484.3064898379,11547.6200901913,10272.5773766864,8505.13900596383,15124.9835186867,6968.35525548003,8451.76854988546,9502.02315599741,12451.6846738415,11092.4467887098,8672.9837767195,9209.30796295303,5711.32572623852,6572.27601706907,10044.9937471813,5784.62719409693,2192.06762219002,9660.81993663212,10444.3407902135,5515.75855296809,7902.21170361479,8763.49008285608,9810.82456913625,6574.69503592387,9421.65022714978,14113.5396965433,9869.60125406622,6487.80020557002,9202.05564982887,6648.13222658349,9065.2395311956,3776.12727692961
0.0561956306668208,0.00577378036808796,0.0237719568927446,0.0157256038817195,0.00364106321387681,0.135260969796207,0.0212990340530155,0.0285709797728373,0.235990913825276,0.14593225707597,0.0181917249705634,0.0978903356768797,0.104831871945919,0.136470306596323,0.244057895190167,0.0835113653320718,0.0405658164062856,0.0213364857418696,0.507341907709474,0.0480576570659537,0.218422284312226,0.514135094432106,0.109315356639001,0.259299401724604,0.0107422307547154,0.0411434426381447,0.0208435003428349,0.113846724242535,0.126297659233785,0.439763841964577,0.0572134494879606,0.00811129990995596,0.0294223612769429,0.0377963323206814,0.0301582017285114,0.0100790568543516,0.066358734416724,0.0703672596721958,0.0033893694226208,0.0242340083677846,0.077807973094707,0.0719608050993656,0.0456706222362868,0.0425377005427663,0.24523016391862,0.0902473959881718,0.044172336294821,0.0425110944841549,0.0439054180232574,0.388566441449086,0.0194883364061411
0,0,0,0,5.6843418860808e-14,5.6843418860808e-14,0,0,0,5.6843418860808e-14,5.6843418860808e-14,5.6843418860808e-14,0,0,0,5.6843418860808e-14,0,0,0,0,0,5.6843418860808e-14,0,5.6843418860808e-14,0,5.6843418860808e-14,0,5.6843418860808e-14,0,0,0,0,0,0,0,0,0,0,0,5.6843418860808e-14,0,5.6843418860808e-14,0,0,0,0,0,5.6843418860808e-14,0,0,0
0,0,0,0,0,0,0,0,0,0,0,0,0,0,0,0,0,0,0,0,0,0,0,0,0,0,0,0,0,0,0,0,0,0,0,0,0,0,0,0,0,0,0,0,0,0,0,5.6843418860808e-14,0,0,0
0,0,0,0,0,0,0,0,0,0,0,0,0,0,0,0,0,0,0,0,0,0,0,0,0,0,0,0,0,0,0,0,0,0,0,0,0,0,0,0,0,0,0,0,0,0,0,0,0,0,0
0,0,0,0,0,0,0,0,0,0,0,0,0,0,0,0,0,0,0,0,0,0,0,0,0,0,0,0,0,0,0,0,0,0,0,0,0,0,0,0,0,0,0,0,0,0,0,0,0,0,0
0,0,0,0,0,0,0,0,0,0,0,0,0,0,0,0,0,0,0,0,0,0,0,0,0,0,0,0,0,0,0,0,0,0,0,0,0,0,0,0,0,0,0,0,0,0,0,0,0,0,0
0,0,0,0,0,0,0,0,0,0,0,0,0,0,0,0,0,0,0,0,0,0,0,0,0,0,0,0,0,0,0,0,0,0,0,0,0,0,0,0,0,0,0,0,0,0,0,0,0,0,0
0,0,0,0,0,0,0,0,0,0,0,0,0,0,0,0,0,0,0,0,0,0,0,0,0,0,0,0,0,0,0,0,0,0,0,0,0,0,0,0,0,0,0,0,0,0,0,0,0,0,0
0,0,0,0,0,0,0,0,0,0,0,0,0,0,0,0,0,0,0,0,0,0,0,0,0,0,0,0,0,0,0,0,0,0,0,0,0,0,0,0,0,0,0,0,0,0,0,0,0,0,0
0,0,0,0,0,0,0,0,0,0,0,0,0,0,0,0,0,0,0,0,0,0,0,0,0,0,0,0,0,0,0,0,0,0,0,0,0,0,0,0,0,0,0,0,0,0,0,0,0,0,0
