114097190.734078,240013928.853206,209050091.372285,316021805.176798,30640308.5911797,301804261.043497,354480688.838075,74577604.9244642,116990221.99198,219957860.03076,166838685.80872,66257597.6019845,437189174.76318,204419420.691561,215100390.768516,41176596.1912513,70417261.6786678,315067784.107536,141808224.88048,91442099.6101859,88366264.7630095,215215511.71364,340292903.71957,106020330.378753,64648206.1898255,226144765.54989,370598864.164232,59719394.8593498,79856198.7501049,95326894.0436462,155336796.684211,309498090.238996,262597529.047622,18329846.6362322,245025063.047148,173595199.412475,212584969.819102,479719189.610712,133815876.617532,80442764.0676485,168866350.717812,129621562.948642,111777209.07598,70017953.4897949,119150513.331926,131642632.720511,420384108.571551,146310830.811303,188167143.879574,252291338.841007,79357476.6190889
1965005.95774824,3711898.12122003,1116459.90547395,1452307.69488686,3649423.99748337,7633776.81154825,8358878.114991,2909709.78088442,4168874.79164277,5460730.2120258,3531392.55518053,7054093.82833357,6919471.2268211,1984701.20345094,2058222.07066708,4010294.64704731,3618495.4114363,3850094.02163861,2687268.44002061,5331583.41376326,3044686.11966245,7847931.19023082,6645192.62819566,4663697.69612975,5093800.58274295,7680492.91666098,4571534.9830894,4346108.8703117,2863019.38335373,8829588.51573707,4071501.42758941,4833653.14800469,5217910.22167664,8290714.41038855,7344467.33359543,7189944.34533243,5891773.12252516,3582740.17719511,8703246.48309484,3985267.46417108,8992668.78613759,2837605.02264319,2617937.55657805,4316333.85298605,3283648.02664058,6191688.54442504,4932316.42360698,1993000.90855841,3175072.04479641,6448824.04788414,5448390.41116257
148597.081197837,103286.46974961,69593.3126719685,309092.997344007,251286.392709115,180878.23943157,260106.634965895,197039.12087732,399726.849552289,289762.55107192,152335.096962918,97848.3011985059,329541.140389872,216260.939349863,141016.70781257,171089.817911102,154545.371920427,168612.595165241,66635.9945186465,172404.521920196,270972.362322778,301095.452914961,168720.095121789,36010.2434850398,94789.3723482729,198685.419316343,318141.174320597,206824.001873663,351018.520810415,266996.677615081,159283.009180987,169531.317855257,194850.136661857,154938.75657395,240807.892150495,161628.848526459,208268.562932853,175477.627602511,129595.643198917,301213.655828881,214811.280619967,131859.218185706,320182.697350874,245785.191295884,163309.964418483,238740.817868836,423746.628632349,163258.662916434,113634.283321,282105.308887693,109920.087369501
478.367499440817,1020.12081696461,337.455770113865,1673.0047424115,1827.06307755067,563.068426060364,1211.92027299147,988.885142654321,578.780809663024,1759.8722727883,325.205228640845,2095.24623530146,428.826258812824,1067.8579324095,253.963450677292,2894.40797283785,1621.53796195861,425.548373635483,565.683665591275,708.999873913877,1423.4048486293,1555.35042339994,1154.73930385662,1231.1622914531,483.709213780547,1481.69198070282,441.021312406441,405.559123507809,665.239428754807,260.442037252847,1605.04893765598,3725.90684635506,3978.00308674692,373.862536275092,470.562573028941,497.735807628261,636.288610031701,279.701703934298,455.052732433093,254.091916499316,1536.04834917476,684.958268982972,508.417252450332,394.666088312497,262.369241603668,310.164956115892,745.267066634956,958.363262660146,2598.88583411267,944.085220917437,945.156201659264
0.00938388821165859,0.0419054845260547,0.0313211571203027,0.0233991501498707,0.170070716352257,0.0159621393664935,0.0689019540592142,0.00660545872155183,0.0302965371638777,0.354706085397154,0.000169799323543884,0.0148428442478377,0.00586435566583532,0.0556258892164436,0.00653040258704607,0.0141370866214316,0.066779674384577,0.00100906425446112,0.0109282681874419,0.0107727942488793,0.207716311442908,0.049810240668549,0.149062031375934,0.0258537693736969,0.0549298348373952,0.0620294452661199,0.00111253750071683,0.000790687479522489,0.00402138808043162,0.028505057087628,0.0396383901689603,0.263926517215438,0.129048941513688,0.00771828867620172,0.0192848950237874,0.00251738663990864,0.00574453760687277,0.00758881089510055,0.00623461761517774,0.00340734479736682,0.0121746145190968,0.0014238847353738,0.00497163382325994,0.00159928157573574,0.00773733612963667,0.00133884420402808,1.37970596510326,0.0513132740234425,0.0584983959688827,0.0320185294998367,0.00498094840398267
0,0,0,0,0,0,0,0,0,0,0,0,0,0,0,0,0,0,0,0,1.4210854715202e-14,0,0,0,0,0,0,0,0,0,0,1.4210854715202e-14,0,0,0,0,0,0,0,0,0,0,0,0,0,0,1.4210854715202e-14,0,0,0,0
0,0,0,0,0,0,0,0,0,0,0,0,0,0,0,0,0,0,0,0,0,0,0,0,0,0,0,0,0,0,0,0,0,0,0,0,0,0,0,0,0,0,0,0,0,0,0,0,0,0,0
0,0,0,0,0,0,0,0,0,0,0,0,0,0,0,0,0,0,0,0,0,0,0,0,0,0,0,0,0,0,0,0,0,0,0,0,0,0,0,0,0,0,0,0,0,0,0,0,0,0,0
0,0,0,0,0,0,0,0,0,0,0,0,0,0,0,0,0,0,0,0,0,0,0,0,0,0,0,0,0,0,0,0,0,0,0,0,0,0,0,0,0,0,0,0,0,0,0,0,0,0,0
0,0,0,0,0,0,0,0,0,0,0,0,0,0,0,0,0,0,0,0,0,0,0,0,0,0,0,0,0,0,0,0,0,0,0,0,0,0,0,0,0,0,0,0,0,0,0,0,0,0,0
0,0,0,0,0,0,0,0,0,0,0,0,0,0,0,0,0,0,0,0,0,0,0,0,0,0,0,0,0,0,0,0,0,0,0,0,0,0,0,0,0,0,0,0,0,0,0,0,0,0,0
0,0,0,0,0,0,0,0,0,0,0,0,0,0,0,0,0,0,0,0,0,0,0,0,0,0,0,0,0,0,0,0,0,0,0,0,0,0,0,0,0,0,0,0,0,0,0,0,0,0,0
0,0,0,0,0,0,0,0,0,0,0,0,0,0,0,0,0,0,0,0,0,0,0,0,0,0,0,0,0,0,0,0,0,0,0,0,0,0,0,0,0,0,0,0,0,0,0,0,0,0,0
0,0,0,0,0,0,0,0,0,0,0,0,0,0,0,0,0,0,0,0,0,0,0,0,0,0,0,0,0,0,0,0,0,0,0,0,0,0,0,0,0,0,0,0,0,0,0,0,0,0,0
