17188.0008978264,16704.264765693,13897.1837130061,13178.3924653652,17390.1703395038,15998.7661724634,10353.4724958409,12522.9710186663,15274.4887339114,16912.4012338507,12780.2357646703,5301.57883830541,16707.3679585536,8752.17783591149,14007.4133077042,10485.7692949828,11968.570439773,17205.0808059905,18134.1610569199,9218.58150400933,16552.1951200081,16803.1729208826,15320.4157021893,13325.0682362407,10055.5117752872,17459.7282670552,8890.6821503018,16093.6566713509,17676.3010099297,15174.7886969218,10098.7525098977,14415.5855376465,10962.2355698666,16881.7122007675,15738.5091468618,5559.720041364,6130.32117861229,14467.8061462889,14851.2550675454,16365.4145914749,15691.1766959423,17608.2165162945,13996.9285071973,13954.5182116497,14717.1909481023,12481.5501769205,16261.6659777634,17282.8061547024,16254.4521828113,16315.0014251991,16612.5442921214
8489.39804842415,8884.1504647245,6273.34838386868,4102.20716885976,10033.2897323694,7718.41165985553,480.804315520761,4896.70760522807,4673.17434668787,8818.0933042423,1750.45889510797,343.560006083072,9635.5501460071,777.490381436505,3732.4827327876,1980.96989588567,690.956669027602,9710.22964885748,13008.8868661856,629.242095434737,7899.52074802552,7603.18922147583,6748.04215303033,5153.99165540117,351.97886482392,12549.1440954918,877.818047643522,8043.79350223046,11230.3554187259,4652.40729508467,1493.65044285129,6492.09931541307,2038.99580642814,6451.38739921087,2748.3908322977,105.915085814403,312.158433247475,2900.42938189727,5439.28420946453,10520.9959009546,5582.08983439038,10395.8447494035,4883.56913902696,4200.11459510024,6967.01592610129,2212.04210167931,8656.91441812128,9842.59878748375,6312.23275053892,7142.17929182416,8722.03182186783
1933.90595368596,4160.91462566635,258.847908542819,538.829070859001,4362.38538452176,1582.9988542282,7.43172498265739,569.491235712504,1073.92536929683,4081.01153384507,37.6857263196069,1.31602955605121,5530.52137274898,2.58424064125904,336.623009134313,106.334768163972,5.30353345680334,3513.65611648213,6597.24589418885,7.07049474801602,2061.7673021363,2561.79533303101,2433.60889779515,498.191186676674,1.97887605014273,5137.0370335624,4.15950757990618,3242.38463080704,6327.78408950305,700.065246162848,80.051540672261,1370.52599321855,56.21163954409,1399.45500367765,1437.34022839445,1.4906501253023,0.902393106902991,99.1126965399542,633.523746052515,3932.7396058857,1022.19962101674,4531.6685148599,522.070595462081,267.623906596125,2438.79380992379,73.9615200373543,3372.2436493081,3331.39598479077,3153.35777492994,2732.44300422344,4290.19418544541
10.6927814267432,77.2073925538062,0.207699699466843,0.593373546980843,86.315009894702,7.85347085879852,0.0082964507649308,0.211939160751911,2.28354223364056,71.7732318134352,0.103937361782016,0.00294380426947782,169.339647229342,0.00756650946829041,0.331097584484098,0.020457072295585,0.00277041260102351,256.445474297585,286.77136186116,0.0100265420566643,1.9053977286228,5.86325371229515,18.5315360280156,1.04436536075087,0.00782229451601779,276.417458079009,0.00914271117090948,47.8142941798405,201.229065218814,0.629631615889423,0.0761083410114338,3.54585163894905,0.0482260337300886,5.50019595973225,1.72013902088509,0.00192390912474139,0.00255858547160415,0.511119528337076,0.491080497371684,209.335025964459,1.75148124174927,30.197072864367,1.06817442588107,0.37895804347221,3.53164198686335,0.104092636492965,209.012586313169,57.9944654908828,19.1645721257727,13.2482170165511,18.2306392089916
0.000163978993953151,0.00382927964790269,8.69203518050199e-07,5.7786623415268e-06,0.00187468452696748,0.000174791088738857,3.93708887713728e-09,3.29225053974369e-06,0.000129901011860056,0.00821654964505569,1.85188127943547e-07,4.05350419896422e-10,0.00589972780500148,3.92276433558436e-10,2.9210777370281e-06,1.54910821947851e-08,7.79266429162817e-10,0.0164771890007387,0.0212431591328368,3.50204913956986e-08,0.000182461815256829,0.000633910952274164,0.000311999149801068,1.93047982293137e-05,4.28315161116188e-10,0.020782863305044,1.42040335049387e-09,0.00217931547211947,0.0460757657392037,4.62129941070089e-06,4.93163838655164e-08,0.000113474900047095,9.07426169760583e-08,0.000303905793430204,0.000276102841667125,4.78337369713699e-10,2.62161847786047e-10,1.08882242102482e-05,3.81739261570146e-05,0.0198975301441351,0.000187397734350725,0.000948127152355482,1.37425780621925e-05,4.79042739698343e-06,0.00043549109631158,1.58567377184227e-06,0.0533133535241177,0.0017972878464434,0.00208561324944867,0.00124807760545309,0.00561204654752601
3.41060513164848e-13,9.71169811236905e-10,0,0,3.55043994204607e-10,5.6843418860808e-13,0,0,5.6843418860808e-13,1.93381310964469e-09,0,0,6.12146777712042e-10,0,0,0,0,5.78671688344912e-09,5.34095079274266e-09,0,1.70530256582424e-13,5.57065504835919e-12,6.82121026329696e-13,0,0,9.19902731766342e-09,0,3.04964942188235e-10,6.19421598457848e-08,0,0,8.5265128291212e-13,0,3.35376171278767e-12,1.08002495835535e-12,0,0,0,5.6843418860808e-14,3.00138935926952e-09,1.36424205265939e-12,3.35376171278767e-12,0,0,5.11590769747272e-12,0,3.00147462439782e-08,3.00076408166206e-10,1.38697942020372e-10,4.32578417530749e-11,4.90729235025356e-10
0,0,0,0,0,0,0,0,0,0,0,0,0,0,0,0,0,0,0,0,0,0,0,0,0,0,0,0,0,0,0,0,0,0,0,0,0,0,0,0,0,0,0,0,0,0,5.6843418860808e-14,0,0,0,0
0,0,0,0,0,0,0,0,0,0,0,0,0,0,0,0,0,0,0,0,0,0,0,0,0,0,0,0,0,0,0,0,0,0,0,0,0,0,0,0,0,0,0,0,0,0,0,0,0,0,0
0,0,0,0,0,0,0,0,0,0,0,0,0,0,0,0,0,0,0,0,0,0,0,0,0,0,0,0,0,0,0,0,0,0,0,0,0,0,0,0,0,0,0,0,0,0,0,0,0,0,0
0,0,0,0,0,0,0,0,0,0,0,0,0,0,0,0,0,0,0,0,0,0,0,0,0,0,0,0,0,0,0,0,0,0,0,0,0,0,0,0,0,0,0,0,0,0,0,0,0,0,0
0,0,0,0,0,0,0,0,0,0,0,0,0,0,0,0,0,0,0,0,0,0,0,0,0,0,0,0,0,0,0,0,0,0,0,0,0,0,0,0,0,0,0,0,0,0,0,0,0,0,0
0,0,0,0,0,0,0,0,0,0,0,0,0,0,0,0,0,0,0,0,0,0,0,0,0,0,0,0,0,0,0,0,0,0,0,0,0,0,0,0,0,0,0,0,0,0,0,0,0,0,0
0,0,0,0,0,0,0,0,0,0,0,0,0,0,0,0,0,0,0,0,0,0,0,0,0,0,0,0,0,0,0,0,0,0,0,0,0,0,0,0,0,0,0,0,0,0,0,0,0,0,0
0,0,0,0,0,0,0,0,0,0,0,0,0,0,0,0,0,0,0,0,0,0,0,0,0,0,0,0,0,0,0,0,0,0,0,0,0,0,0,0,0,0,0,0,0,0,0,0,0,0,0
