5886.20752438484,16365.4558189785,14872.4119950819,13187.902058579,17294.2892804555,6143.68830484428,10140.2147537823,12967.017462415,3909.90053006155,12873.4929023765,11345.8882778889,4813.88096951139,17747.2069404039,7706.76293547968,6900.5015833105,17771.5402307979,17886.8399410836,3367.09704671352,16536.4076166441,4358.61670111622,14547.2636177919,12602.8303868645,13815.7427092978,5059.21581221766,17482.8085949655,16566.4103585395,17952.1057144617,16166.4622546667,7677.02796194586,15877.2970675785,11047.7957997185,16828.1783972018,17018.0832414071,14789.4442675094,10498.3906758754,12757.9380569027,10298.3806410435,5991.73307951875,8531.90086454359,6505.00402910265,14777.0720020152,8494.56276973248,16774.4267701328,8475.29848881853,12800.992864038,16309.3239159751,16798.0578728528,10525.9502672239,12250.6677205473,15336.0753023706,13298.3053880627
872.403941968842,6419.76144567048,6792.21468142104,7407.86938909583,7222.00314312057,1185.92587911777,3959.36479622077,3374.94015930451,1351.88087383909,4958.80401527069,4825.44133038595,1017.28802054422,5787.54723454939,992.396492537887,2853.95489915963,6725.5214825183,4551.91744032408,172.400101465922,8619.59647208648,1087.2513742299,2685.69121464742,1514.47311747164,3001.50573700718,745.893240176169,5028.40818205678,3558.68893991149,6105.84927243862,6045.24602450798,1255.89246530026,5267.92496910361,5910.89725693607,6692.10913202261,7895.7327884162,1649.44872132925,3785.87699539613,5348.27459915097,2111.72242362861,970.330022951337,2091.59037480188,797.018099477998,5167.01726854961,2600.35532292906,5973.37416449105,1324.06705116603,3753.97330717289,6905.19893290784,5568.43885152434,1899.75102013831,3994.34033734582,3351.52603711544,3459.77727772652
186.778314901438,1190.26493150869,1173.13687941983,1315.48193125906,1663.41968014017,88.2258121747656,685.858505747313,299.687886497878,148.974500424929,1525.73722065132,543.627658478909,25.9551523732922,2115.24010223621,318.797128598819,540.296631653298,1724.76753944436,1305.804972745,5.60944480768012,529.133533245392,145.327033002651,529.724441101505,669.478097448621,888.69700113407,27.2835622346617,1993.35820466372,1106.97594543651,2550.19033151776,2615.2772268296,343.192740130648,1071.24042110249,1229.65442373711,2216.35689303857,1366.91159801767,147.745416651126,532.985666027474,513.617098350887,176.042442225967,111.309232191387,593.71090397973,15.8218944998951,790.8215591886,242.574903396796,2947.63661347598,229.361108041811,434.601234479267,1479.61558322507,1262.28197563604,134.110426639486,442.618977431526,1067.83108094423,703.951216548587
0.97067036360869,113.093545672131,131.482682848711,53.7949661960156,161.354409515858,1.03892405798615,85.0479628404468,3.51780434086595,1.50617700698251,45.8863515360405,18.7590413512283,0.147645858890542,36.7753198922989,26.5916269389525,14.5121067781063,204.619240866376,57.447692501856,0.00219157434150929,8.45425816735769,1.64144184307344,32.5191963058448,21.5919169114735,33.8939281246973,0.122533184214944,389.479599049575,25.5116827036075,142.159527323143,47.9033984439649,2.81871572332352,18.4850174394795,104.475472447779,442.633100126515,197.48427602199,3.88877769913631,15.9858194333431,7.75652650643491,0.298273007685054,4.7806227639847,9.71937405811116,0.0353311988160954,57.098322662782,1.43207112668745,212.50616847625,1.52179605285318,6.52106445585434,89.4099281838484,28.3619484697751,1.07135166948581,5.79693865989253,17.5829243862455,42.4236163044894
5.6843418860808e-14,0.000552607435452046,0.000105369687503298,0.060474106005131,0.0288510308675995,2.47637854045024e-06,0.2540748607978,0.000567980261109824,0,0.851746929520004,0.0686058477220399,5.6843418860808e-14,0.000829492550280975,4.71693195436274e-05,2.39387532019464e-08,1.3599489558419,0.0293400215460338,0,0.111466604345992,1.07697815110441e-08,1.33333754206433e-05,0.0131490754988022,2.56738513826349e-05,0,3.20005324018712,0.00312827909317548,0.928191403855351,0.00819923751782881,2.55795384873636e-12,0.00672137311750021,2.00130967751238,4.21968124961217,0.045975071025623,5.78859046527214e-05,0.00993409883938057,1.58602802002861e-08,5.40865130460588e-10,1.90746447970014e-07,0.00861020969250603,3.5242919693701e-12,0.00786368214983213,1.53477230924182e-12,0.00175191389934071,5.14458077987001e-05,1.86932965107189e-06,0.0635083529249414,0.000224041392527852,7.03569071447419e-07,0.000109755291305191,0.0398512927525303,0.227045910637685
0,0,0,0,0,0,0,0,0,0,0,0,0,0,0,0,0,0,0,0,0,0,0,0,0,0,0,0,0,0,0,1.36083144752774e-10,0,0,0,0,0,0,0,0,0,0,0,0,0,0,0,0,0,0,0
0,0,0,0,0,0,0,0,0,0,0,0,0,0,0,0,0,0,0,0,0,0,0,0,0,0,0,0,0,0,0,0,0,0,0,0,0,0,0,0,0,0,0,0,0,0,0,0,0,0,0
0,0,0,0,0,0,0,0,0,0,0,0,0,0,0,0,0,0,0,0,0,0,0,0,0,0,0,0,0,0,0,0,0,0,0,0,0,0,0,0,0,0,0,0,0,0,0,0,0,0,0
0,0,0,0,0,0,0,0,0,0,0,0,0,0,0,0,0,0,0,0,0,0,0,0,0,0,0,0,0,0,0,0,0,0,0,0,0,0,0,0,0,0,0,0,0,0,0,0,0,0,0
0,0,0,0,0,0,0,0,0,0,0,0,0,0,0,0,0,0,0,0,0,0,0,0,0,0,0,0,0,0,0,0,0,0,0,0,0,0,0,0,0,0,0,0,0,0,0,0,0,0,0
0,0,0,0,0,0,0,0,0,0,0,0,0,0,0,0,0,0,0,0,0,0,0,0,0,0,0,0,0,0,0,0,0,0,0,0,0,0,0,0,0,0,0,0,0,0,0,0,0,0,0
0,0,0,0,0,0,0,0,0,0,0,0,0,0,0,0,0,0,0,0,0,0,0,0,0,0,0,0,0,0,0,0,0,0,0,0,0,0,0,0,0,0,0,0,0,0,0,0,0,0,0
0,0,0,0,0,0,0,0,0,0,0,0,0,0,0,0,0,0,0,0,0,0,0,0,0,0,0,0,0,0,0,0,0,0,0,0,0,0,0,0,0,0,0,0,0,0,0,0,0,0,0
0,0,0,0,0,0,0,0,0,0,0,0,0,0,0,0,0,0,0,0,0,0,0,0,0,0,0,0,0,0,0,0,0,0,0,0,0,0,0,0,0,0,0,0,0,0,0,0,0,0,0
