0.000423731870292759
0.000303068155727503
0.000362505054661943
0.000349783732478371
0.000251413598882381
0.000281470619207411
0.000555904144857445
0.000333662563309796
0.000399654301555119
0.000923600111803298
0.000260004355304916
0.000438428530162528
0.00100274245327813
0.000183298218233731
0.000627942913724147
0.000364224870648919
0.000364177549236001
0.000485280523462462
0.0004165919714638
0.000455302406819006
0.000730869571352591
0.000475087081464809
0.00062173628273337
0.000270668020913546
0.000323366631177024
0.000690100220638247
0.000359322574788718
0.000899368346541513
0.000535457477722611
0.000467664359937483
