3.32729605342918e-21
3.4182236223211e-20
1.44786152072218e-20
1.71955881630847e-142
8.4199147581557e-21
5.2228922791397e-21
1.7935173306121e-147
1.72175700789215e-20
2.38054063849986e-20
6.40700755250891e-21
1.15880798697171e-20
3.4667593320313e-167
3.88304063854203e-148
1.23833796776331e-177
3.68993048010989e-20
9.65469438591167e-151
5.56348986648709e-163
5.74410529989624e-142
1.19291833868601e-20
1.92877613480682e-158
2.02634268580105e-20
9.58095076351519e-21
1.18899901167475e-157
1.44084604234977e-158
3.82110795456663e-165
8.55285461150083e-154
1.06367391414821e-20
5.08007849614297e-158
1.67658158615996e-147
1.00874311849129e-157
