0.000119566029574357
0.000491485150625426
0.000526476104122924
0.000820138617003553
0.000748846862840456
0.00056641594193034
0.000102036751430866
0.0198314242896522
0.000447984398644406
0.00015494683298714
0.000603478426131469
0.00069854259352329
0.000735545435819113
9.78593187859307e-05
0.0195328427903727
0.00104259136238972
5.14698177828502e-05
0.00188109738526323
0.000702919236108544
0.000434572845546621
0.000239696085657467
0.000194670915186638
0.00938070533441595
0.000375148932134672
0.000166723328076824
6.29199122334986e-05
3.95339643186581e-05
0.00011322771582513
0.000196468083630347
0.000235858234346242
