8.88178419700125e-15
8.88178419700125e-15
8.88178419700125e-15
8.88178419700125e-15
8.88178419700125e-15
8.88178419700125e-15
8.88178419700125e-15
8.88178419700125e-15
8.88178419700125e-15
1.77140127660726e-33
8.88178419700125e-15
8.88178419700125e-15
8.88178419700125e-15
8.88178419700125e-15
8.88178419700125e-15
8.88178419700125e-15
8.88178419700125e-15
8.88178419700125e-15
8.88178419700125e-15
8.88178419700125e-15
8.88178419700125e-15
8.88178419700125e-15
8.88178419700125e-15
8.88178419700125e-15
8.88178419700125e-15
8.88178419700125e-15
8.88178419700125e-15
8.88178419700125e-15
8.88178419700125e-15
1.25024188681085e-32
