2198.19040585722
2039.7075122401
2316.61759343893
2178.05274725943
2079.25953396858
2079.25953396858
2138.50072553095
2099.39719256637
2178.05274725943
2178.05274725943
2039.7075122401
2296.47993484115
2355.72112640351
2178.05274725943
2138.50072553095
2277.29444931419
2138.50072553095
2178.05274725943
2079.25953396858
2277.06557171045
2138.50072553095
2178.05274725943
2178.05274725943
2277.06557171045
2098.94870380246
2178.05274725943
2217.60476898792
2039.7075122401
2039.7075122401
2039.7075122401
2138.50072553095
2138.50072553095
2039.7075122401
2178.05274725943
2217.60476898792
2316.16910467503
2158.36357742556
2178.05274725943
2138.50072553095
2079.25953396858
2079.25953396858
2217.60476898792
2118.81155569707
2000.35494404168
2178.05274725943
2217.60476898792
2098.89350825945
2198.19040585722
2138.50072553095
2198.19040585722
2138.50072553095
