4652.15529920165
4711.89175912325
4652.31664528304
4652.09553304252
4652.43051857595
4712.23041581458
4712.09948268948
4651.97518926224
4712.0583587931
4712.20843938325
4653.99019829361
4711.93996460677
4711.85918129249
4712.67125443747
4712.00179464652
4651.96488695539
4711.95609007296
4651.96390772509
4712.09238981393
4652.77840172468
4652.28730359662
4712.12141432553
4711.85492184989
4712.51706375367
4652.33990781875
4711.8754949129
4652.09372030869
4652.11495810894
4712.05589327524
4715.53223837409
4711.87316086951
4711.89419205674
4711.8230550433
4652.14838967534
4651.9996431907
4712.16144170139
4652.08595131052
4652.02989328118
4712.09122017869
4712.05872517034
4651.9841075005
4652.18158782495
4652.16710581788
4652.32227742818
4652.06826905588
4712.0925971178
4651.93924693193
4712.23057333972
4652.76245624153
4652.26051221136
4712.33346754774
