41.7877412375374
14.9243505462277
41.7879257840971
44.7729200169642
33.5500638920259
39.5196709006459
21.889033673528
37.8082774659897
9.94956029858031
35.8182422902159
36.8129509898899
68.6513772484473
44.7726133709982
5.96974930474062
62.6813842705744
30.5650696591588
41.7879257840971
41.5097060764197
35.8183187754771
24.8737229345422
28.8536762245026
40.7927821804442
57.706594022927
18.9041615400674
29.5701106020656
10.666136972264
47.479082924335
37.8081553665834
33.8283443727437
49.7469518385333
25.868804091042
43.7778844746097
33.5499417926196
33.5500638920259
37.5298748858656
32.8335074150568
28.8536762245026
9.94958049529487
36.8132165062045
29.848635281596
57.428582449875
21.8889930972023
26.8636410487288
25.8688648640823
17.6308200995645
22.6055901504974
49.4691855850813
14.9243505462277
5.69134672461655
16.9142636225952
51.7368699527199
