140.47316884697
151.071255110358
139.358077220725
167.157937287674
146.59219677651
145.553963215471
80.1900057481409
134.974186600574
69.4506917314109
121.339245200739
129.489347834812
159.626662709206
90.8789884464525
90.1855841661629
115.72760936924
113.555027602731
106.358851809047
94.1429158394917
180.033542674985
72.0464653189551
62.5376017041201
80.6398399421012
71.8399635162975
85.5891017952406
154.357204344631
119.850583285633
89.6078618647073
66.0773421280805
141.831254429735
83.0051324174872
168.955733010509
65.4795807785338
142.916746503855
126.677185521123
147.59889899317
126.31182895965
91.6621816383054
130.635056799865
158.393487993596
132.519246020721
52.1774699948107
144.931457814382
148.734663060481
153.982904845272
76.6702357664699
90.0677663087536
146.995044420606
147.089477520016
136.211654514283
90.8277526764168
102.155226837497
