13988.841784986
13780.5030534745
21913.8209749477
26979.6398992201
19166.6658175227
9736.39641541367
25692.2058246188
18503.4125520582
16238.8925933646
13224.0623602339
9996.88132338159
75858.5407431844
17090.834747038
10951.7739303362
13438.8648542047
9518.41362369971
7872.47068641662
27592.3192057717
13311.2540342207
19073.9716263904
11489.3110810911
12704.6674529944
16818.6042472377
10380.5705560257
16823.1544269184
15315.8715332401
5679.79959813913
14266.7076564946
15503.9418985314
9165.276100778
12770.7306726865
14608.7653453453
11275.2728154633
10743.8400279268
12381.8269407554
14750.119907276
17116.7099019211
11963.2373717714
17397.7442459427
7713.59639005988
11253.2010313694
4123212.29772143
11811.3424521235
11939.1190731515
15683.2086425322
11926.0177434434
11784.4197888303
18778.2771873486
16407.0841662638
10307.4043551552
10957.0902216344
