2554.87793751698
2465.21870432068
4009.2504484825
2572.33111757729
2228.54304731057
2521.84393659282
2154.92606436284
3056.73102285864
2349.90295526627
2608.44669352974
2481.34382739086
1935.46974359549
2935.3956883308
2682.12212888697
2887.77620205926
3004.48192670878
1945.97107918014
2031.70086344318
3003.73055641662
2617.75692694152
2700.18883415436
2267.76239356294
2049.67242627381
2199.01656691368
2897.60641088266
3075.91414621515
2895.76415542255
3195.33793011207
2783.00251134372
2289.20300537337
2066.66635259756
2921.09284431988
2644.51168731839
1789.94148328303
3360.92367999362
1998.350611129
2682.8107761058
2696.23808790928
3250.2434434357
2111.32759849166
2886.44232240064
2702.61378920696
2696.37007004022
2677.60769634344
3645.65086557106
3604.87028812923
2063.95575437924
2418.37919257398
2029.94006414159
2604.62293484631
2775.18613732958
