131.46058451076
265.204250788834
239.288088776592
587.572318147173
235.985798908102
499.511755495291
103.498537071993
78.7734909958533
163.57652019176
161.827560111419
517.863650613607
200.167208703919
224.742966147174
298.27539428808
383.625612631339
420.20890904258
444.759989653273
266.006768470868
364.858638251659
369.894410467143
282.308747601427
186.164205069512
213.956778846314
306.374040342613
257.086543513647
177.962112648765
190.014865355143
278.186982003463
240.434887741644
548.898666754338
450.009933734493
313.958024290327
564.980614341572
364.968872369047
446.810286319725
255.252012976752
482.26471013976
553.733928265028
184.456379673452
283.905971054834
212.527514684237
136.040807597655
283.956253275124
297.59174937946
89.8695772164999
287.310564641703
434.87494091265
70.4814215632694
314.408558079988
120.767116527206
87.531880625633
