34.2571186091823
42.8528623137586
45.8764883621177
45.7249086808674
45.9049238425923
58.8060554536712
29.9425191131127
38.213580581539
67.4071069684703
50.8636940347708
52.8580575505464
31.1531698337783
49.8841048208019
64.819242418773
46.860814786228
45.9536143428215
60.245245486012
38.7589272747648
59.398087562455
36.740659765775
21.5230327382153
26.9302575685974
63.1076168259856
56.9202886448907
86.0402065145677
48.5999669144771
69.7369041748095
46.7448816398951
75.7145692827339
28.9638243955742
31.6529425302699
49.9282930450447
45.0594958100583
30.8800122231235
85.605061527609
51.5895929282021
61.5211097893925
40.4490917297928
47.5834564682459
89.6432698984574
34.230060540456
46.1610938190952
42.1216065906794
54.8843418414647
54.997068110928
48.8479643377636
53.7480863699673
53.35333317857
45.1581710476489
40.8854957912013
67.448616514482
