100.481636018475
98.8303481001885
276.571276328624
89.7628200786557
271.334088325355
271.631466321141
129.582187846781
136.515475143132
116.174309628673
464.446212604756
142.020251929952
116.975349661564
232.591965656145
109.994817629582
141.817913924696
102.152515043828
191.386468353125
371.842758808823
715.32539436346
164.433750544515
419.977262662964
117.284851521331
910.069368747331
285.943710095385
374.830715490235
109.745572230569
230.799199268144
409.879366686393
170.917075460098
115.647341191636
235.374954769012
89.885067165791
177.392403023651
143.169571976172
126.631797207179
935.199495664507
123.114470100967
229.100593236727
117.97372344996
167.85607719256
131.454158909517
643.224728566085
143.926251302437
145.674980085782
200.510435475488
105.348378616475
222.952818409168
139.505251223887
105.864861720746
105.650883953851
578.980540813302
