257.232033081895
375.230523324873
566.515269297538
553.070795276419
433.360181160489
674.085691600263
591.972381641267
712.200909562413
314.729065535118
596.86480220402
309.143088059569
407.397413421723
403.429507659079
512.463228442307
434.236368586537
255.669873649849
436.588372148536
668.905926747234
717.57771179225
498.100692461458
763.290601702165
364.76017356618
383.917039754345
545.0850882837
519.663995072109
501.346879828087
297.920822847947
239.964090068763
514.274522666472
380.668421174117
460.274586822751
496.25772612632
420.172204826677
409.401978224549
237.451554872626
386.734498244276
649.380493825849
448.581927664584
380.549213960604
293.350632146494
281.999091560839
308.536181963735
248.016575081037
227.243296159578
411.94822396847
471.910965608536
486.558517335038
586.456784427451
465.520004871995
231.735078393324
199.791990488501
