836.338442963779
1237.18940938924
1456.74666893302
1286.77374450385
1874.6658068365
2134.63015064483
1387.88459814338
1572.72335508972
2294.6810049742
1310.83905817883
972.889357563604
1091.89807697258
996.300195089135
2015.58808166402
1072.54443041405
1288.49475940404
1625.79025557416
1552.02749126426
2493.10520296835
1756.04136536785
1216.47219430103
1481.68444902963
1187.84931105794
1193.60364367591
1546.3726083281
1204.71569052339
1056.47334873373
1689.11736704612
1332.61748433076
1877.27138608012
1558.88632874564
1934.48283297842
1311.06849538149
1605.73215002342
1051.47051209068
986.720064537772
1793.12168179772
1209.45396573492
1649.17409951776
1227.44178692605
1582.76368691494
1151.37176029052
20.5523924040738
2261.48300320447
1543.36755310987
1168.26414071043
1338.49771881535
1806.50970849075
1709.33135185996
1833.93993369187
728.066765982353
