336.544153718745
27.6810970584818
1265.62485657709
50.2671036419788
179.115311865567
332.449211656352
194.997091090808
1031.14621096855
28.794561962472
61.2048807759761
1075.01669706497
847.195539989179
47.9455481791258
276.216828170048
63.6615986635898
142.524577407954
1072.63621763561
1536.18866095142
151.024443604562
49.4504215849925
278.655162655432
57.8602835317347
1024.34269614253
211.656957511608
75.0085373081947
267.993579568336
365.476779974735
382.194816419212
859.513929617242
85.3817500650393
222.213168753491
182.899085887668
270.515623986737
186.800994718343
380.304496023584
1013.2841000606
29.3460904834326
1159.4735136541
1055.03022948001
85.8521419123219
63.0748033943939
1039.94654733336
1034.64007482116
41.0094415664028
1019.0957698039
34.5714822128773
1247.61072043043
816.085676096558
592.497672965293
1026.4035961775
201.634073348683
