137.824464096234
119.494516553771
111.092853645948
119.985528842905
191.778053230066
164.472860155458
107.37094076582
172.162326142364
137.273083652475
80.9641544953549
150.474899004716
168.976915582667
96.4623812098182
108.134486250822
73.4909942101954
209.277312208665
173.483947854512
134.049653464609
140.737411563818
97.2443861876438
64.7650247947054
136.099730930651
244.695229355842
106.279516291388
240.78784730374
122.208794965127
251.58470672422
113.318269254101
92.4961933204056
103.522528826426
101.415498057438
97.4194082659187
89.7142000959673
162.09732508958
139.581096993267
125.712492253106
75.4164818602771
76.7359939039468
84.0465842188942
164.725726131968
145.907063610983
146.334901278183
131.279468315073
139.117192045819
120.109979652203
145.648214233673
265.496133156981
118.510213464046
93.0432611695549
161.471559826834
146.283209776325
