35.1594944110536
52.8353715500934
46.9947683750245
11.8493725357073
15.122209761312
24.5615268755184
54.4790818558376
5.96105651927314
7.8287680864014
9.47948481316166
7.07172638605471
8.80613799276193
55.3136333256493
46.3105971066084
22.1171510519566
31.2242540709588
10.771498810401
22.3383144605373
9.57769876431621
11.6444518168264
21.0936841435739
32.9704115441054
4.44669169793247
27.6626354828229
28.0253121037479
21.2312683828006
13.8772861284963
46.9879540136958
8.30493906768834
6.61399634393592
11.2735110920694
8.09289313667136
10.8409859749643
15.4556957436309
14.1062343503947
9.35117914369198
2.95489219237288
14.9819720151888
22.8566203181724
15.3074600871471
8.19228493121568
7.95978371901924
9.73149356441809
42.3030009669833
6.47280302815216
5.48865721112861
8.80036522956971
33.8789254081328
44.9995205928603
45.2551160031087
3.8162522626219
