121.073123589397
823.450243596342
72.992653075195
2045.3818291661
415.815005504596
460.498680961839
102.253683898381
173.076696472394
4061.15265998617
1183.66331176553
378.257108558194
201.897133611582
1924.37666882572
131.116715871668
277.444851607949
1722.32204409121
327.194322214555
2411.80684233119
181.709416700534
147.219484743912
189.068068741764
3161.156254516
558.297468241645
353.799826331317
127.090196689756
381.47702156041
234.166696391411
167.658910761734
172.50450558237
602.808221133399
137.448299533197
2582.95334275877
165.520146828168
2024.50929369051
137.623538799808
167.023071348658
172.404128197345
938.215610221008
3297.5271390361
153.399001811113
2261.53937261386
312.122571066719
240.651702938169
480.132546879073
177.024233925868
192.354996045555
2989.95039834779
137.641795457886
169.756230400575
234.811220563132
233.337587019016
