1102.32796842573
1394.17441817014
1126.39475749412
1239.30724511718
1102.75716586838
1272.41317711227
1244.23277210605
1266.73300347346
1119.92631327137
1239.21214401155
1131.82645121135
1241.57402484395
1422.39244875083
1374.01205146786
1289.19660078631
1385.39966287316
1241.7895147492
1409.69555851452
1243.23102669869
1256.8757144395
1364.69404836075
1103.38315199092
1238.96682235775
1105.44478953413
1252.9657538596
1102.79296873897
1102.94364939066
1245.78281199629
1382.24043327368
1241.48519585444
1275.12292841784
1240.7374974376
1246.95951565776
1102.16909217381
1111.9510473878
1249.15612504159
1257.60943484203
1102.79415504956
1105.19088115158
1240.12662552677
1228.13820629076
1246.8877120874
1432.26860164926
1407.59621527465
1242.95892041479
1102.41085828971
1240.84737180661
1421.34202004195
1283.42553583627
1241.24869281185
1364.51814943821
