443.236835918383
443.198202248373
443.175089779412
443.193251787582
443.327520418974
443.191348585205
443.179793044601
443.237870164284
443.180364295176
443.176269413112
441.71328617305
443.177907996161
443.220805583723
443.183010924584
443.214314815425
443.185930739614
443.290237479745
443.208717540296
443.175957288838
443.174246255488
443.224936573359
443.258452665208
443.427998497029
443.204428717058
443.176728660095
443.19356579228
443.227806059995
443.242935508565
443.191599308518
443.239733739061
443.211317625295
443.392394874869
443.202787031606
443.214324221207
443.176224904844
443.237248208757
443.18288007806
443.277252831954
443.197328183257
443.299827318386
443.175198600598
443.228780177134
443.197888336273
443.202781511468
443.18700442055
443.194672913328
443.191595789675
443.199589712931
443.344027450398
443.189774302653
443.269835092145
