206.787953010175
268.035656581916
207.270628386389
210.456078140435
209.375337155774
203.258376456793
279.00862776878
204.065958934227
210.069434594719
202.744595341545
205.482286885982
214.139806596043
200
205.158251601617
205.022763060608
262.17227696632
205.666066649721
205.739654108389
204.738152646263
208.415285645601
204.590865867692
204.645209417452
203.955057605836
203.886666464398
294.829330023961
276.855732261783
202.40534259073
207.106585100076
204.142041421375
204.418049679091
203.067049461572
204.638182155473
208.768213432378
208.155468810854
204.149095081421
205.312272246787
256.554239107716
208.542214581787
204.981463425622
204.383707327704
214.25846360683
205.879043280298
220.157581809736
205.699830134679
321.799080753076
203.258376456793
275.262744516923
206.073062959404
205.126079234405
270.824546964707
204.418049679091
