110.794891482474
114.423896956965
101.422374855943
103.405453943191
2002.90183437532
105.165213009747
100
100.286376883042
2002.90183437532
108.616508008352
100.286376883042
100
2002.90183437532
2002.90183437532
116.267590132173
100.950016419757
101.599445642744
103.475052634888
101.059794751679
101.108856099956
100
103.776815183431
101.189484265766
102.486556085066
100
2002.90183437532
101.14580133488
100
102.686923096909
101.288453376259
104.324586885768
100
102.037827354084
105.290950106987
103.070791746419
2002.90183437532
101.108622560884
101.257065727084
101.90456284456
100.930671199519
102.065115157462
100.82340278979
2002.90183437532
100.290164841816
100.844337808804
107.203118480911
101.005074670917
103.84235976254
100.857345331427
101.137979568222
101.024849041187
