5679.32137719841
5396.50382333232
5637.18611971743
5393.81639970513
5985.86247507395
5735.17633359657
5626.22531575996
5586.39762474623
5838.56049622567
5784.91546382738
6142.42075692036
5138.60785346254
5595.46716101316
5625.68737063109
5613.00568754635
5739.9731408585
5755.79522336659
5730.2996592922
5545.28051549431
5769.0117369121
5731.45245709611
5731.70662839203
5669.1061042912
6074.60407120453
5693.06356794426
5729.00140004969
6073.28537653046
5834.32784995652
5729.22043869138
6108.51962678719
5761.15158168072
5325.55447329101
5730.06744590313
5259.19282342599
5310.96924771259
5614.82953656734
5443.98669707384
5353.42764739751
5511.44655282343
6025.76225650552
5625.31800506245
5713.58897540468
5733.62079438254
5797.54037010744
5514.21383001231
5654.53201117183
5184.33815524888
5544.40056168189
5778.8614279733
5823.44430517297
5631.53469329191
