1003.61069379195
885.854343123991
1003.61069379195
1003.61069379195
1003.61069379195
1070.03147014289
1003.61069379195
1003.61069379195
1070.03147014289
1070.03147014289
1003.61069379195
1003.61069379195
1003.61069379195
1070.03147014289
1003.61069379195
1003.61069379195
1070.03147014289
1003.61069379195
1003.61069379195
1003.61069379195
1003.61069379195
1003.61069379195
1003.61069379195
1003.61069379195
896.267076889043
1003.61069379195
885.854343123991
885.854343123991
885.854343123991
1003.61069379195
885.854343123991
1070.03147014289
1003.61069379195
1003.61069379195
1003.61069379195
1003.61069379195
1003.61069379195
1003.61069379195
1003.61069379195
885.854343123991
968.659537584012
1070.03147014289
1003.61069379195
1003.61069379195
1003.61069379195
1003.61069379195
1003.61069379195
1003.61069379195
1003.61069379195
1003.61069379195
1003.61069379195
