2420.77451135532
2575.55880818481
2573.58972762749
2488.48435206004
2489.0629620448
2356.53274476221
2345.55307069959
2289.99848934244
2264.74402332291
2354.4346539263
2487.6310437401
2408.38732074512
2266.7792873395
2326.06376229395
2412.11226111267
2320.05641962458
2163.99200963418
2323.79266919967
2534.55795498065
2409.16036483817
2408.80907894712
2260.09970152002
2356.4968946288
2346.01989722938
2266.53553379897
2525.99963967647
2338.13846443216
2408.81019222756
2265.32372930763
2265.76127925173
2440.83056936476
2529.1781453812
2265.19485822497
2538.18659279233
2487.78814913433
2409.3971586546
2287.94284843439
2487.65404387047
2230.12572794035
2323.48177768556
2408.88500340114
2451.59249072294
2409.44545808452
2323.61097139775
2230.22412897244
2346.0541166854
2407.88786960478
2419.84163885684
2451.09898057333
2290.31537871237
2301.01529527411
