425.945045651516
465.399464186739
473.97593245952
497.600107966228
469.592738982364
503.818510632858
459.052262499061
464.225343959813
465.590338418958
501.451806242456
467.438167261883
484.347032504529
463.434627071185
548.669517072741
548.877034479348
535.606855783454
534.683380978668
471.827852832472
518.568452588017
440.087919500178
436.495517537093
432.71276801265
460.658872616374
433.14535539787
419.341188233601
446.951508944428
496.394539459071
428.164050840986
461.009474388942
444.350023129371
447.922112912159
427.595142458775
442.854955225516
557.394471076424
547.548779984705
458.472572800355
445.229874762561
604.447748126794
434.787191142514
430.547061442166
465.981952484267
555.818698515159
427.567049363151
487.712226994601
476.004450703019
436.482778817339
502.373240824382
453.133286166677
425.196604532995
431.502503904496
571.071173531239
