439.272193797853
449.654442011275
431.687596184323
445.459258335974
431.506831012833
445.439717275392
443.656912710739
439.643516125842
452.386343856699
438.215952789285
436.090179879946
442.694693394817
450.999507878345
437.536687482569
447.993137686605
442.754708758045
442.043594883613
436.945193098916
435.598233760083
446.077891596794
432.838424487887
434.014213542655
435.991547677504
433.506077140041
451.445165780442
444.764931056303
464.184817021148
442.476230120902
431.641562970922
455.314498078078
430.888094627782
447.425923807942
446.519351906095
444.557870832257
398.608567414165
440.756791476459
428.612342142065
446.704663245012
435.514225313801
445.006284459216
440.258008759233
436.034546329549
443.882727421852
398.680187405551
435.349622079407
435.55514507898
438.460040222501
449.380977395035
431.876232365837
447.995746705625
433.295420964672
