2388.05583246227
2074.8319156931
2388.05583246227
2388.05583246227
2388.05583246227
2388.05583246227
1654.75399678185
2388.05583246227
2112.45464251242
2038.37562170858
2388.20104127278
2104.30805637112
2388.05583246227
2388.57537182823
2388.05583246227
2388.05583246227
2388.05583246227
2388.05583246227
2388.05583246227
2388.05583246227
2389.14863041583
1941.13780357407
2111.10926389938
2388.05583246227
2388.05583246227
2388.05583246227
2388.05583246227
1927.85605099869
2388.20104127278
2227.31008867434
2388.05583246227
2388.05583246227
1495.3045933794
2363.39477074538
2388.05583246227
1653.64715456108
2388.05583246227
2227.31008867434
2388.05583246227
1926.77998094047
2388.05583246227
2388.05583246227
2388.05583246227
2388.05583246227
2388.05583246227
2336.27741282378
2388.05583246227
2388.36387660045
1980.90798376943
2388.05583246227
2388.05583246227
