609.973661644259
736.938908940656
682.355231557656
588.9175731213
735.738637601387
613.131212966675
524.155005514931
538.106843969194
609.970791196864
501.24991925215
581.622468854376
535.531229796453
499.155883353745
569.534190173449
556.468660396914
708.900259363594
498.663627101968
504.256043097819
486.714935598296
553.621908862197
613.131212966675
524.698718073388
603.140194911803
609.970314769359
557.185920725555
564.712412246342
570.688494607717
682.355231557656
470.670332678166
544.565175003631
581.622468854376
615.899842744444
535.541913814908
588.9175731213
506.82584100325
547.972385398792
534.510853327214
598.412986771049
682.355231557656
621.4294541045
573.544195687377
632.332394593642
477.345156302563
682.355231557656
482.703604141668
682.355231557656
752.302485308756
682.355231557656
536.692497863585
702.062331829358
587.375240006427
