4225.42074450533
4085.51716738274
4152.60328688355
4081.69458880497
4228.07182696955
4232.55370435541
4246.931487501
4229.42544601627
4066.16462197222
4227.47323146558
4079.38361911845
4239.53959105033
4080.07390479803
4080.42650943471
4086.29043979179
4063.56549917654
4149.29554959895
4094.51996294689
4216.96685083781
4226.23560658442
4240.61540146468
4236.80683434658
4228.41923764997
4146.10873229535
4079.88083815975
4070.59516686908
4079.88021575011
4068.85827890348
4103.61579094629
4211.7878354786
4079.56297765139
4214.66259458627
4083.402497803
4235.36344539824
4080.53012225591
4233.8126529986
4080.3723691971
4086.66877747824
4147.86620585789
4230.79956325347
4229.95225984731
4000.0309049405
4081.37660066422
4147.4394431655
4068.23395020483
4234.71825256429
4103.6035438299
4000.84081176935
4061.3728611239
4263.03628095893
4223.26718037083
