401.117383055283
397.075269501205
398.527337588573
394.26387682198
446.282406712895
384.161541463891
411.245450894318
401.66856429629
399.846658741173
411.925718175382
404.490555857091
345.656538093481
307.560217220288
404.172004770184
398.637416949981
398.41437157658
402.317774990925
395.593282690884
399.327670953212
394.706777487895
404.848229926706
394.139862149677
392.64521000079
395.493504254922
402.283991999324
407.809961149547
398.516765745989
399.522766622768
411.061879199887
395.05241829942
398.332160193901
406.875828095643
427.832117502042
394.316436533298
406.132390244716
389.714521834365
398.511054895233
406.652335877062
396.874642337169
401.68019132768
395.418347400359
339.006503728956
314.858329767575
401.952200758026
399.138562084668
400.983525575909
395.04287352505
401.156139026897
399.551277725061
406.012098055784
414.866640911975
