583.967674340759
584.336832151589
583.907578772334
583.746938657434
583.792559141811
583.774338838409
599.569930988391
587.523647686811
584.836501647253
583.763840199916
594.820332834544
585.09745664727
583.844431922364
369.915516625058
583.784157731438
583.75381868259
584.015261903613
583.86657405403
583.944220448402
583.89375935591
584.047153999944
583.818216534481
584.469442353649
583.786817463046
590.620939359836
584.446033494735
583.79901948562
583.928671676328
592.507170013792
416.492376098895
584.721203975393
420.040884088594
606.984608959753
583.760175920669
300
603.176733808023
583.831021570208
583.737719052164
583.747169370329
602.911832488115
583.769338540364
586.386127867505
584.51165949364
586.245955456938
585.735261979494
602.776564722587
583.945052327646
583.800176496871
583.851034605883
416.320360629957
583.772744249309
