800.175209487066
748.306474476283
540.03266069209
1406.14180730098
485.156071554544
542.071645641137
754.413031814863
1225.93441521284
1211.43492970671
1083.44477108637
1406.2557302979
594.90770495613
1145.84474386269
566.483092954942
853.912110890684
844.991400892978
1042.01755497219
767.372340355672
624.855546231476
574.620819759773
1281.3076492149
540.110374971236
604.937428770182
670.469723782228
627.203379784382
494.616454727216
1080.51576906356
1323.89556509189
740.588432331519
587.505966085545
973.108644340742
505.621177236038
1197.40269139861
588.561994030472
1023.89231940979
1331.91358411059
614.517875419385
1003.29323663986
1191.61832708948
1465.99565805453
843.269185588221
1749.65628116939
767.845125982959
1002.79162222001
1007.37656225971
625.966352743077
657.879023484217
991.844943511793
1201.80070937877
985.885074721163
713.982321650064
