0.0552672898449487
0.0481172490395352
0.0118913430259227
0.0318847765076953
0.0584885697856521
0.0438045596002894
0.316128096029558
0.133087225259999
0.130930282926215
0.150197337927239
4.41241487329933
0.0889417671352248
0.260291921931923
0.0629890602273804
0.0218271222070712
0.111201757478966
0.18089786142906
0.240092468468561
0.0049628875561325
0.13318137743363
0.00431159043858997
0.0959724317381188
0.0849541544089902
0.0325122370621216
0.0187232448744794
0.0477187350261943
0.243129425558209
0.135126358283401
0.0123112072840286
0.291652124606514
0.0364001130817542
1.2156297022218
0.0735461692367494
0.116792754627227
0.0964200576665348
0.0415920453857552
0.140356476681404
0.0130298984817045
0.0673242483709373
0.00246217422733253
0.182129073452018
0.00959902359647913
0.10766103355752
0.292865244964389
0.0456131213003346
0.0271796068797698
0.0885784905557898
0.0176249682640446
0.250530155936644
0.0199999559151252
0.184875063966103
