19255.6341792005
15755.9077335466
4705.22542820442
9896.92305907194
8125.30186702626
11875.9485123992
4650.0441473309
6634.2946951449
6924.79817922656
7519.63944284016
6564.72314774264
7074.71638364512
6674.06606856506
6346.29806374929
7352.52738429743
5581.80360817837
6246.81967594243
16558.9174795267
12089.184544053
6976.21742030003
5891.05141566635
7170.8922287415
6570.00946946329
11796.7630826368
12802.3975203643
5426.72496209878
4108.05505088782
15336.1095271819
9257.52252205308
5927.02870220521
18569.3092516287
4737.87437652317
11940.5181870697
6280.55811441491
16993.6533814096
5268.93748051802
10159.3100294966
8602.34678034927
5653.34018152999
9184.13102873589
7769.48603361131
20910.8791779363
5492.14762298199
13335.9678817857
9616.92144560389
16572.2907851086
5902.07800297298
7646.75463227083
6912.81310171154
15925.6173902093
20673.8312645082
