1419.99680404131
874.922558883728
3016.11534916215
4598.87560645611
1345.02001068311
2627.1188213632
789.245987281296
32366.6542913836
6053.14708188254
602.615076808391
1363.34126936883
869.882658606575
1106.10372193275
430.111855244197
590.084351561548
468.273307984025
958.549767601316
1189.24735914901
574.97675834136
1239.9760902327
588.61518660216
710.272311280036
577.288573239234
604.995869707699
2043.08547431323
519.692743492169
510.109486386593
1119.13881601776
4965.53768667758
1021.00631222933
703.227511862522
655.437421660446
2058.87077359327
734.993984334205
534.608638390357
8644.18766562281
459.349071595603
2412.97982622985
978.977202497705
762.772266311296
1580.37034741505
645.847212591836
719.251602466587
2708.04680370382
865.908893844939
7801.88472673808
2223.87781301055
613.982226589488
1228.97497572964
7918.38119509638
574.665633027861
