113.040596177797
116.965117235168
107.046358465677
73.6177935134945
112.023744541057
117.035352579047
114.772310675004
114.536040849926
72.6537625051326
114.070614570052
113.807710996709
118.267225386625
112.498694716892
113.463488628576
120.382645775744
113.180745667507
114.152193331789
112.481024704283
72.8660466785366
115.189288694242
7.31453610595969
119.310024627343
114.611148974506
113.163308113795
109.598254591739
114.936668086755
113.531815142867
117.225326077526
114.792527581181
114.922352332929
113.052517733573
114.011274543575
113.969825848857
113.123148774664
71.2009547475719
115.053280112342
111.658001249155
105.631233016869
79.9186880874081
68.145790126494
115.00376919809
112.832747479375
120.605025102673
116.460576968157
102.213849531667
117.004569639377
73.5735164635604
116.512662231838
73.8662613799102
114.649743970792
113.236820311792
