64.1573293891961
64.4451686387456
64.572006010624
64.3591832307193
64.4703211890451
64.3111951858189
64.2830753735512
64.2024448895571
64.0281625828552
64.3464087031999
64.2564048673154
64.6200651505596
64.3954301645829
64.2017630786637
64.1398251963449
64.3781445589522
64.047043414486
64.0299140878669
64.3058510385054
64.4671542383579
64.3468635026662
64.3237959170715
64.2166741439804
63.9216318740475
64.2913341949578
64.1015408890657
64.24644867298
64.9542620690086
64.3683503434926
64.48413022438
63.9829331759394
64.2951445356399
64.6638567019879
64.0853825313646
64.3052055927218
64.4538766865574
64.3759862372107
64.3311429899863
64.1798053524716
64.2618702245288
64.3967329861862
64.5149466884982
64.4490882242584
64.51329784529
64.324001876736
64.3808576678349
64.3758016534978
64.0561888418459
64.3575998300311
64.0175714712697
64.5326853519001
