111.273144662256
111.273144662256
111.273144662256
112.257841161489
111.273144662256
111.273144662256
111.273144662256
111.578593734685
111.273144662256
111.578593734685
112.257841161489
111.273144662256
112.257841161489
111.273144662256
111.273144662256
111.273144662256
111.273144662256
111.273144662256
111.578593734684
111.578593734685
111.273144662256
111.273144662256
111.273144662256
111.578593734685
111.273144662256
97.3219837132559
112.257841161489
111.273144662256
111.273144662256
118.304637069798
112.563290233918
111.578593734685
108.115293783383
111.273144662256
111.273144662256
112.563290233918
112.257841161489
112.257841161489
111.273144662256
111.578593734685
115.176970487875
111.273144662256
115.386123082917
111.273144662256
111.273144662256
111.578593734685
111.578593734684
112.257841161489
111.273144662256
111.273144662256
111.578593734685
