635.369559433476
633.964251128527
628.857476233504
624.832585858973
629.455908431742
630.500250655221
638.137704618253
639.573588784319
634.490550750751
647.719617973888
653.156818307986
632.623124896482
635.178035992805
624.832585858973
645.543860915302
629.399287302494
635.066952098741
630.9892276961
617.23373521387
635.066952098741
617.23373521387
635.369559433476
638.909330111645
661.22641072308
621.742649738965
639.573588784319
644.261061823713
639.573588784319
623.189811437256
635.066952098741
643.805369414501
630.500250655221
602.9609085966
651.906265709604
633.905923988071
639.876196119054
629.399287302493
630.500250655221
632.971595638175
659.127090438969
630.321111678909
646.238600913357
647.489153511738
651.874961829594
639.538998505318
638.29078969273
629.160083568239
624.590354066997
645.206663301566
622.901400010118
639.059528994669
