1.08773019617752
0.99149352108941
0.268584751261756
1.26676109518075
0.537169502498728
0.72290876984016
0.901965270673031
9.49430575761937
5.14545282827805
2.71926176140198
2.08588091062506
3.03670799766542
2.44399382727829
9.94863227546205
17.2179203026737
1.8106133078569
0.268584755552411
1.08121727198272
2.85765150187649
48.2161276514437
0.358113001684956
0.268584751249364
1.445817564148
0.626697926215002
4.98663790174169
2.22427559316986
28.7815825935621
1.81061332125296
1.6248740405274
8.44883517493179
1.17723278843096
1.26676103884733
1.53534579041911
3.8797146578238
2.60526840569844
0.537169502997472
1.08770453801446
0.626697752948644
5.24121320329778
1.53534631368029
12.3122176477259
0.268584751294952
1.90014156329607
1.80393054654326
4.53899821741754
2.99450773421904
2.08588112168934
0.0895282504164925
6.76838279472076
1.35628930676762
1.99635257519606
