870.475770699078
883.22577111267
883.22577111267
866.112367354191
870.475770699078
878.862367767783
883.22577111267
878.862367767783
862.498987149486
870.475770699078
883.22577111267
883.22577111267
878.862367767783
866.112367354191
874.498964422895
854.112390080781
866.112367354191
866.112367354191
878.862367767783
883.22577111267
883.22577111267
866.112367354191
870.475770699078
870.475770699079
878.862367767783
862.498987149486
883.22577111267
883.22577111267
866.112367354191
870.475770699079
862.498987149486
866.112367354191
870.475770699079
870.475770699078
878.862367767783
883.22577111267
883.22577111267
854.112390080781
883.22577111267
878.862367767783
863.294455766801
883.22577111267
883.22577111267
878.862367767783
878.862367767783
883.22577111267
883.22577111267
870.475770699078
878.862367767783
878.862367767783
878.862367767783
