6535.74568004418,9427.54687370451,14658.0699472692,13176.2561796334,9085.93526505922,11513.102919879,17024.7280463599,14584.5353071838,16794.433833449,16710.1352675904,14111.2970267983,5511.40976952128,13102.5958821718,8045.95302172467,15061.359090146,14147.6415206813,15020.978886934,6313.91035523774,13231.8216319533,14582.1014101653,7030.17226220624,16205.66554057,15360.9963319606,6364.16059644479,17997.5053751541,8718.86347305359,15900.4762708218,11222.462132723,12531.8677489198,15694.5465991336,12858.3322182512,9157.13283271795,17047.7367141125,15701.1927292907,12061.3435868419,10596.3493321166,8424.6021893035,10146.9313080888,16717.2401195576,12493.2238371125,16581.0156408018,15783.6210004468,15260.6442821624,6612.24538708558,9976.87281216395,12168.0560085284,14082.0739834021,9799.22498329343,15683.4977723165,13376.1067016152,9726.5843069206
311.813773624664,1190.47281040272,2226.46742076941,5617.01155328165,1772.04750044295,609.060314344509,10418.4930892357,5185.55476280472,7551.67001227928,9276.38509956923,3083.75416864685,437.496781018262,6943.86228519328,532.02334903998,3449.57337617606,2033.96922613722,5543.41939204613,316.763833576033,9531.86172529979,7852.47023290948,513.219765710463,4048.98286683595,4725.06510262397,1285.6935631836,7923.94718732849,2195.37943984109,7253.95147528151,383.529714097683,3912.34079511236,8766.24747877831,3306.22162048435,2864.48470488861,8806.05081537378,5676.50568018675,1087.2180073633,504.592630784495,2980.7299112465,142.740664198669,6278.53808450335,3766.3682546732,10606.1272080459,9570.74523572099,5843.84124228833,772.838738385143,574.792980085274,4017.10515865898,5202.475071851,3740.39910204989,3674.65609699926,5201.80439716299,485.841433237427
0.0886849855211835,1.47230781411702,231.672847082595,897.403003456651,0.594417302796785,0.390781352748206,5103.77812887769,1472.2145776535,1908.78120823425,6285.15683726678,157.564583559865,0.371979141084353,497.177461744085,0.334571415274979,285.469075786881,41.4124560294935,2520.96495019001,0.248642124863181,4795.9311215692,294.979553146369,5.31017455964394,1166.07493343952,694.389646163898,1.07122292853097,3904.57953168037,21.4238231589005,2367.39909179072,0.52683293778108,339.816704054212,2638.15295896239,227.238717775263,16.9139185545185,4168.83272694466,2078.19388853003,0.18938353413688,0.0162662617727278,45.5958782212779,0.174379962229125,1650.17573857622,313.721550059087,6080.03643898198,3479.27279281324,773.261033596928,1.30096611260205,0.1000996607861,361.971792795667,1067.4721272239,19.4074967852972,55.9094689883705,245.974384284399,8.98282818360178
4.854427970713e-11,4.31191438110545e-09,0.0792139963692762,0.00527140642992663,2.40959252550965e-09,9.10063135961536e-11,27.1105624233032,0.0111732561443318,20.2615983795858,116.61267857161,0.000626884146470275,1.73542957782047e-10,0.0849504115295758,3.66071617463604e-11,7.21451165190956e-05,1.40691678893745e-05,1.04273156638084,9.20294951356482e-11,2.73996153767433,0.0173623739893856,1.48645540321013e-09,0.733225775498909,0.310180221162341,7.53345830162289e-10,2.84053619898054,9.31928809677629e-07,0.262772674185328,6.50629772280809e-10,0.00035728414178493,0.485177335822584,0.000140461639944078,5.62293337225128e-07,28.7693613301436,4.0554807201496,6.08224581810646e-11,8.81072992342524e-12,0.000685748296803013,1.95484517462319e-10,0.191050759709071,0.000155850161206672,163.235239179701,3.39533379423847,0.00581502867157724,8.70102212502388e-10,3.86535248253495e-11,0.00660180159087531,0.00189502516320772,1.06753936393034e-05,4.26226194463197e-05,1.25887358422005e-05,7.15482428859104e-09
0,0,0,0,0,0,1.79454673343571e-10,0,6.42330633127131e-12,3.9960923459148e-11,0,0,0,0,0,0,1.70530256582424e-13,0,5.6843418860808e-14,0,0,5.6843418860808e-14,5.6843418860808e-14,0,3.97903932025656e-13,0,0,0,0,1.13686837721616e-13,0,0,5.32622834725771e-11,2.8421709430404e-13,0,0,0,0,5.6843418860808e-14,0,8.99251517694211e-09,3.24007487506606e-12,0,0,0,0,0,0,0,0,0
0,0,0,0,0,0,0,0,0,0,0,0,0,0,0,0,0,0,0,0,0,0,0,0,0,0,0,0,0,0,0,0,0,0,0,0,0,0,0,0,0,0,0,0,0,0,0,0,0,0,0
0,0,0,0,0,0,0,0,0,0,0,0,0,0,0,0,0,0,0,0,0,0,0,0,0,0,0,0,0,0,0,0,0,0,0,0,0,0,0,0,0,0,0,0,0,0,0,0,0,0,0
0,0,0,0,0,0,0,0,0,0,0,0,0,0,0,0,0,0,0,0,0,0,0,0,0,0,0,0,0,0,0,0,0,0,0,0,0,0,0,0,0,0,0,0,0,0,0,0,0,0,0
0,0,0,0,0,0,0,0,0,0,0,0,0,0,0,0,0,0,0,0,0,0,0,0,0,0,0,0,0,0,0,0,0,0,0,0,0,0,0,0,0,0,0,0,0,0,0,0,0,0,0
0,0,0,0,0,0,0,0,0,0,0,0,0,0,0,0,0,0,0,0,0,0,0,0,0,0,0,0,0,0,0,0,0,0,0,0,0,0,0,0,0,0,0,0,0,0,0,0,0,0,0
0,0,0,0,0,0,0,0,0,0,0,0,0,0,0,0,0,0,0,0,0,0,0,0,0,0,0,0,0,0,0,0,0,0,0,0,0,0,0,0,0,0,0,0,0,0,0,0,0,0,0
0,0,0,0,0,0,0,0,0,0,0,0,0,0,0,0,0,0,0,0,0,0,0,0,0,0,0,0,0,0,0,0,0,0,0,0,0,0,0,0,0,0,0,0,0,0,0,0,0,0,0
0,0,0,0,0,0,0,0,0,0,0,0,0,0,0,0,0,0,0,0,0,0,0,0,0,0,0,0,0,0,0,0,0,0,0,0,0,0,0,0,0,0,0,0,0,0,0,0,0,0,0
0,0,0,0,0,0,0,0,0,0,0,0,0,0,0,0,0,0,0,0,0,0,0,0,0,0,0,0,0,0,0,0,0,0,0,0,0,0,0,0,0,0,0,0,0,0,0,0,0,0,0
