91134.0764776896,92092.3068924785,91641.3689424748,91963.9210510282,91603.5413897023,91853.4527499939,90788.1843480679,91033.4497713009,90404.133667887,92308.0581515331,90253.2010454222,90917.9777163094,92192.5367439473,91317.0989895547,92032.7984314863,90619.6648850975,90487.7583097983,91130.0786743484,90830.6949112289,91057.3882954343,91460.4510780555,91168.3943485146,91443.7537922785,91314.2287765181,90235.0661633595,90395.8354645168,88814.9090560948,92422.7786750982,92168.8367301201,90788.8287195539,91462.2015579585,90369.8847707453,91866.1665436538,91391.5532173875,91164.9049898044,91648.8377538495,91038.668773406,92352.0198383451,91241.4688266368,90952.1751860595,90275.1249931174,91725.0692178504,91807.236011296,91062.452055779,90491.9660243327,91714.9979259328,91343.953064983,91962.1734558873,91296.4944935498,92320.719114932,90939.0998123155
74895.966730212,73106.7944476846,78400.6101645142,68977.786518734,74704.0062563913,77896.1609874001,66819.5250592138,68113.5920257487,75983.27424007,74654.7398198713,54911.8766291099,71809.6598615861,75570.4621942412,73507.1417789558,74788.3116208979,67444.8128903857,68417.8008512251,70633.4799737494,73994.7109614604,59893.3399946584,71376.7816639364,71558.4152175568,68900.1547044144,71402.4887765072,69642.6594964512,80044.680878359,79311.5460302618,71839.02872421,72629.2390106592,73348.0563767426,71903.8553414665,74598.5735419413,77268.4495889236,66262.3446638743,65725.9208235066,76910.7565910675,72461.2614903134,78133.8536373402,72329.6721502844,68593.3191324221,70283.250859995,69304.1544942347,66494.2230371253,66504.1884805905,75081.4411452339,70306.8796896034,64926.0361535432,79386.2350063104,74415.4216871459,74261.7641368877,72551.9471414313
40223.128492686,26125.7216341609,35512.1861298128,28502.8438466586,30453.9391507709,34666.8767500468,28510.9163727062,29371.6931448521,35317.0884251338,36053.4304998511,25741.6439578501,47535.0906477118,33864.0191758901,34457.7560412794,30556.6112766008,34593.9535998722,36808.4426885603,36537.2751321783,40314.6396861331,26916.7949881406,29601.2575577349,33285.9361972657,38417.8818936704,36189.8702729265,30544.028845363,38030.0479784745,34562.7925067516,25534.3284941353,28207.4128962361,35102.9644701629,25315.076128332,36586.3288141317,34135.0284749124,41457.2753030391,33065.4024226097,31459.7701376983,38757.2961874588,30274.5280183436,25576.9982990571,26047.3207210859,29615.6298132678,36805.5374665077,40015.5944981669,18810.6999700047,37442.5230500167,35717.7755815782,30045.9503518913,29969.899799779,31930.6673068942,35778.4760174343,30330.8892838586
13661.3166055425,5564.92113824958,12560.2702760419,10148.4820806238,9882.34550887431,9108.30122642295,9100.90580549788,7613.14923762022,12268.8289475177,10074.899835685,7949.02423150434,13707.0889833186,12346.2447602145,12075.1319134479,11558.4929386734,9873.232558728,9085.54619322231,11502.7083068512,7953.3413687306,7843.73081953147,10585.1366032115,10372.876557714,11765.4441884634,9663.13752301564,9374.90337424535,9257.30205149735,8539.05135544397,10683.4935955908,6756.95125954427,12473.0362628481,6111.86789234393,12090.2659724203,10867.8767484774,10973.9581303931,8878.51314393751,8051.74829762729,12210.3086977343,7882.09577412567,8688.44658799386,5559.46247435691,8483.79306919802,9541.63444708688,11988.9686894191,4242.71764568671,8783.60868663641,8223.33938811451,8242.10432586279,9262.72491017925,9616.65335622123,9857.34719171411,10511.2956720203
0.229226634095028,0.00937006271993823,0.801115685395246,0.0838943779725128,0.0360844457766802,0.0979752533525584,0.00665032136419086,0.240128084234584,0.0775734247043829,0.019103909598698,0.0718150810411089,0.236254249523029,0.0520060285224986,0.402908595805343,0.140520718209359,0.0515999900638917,0.0289413367394218,0.323822227767494,0.107137631495902,0.0333098682658601,0.0168622007446402,0.0637431190965572,0.642517648313685,0.0339508624646783,0.0465542237550949,0.0375647717713719,0.0864031478167817,0.123962126447509,0.0022422760612244,0.130165599912289,0.0368666877960209,0.0562565139765638,0.0284193144566984,0.213164780006593,0.12617627887289,0.0669307448176255,0.619851506929422,0.0240569191650479,0.0671413628417099,0.0606099897474337,0.114070752384578,0.0372166756183674,0.0932305779085709,0.00769605815935392,0.00250864140241447,0.0220100578735014,0.0132125418023747,0.0639539338591248,0.148250274118823,0.0675433530888085,0.220022190092834
0,0,0,0,5.6843418860808e-14,0,0,0,0,0,0,5.6843418860808e-14,5.6843418860808e-14,0,5.6843418860808e-14,0,0,0,0,5.6843418860808e-14,0,0,5.6843418860808e-14,0,0,5.6843418860808e-14,0,0,0,0,0,0,0,5.6843418860808e-14,0,5.6843418860808e-14,0,0,5.6843418860808e-14,5.6843418860808e-14,0,0,0,0,0,0,0,0,5.6843418860808e-14,0,0
0,0,0,0,0,0,0,0,0,0,0,0,0,0,0,0,0,0,0,0,0,0,0,0,0,0,0,0,0,0,0,0,0,0,0,0,0,0,0,0,0,0,0,0,0,0,0,0,0,0,0
0,0,0,0,0,0,0,0,0,0,0,0,0,0,0,0,0,0,0,0,0,0,0,0,0,0,0,0,0,0,0,0,0,0,0,0,0,0,0,0,0,0,0,0,0,0,0,0,0,0,0
0,0,0,0,0,0,0,0,0,0,0,0,0,0,0,0,0,0,0,0,0,0,0,0,0,0,0,0,0,0,0,0,0,0,0,0,0,0,0,0,0,0,0,0,0,0,0,0,0,0,0
0,0,0,0,0,0,0,0,0,0,0,0,0,0,0,0,0,0,0,0,0,0,0,0,0,0,0,0,0,0,0,0,0,0,0,0,0,0,0,0,0,0,0,0,0,0,0,0,0,0,0
0,0,0,0,0,0,0,0,0,0,0,0,0,0,0,0,0,0,0,0,0,0,0,0,0,0,0,0,0,0,0,0,0,0,0,0,0,0,0,0,0,0,0,0,0,0,0,0,0,0,0
0,0,0,0,0,0,0,0,0,0,0,0,0,0,0,0,0,0,0,0,0,0,0,0,0,0,0,0,0,0,0,0,0,0,0,0,0,0,0,0,0,0,0,0,0,0,0,0,0,0,0
0,0,0,0,0,0,0,0,0,0,0,0,0,0,0,0,0,0,0,0,0,0,0,0,0,0,0,0,0,0,0,0,0,0,0,0,0,0,0,0,0,0,0,0,0,0,0,0,0,0,0
0,0,0,0,0,0,0,0,0,0,0,0,0,0,0,0,0,0,0,0,0,0,0,0,0,0,0,0,0,0,0,0,0,0,0,0,0,0,0,0,0,0,0,0,0,0,0,0,0,0,0
