79.7166379608255,55.5309117368856,141.085346614022,65.0432039511927,39.0057449245214,89.7255716811765,99.5904214114242,58.7735643321677,59.5083659902774,53.574483465553,63.3382116787205,72.662690090156,93.8420594293349,72.5724896096211,111.542503680087,102.08440393807,45.8198567726878,50.6933504583732,138.757604788415,156.070905653506,30.0475135844851,47.5297332892354,85.8637575829724,88.4847270321969,90.0306758487925,28.6926666838059,40.6127602291315,46.4971084784692,40.0263511832927,48.5470349269082,101.381824212481,120.58949580164,133.212982860749,50.9563289908,111.425218857116,29.9897420275371,77.5435941024442,53.1487947361339,74.0813396748808,27.464859154592,106.468836353834,75.3886007401256,89.4917465332109,103.000762035232,61.5139885854128,57.0988219492911,45.967014190077,94.1688867150856,110.66350336585,36.6630033955585,41.1727535508724
7.81391064857058,7.83956745208343,49.5593647678334,8.01096232898703,7.64635826713965,7.84149584332039,11.4895494495688,7.1583524770428,7.54030930411352,5.97513648737635,7.61101348793176,7.08614996298331,7.79402792220645,5.38234087371853,7.95641920298249,7.77086629218206,5.3249995166089,7.16582873523231,7.81377002898478,7.9174956558935,7.33730801143486,7.37092929631621,7.00307575352576,7.86208844972975,8.1731971572828,5.93725557117159,7.47465422926587,7.59813691063067,8.09912703888369,5.4256468558678,7.09004162549479,4.47494687676243,62.5532690354175,7.42288858808945,11.8353636094242,7.76939125424121,8.00573825488937,7.6252025569745,7.57228460196239,6.06169577203235,7.45589902651022,7.23429554157093,7.83731585961044,7.47173219082202,6.74357975886255,7.16363123270668,7.70882442314218,8.15573806149348,4.98366014431326,7.05153875146237,7.54653393321632
6.6972897231534,6.77513056736029,7.55399678818083,7.09522134278819,6.72099578252221,6.67348928083123,6.9377946940578,5.87365104868633,6.61482159607931,5.24534124372497,6.46698758194685,5.86024679549644,6.48132267640926,4.48834782910831,7.350364227689,6.87773698618463,4.46956003916637,6.28068911391341,7.07651211353266,7.38358600457792,6.36636987207777,6.68316849922502,6.33745479954104,6.68561507985032,7.23324957160543,5.16989040405576,6.40236929852887,6.79364649613274,7.38992502398912,4.39956858747496,5.75076799270727,3.88561928940294,7.71153451014368,6.30980933386309,6.91122961898753,6.70731990709538,6.93731271994727,6.48152560192267,6.57515641926619,5.44828586951394,6.86771308470134,6.55302867101403,6.96557778684667,6.65880013822971,6.08480147335138,6.30723984082073,6.38423737676135,7.63621418397815,4.31673879259006,6.26277876658946,6.65553448320827
4.613160752353,4.52771518759226,5.24763734837836,4.74067214890027,4.34006670177581,4.17000765075039,4.57419858359731,3.3740524724131,4.26119454476691,2.66661050986755,4.18746545389479,3.61075101348712,4.20027464104697,2.15051665236359,5.00574686397033,4.57646087796599,2.19151845103443,4.13104751534058,5.11379811587432,5.80496390031254,4.1201053851492,4.21675698549444,3.79484886459556,3.98706028414676,4.76598544068338,2.83752230137793,3.80586026317269,4.71022877563729,5.11725294278915,2.01928791540166,3.44197021498564,1.62150171257991,4.95768478778751,3.98158842977341,4.66439519361484,4.28941890320448,4.45317962328187,4.02792914915136,4.10667198545156,2.63020622762963,4.56685422300757,4.04088292548391,4.55508636194804,4.42788069617637,3.7491324647151,3.86787244137849,3.96910302086803,5.3322243242992,1.7747235424456,3.6389777790277,4.08818386082453
0.234199717119793,0.215986932715339,0.414720306299159,0.346332330936377,0.297736069873508,0.158286262254023,0.284359797850925,0.0337820674844806,0.15066819395264,0.0016745231079085,0.102987637156161,0.0510398482323922,0.0842097009644931,1.26403841704814e-06,0.221213561795196,0.386921476326563,0.000549941559540912,0.0927831570120929,0.513676436268554,1.31009667937127,0.071551376239654,0.14109686076489,0.064995690617252,0.0914540590582646,0.383695918951616,0.0186561464942088,0.143124884959605,0.250027420917888,0.419248390052019,0.00213042279136744,0.0577421861323728,8.02352219011482e-05,0.320680656900663,0.0936228646905306,0.125947507227863,0.146673475566047,0.151674386405432,0.158194449151438,0.0759806625091528,0.00395084624506126,0.314036321687468,0.13057734844034,0.232173187031947,0.116996652061175,0.0102943820784844,0.0313703819986699,0.116666431862654,0.355268198237127,1.49774331248409e-06,0.0192565822985102,0.119205882090966
0,0,0,0,0,0,0,0,0,0,0,0,0,0,0,0,0,0,0,0,0,0,0,0,0,0,0,0,0,0,0,0,0,0,0,0,0,0,0,0,0,0,0,0,0,0,0,0,0,0,0
0,0,0,0,0,0,0,0,0,0,0,0,0,0,0,0,0,0,0,0,0,0,0,0,0,0,0,0,0,0,0,0,0,0,0,0,0,0,0,0,0,0,0,0,0,0,0,0,0,0,0
0,0,0,0,0,0,0,0,0,0,0,0,0,0,0,0,0,0,0,0,0,0,0,0,0,0,0,0,0,0,0,0,0,0,0,0,0,0,0,0,0,0,0,0,0,0,0,0,0,0,0
0,0,0,0,0,0,0,0,0,0,0,0,0,0,0,0,0,0,0,0,0,0,0,0,0,0,0,0,0,0,0,0,0,0,0,0,0,0,0,0,0,0,0,0,0,0,0,0,0,0,0
0,0,0,0,0,0,0,0,0,0,0,0,0,0,0,0,0,0,0,0,0,0,0,0,0,0,0,0,0,0,0,0,0,0,0,0,0,0,0,0,0,0,0,0,0,0,0,0,0,0,0
0,0,0,0,0,0,0,0,0,0,0,0,0,0,0,0,0,0,0,0,0,0,0,0,0,0,0,0,0,0,0,0,0,0,0,0,0,0,0,0,0,0,0,0,0,0,0,0,0,0,0
0,0,0,0,0,0,0,0,0,0,0,0,0,0,0,0,0,0,0,0,0,0,0,0,0,0,0,0,0,0,0,0,0,0,0,0,0,0,0,0,0,0,0,0,0,0,0,0,0,0,0
0,0,0,0,0,0,0,0,0,0,0,0,0,0,0,0,0,0,0,0,0,0,0,0,0,0,0,0,0,0,0,0,0,0,0,0,0,0,0,0,0,0,0,0,0,0,0,0,0,0,0
0,0,0,0,0,0,0,0,0,0,0,0,0,0,0,0,0,0,0,0,0,0,0,0,0,0,0,0,0,0,0,0,0,0,0,0,0,0,0,0,0,0,0,0,0,0,0,0,0,0,0
