109276709.345215,204950039.289898,23103225.0816702,129833136.309752,216111505.704528,114355253.65589,95312529.5281715,90035126.4941125,28753150340.7137,266354799.693336,53039524.7101266,64723764.9023147,134185304.182519,108014700.788967,65118104.4452768,62115850.3639357,148419794.426267,28769776427.4765,219995050.917073,28909955675.2761,45242003.6709605,397925962.327763,28890816723.6196,272817604.413425,324877517.370143,63023647.9541343,28869366304.4988,512310426.312568,5508912.66499961,298947987.120794,44364942.9249097,122026813.370093,23709159.2277783,75419581.733954,17297718.394801,28947650900.955,29112575246.1354,132041134.71073,126741069.49457,28630054023.3897,201982052.185591,4897046.26036834,238606631.055555,94616531.960667,28875166776.2602,48024966.2074815,20806937.7069002,51766071.4195648,8875697.7397021,79013247.2504145,563353036.953263
3923.47912321302,64819.7926947234,193.963561713054,295305.941214846,82999.1788556127,1664.10865187679,386.338921309686,9036.98305740711,28753150340.7137,556093.459191373,189.832218879266,72.2584261296742,40317.4181534394,542.438000965772,12011.8574309227,7870.4332826449,144650.104705972,28727865806.1193,10607.5733007672,28754513222.6304,12714.8001848384,94774.2846650877,28890816723.6196,37670.9030992293,79330.3554185148,3995.44695420327,28869366304.4988,76223.4442627487,750.290734287182,34900.3846823104,1001.86721410152,19952.6441348738,75.9095494748943,16899.9346688148,50.2944700039512,28727496108.7856,29112575246.1354,423.491973376951,10467.3293565142,28630054023.3897,18915.9118284387,50.0318736683013,18845.8135256915,4100.01845026378,28875166776.2602,18917.8403924461,1117.17911185117,368.710813982942,520.164115094399,3554.72821699627,15412.1788453007
95.5044143899446,530.708748473257,115.514361077695,1035.72386495049,736.24509370275,338.819751504425,122.884891230513,490.505510060943,26974894556.339,553.989582585364,108.585110226334,1.11191078681652,148.210083735098,172.294762971866,83.8604911718868,17.5571049253867,1739.66524659826,28404852267.1888,585.644448422009,28441746108.5066,3836.46047010031,2046.63180902918,28151292428.2807,759.41196435472,835.476983806008,342.323030538082,28148969160.5861,91.3226114795098,665.136139283759,1213.65681743788,556.141099176505,694.8263632968,28.3541618360927,761.539844223103,3.75804981007884,26956668705.8382,26775359294.7382,72.3070887099256,901.229721255075,27510510412.9605,29.2924795769493,28.8605529350174,1649.80682410028,382.877518367811,27736657923.5891,1372.2331282312,931.085733233794,35.8947474010416,453.984667536441,1.2106500487622,63.9723886908336
95.1752415349807,528.023743207006,96.2968509973908,1025.87776376371,728.255558216214,316.259828239472,36.5366733756155,467.063509915767,18145999926.0673,88.1753671471379,53.0320721337538,1.07711879506394,147.026246090389,170.246400656024,83.0264401370265,17.4084706629628,1629.53576952016,23770943597.8373,584.17807115099,23428536806.2389,3697.52119920266,2034.50194289316,24676237783.3552,756.382607967747,833.393876378559,336.269953807947,22364479263.8249,66.2489868735871,606.225734501887,1204.62764989622,521.697424078187,667.585950802898,26.7131692590124,740.8374129351,3.57518376919539,19332536884.3212,13888497233.7302,70.0147108111346,765.100410427788,21542063917.1266,27.6774183625885,27.2557999482933,1633.08427431587,374.098530938408,17842209951.8681,1366.15211345207,845.636676468788,35.3700305480191,417.882379453652,1.18231718662362,63.8325360427496
6.33685033335496e-08,8.6233598040053e-09,0,3.00411429066116e-06,7.09999881109979e-09,0,0,0,1218194490.43309,4.82884843222564e-11,0,0,6.8980885714609e-07,0,2.17184492612432e-10,6.9456966400594e-07,1.59738107186058e-08,2270837285.23903,2.51967125564079e-06,2107997289.00419,0,7.99512633875565e-08,2314628387.15879,1.88456837690865e-07,1.73979599082941e-06,4.2632564145606e-13,2183364103.6081,1.4210854715202e-14,0,0.000660041251066446,0,0,1.76810033281072e-09,0,0,771256598.581374,552830658.246385,0,0,1619253127.23836,5.6843418860808e-14,0,4.02347822614502e-07,4.66968685941538e-11,2343789544.31651,1.56319401867222e-13,0,1.4314295526674e-08,1.79767312147305e-10,0,1.90425453183707e-11
0,0,0,0,0,0,0,0,8993084.3515429,0,0,0,0,0,0,0,0,3633960.5761696,0,8038727.78875863,0,0,4336983.82976604,0,0,0,11943115.3378265,0,0,0,0,0,0,0,0,2693285.90961629,4504361.78598949,0,0,11697308.0027903,0,0,0,0,14605518.1107806,0,0,0,0,0,0
0,0,0,0,0,0,0,0,9499.7930023144,0,0,0,0,0,0,0,0,1386.62364989447,0,12948.7740439726,0,0,2267.35256917768,0,0,0,23922.3711562445,0,0,0,0,0,0,0,0,12643.0923897814,5225.1749499474,0,0,32202.3918718198,0,0,0,0,14123.1449191543,0,0,0,0,0,0
0,0,0,0,0,0,0,0,301.209109948711,0,0,0,0,0,0,0,0,465.450055524656,0,312.468127606712,0,0,387.719680432575,0,0,0,13.5078023273211,0,0,0,0,0,0,0,0,23.5560814443179,4132.45225755463,0,0,107.024975178548,0,0,0,0,226.11239639749,0,0,0,0,0,0
0,0,0,0,0,0,0,0,299.03861688012,0,0,0,0,0,0,0,0,464.953038579757,0,303.770863243571,0,0,384.239312521992,0,0,0,8.07085440764482,0,0,0,0,0,0,0,0,0.200092086654919,4132.19905437391,0,0,100.26344790544,0,0,0,0,205.573255668852,0,0,0,0,0,0
0,0,0,0,0,0,0,0,298.996090776219,0,0,0,0,0,0,0,0,464.616659588447,0,303.760823685414,0,0,384.111560938854,0,0,0,8.06879523087267,0,0,0,0,0,0,0,0,0.19666141151977,4131.17375613865,0,0,100.258603197839,0,0,0,0,205.519329943765,0,0,0,0,0,0
0,0,0,0,0,0,0,0,298.498248181017,0,0,0,0,0,0,0,0,462.329728516863,0,303.673962411256,0,0,382.492851972113,0,0,0,8.06032740974594,0,0,0,0,0,0,0,0,0.196633631693999,4121.69630283068,0,0,100.109639055461,0,0,0,0,205.462072782662,0,0,0,0,0,0
0,0,0,0,0,0,0,0,292.428031008637,0,0,0,0,0,0,0,0,449.250551374883,0,302.000208105642,0,0,364.088010302304,0,0,0,7.85839143212571,0,0,0,0,0,0,0,0,0.195979293131586,3929.82144058366,0,0,98.3009111001403,0,0,0,0,204.340948701282,0,0,0,0,0,0
0,0,0,0,0,0,0,0,269.391859003795,0,0,0,0,0,0,0,0,355.022834920962,0,278.340577870419,0,0,231.007239007782,0,0,0,6.72073400131539,0,0,0,0,0,0,0,0,0.184565196868817,2676.76158625394,0,0,66.9395003268983,0,0,0,0,185.842878705217,0,0,0,0,0,0
0,0,0,0,0,0,0,0,97.8693732758596,0,0,0,0,0,0,0,0,66.0541817543738,0,76.8312602319589,0,0,53.3003130034559,0,0,0,1.07968172259683,0,0,0,0,0,0,0,0,0.0504155595590134,219.189781938742,0,0,18.3048694882695,0,0,0,0,20.5055937842153,0,0,0,0,0,0
