5146.52350330193,5531.79330231776,15470.9988444179,12232.2429310422,15567.5092920101,9366.44919484022,8378.42348461,8891.40749204868,15884.3163975119,13613.462301952,10317.3583465233,6378.08769241685,6735.71835252007,11328.3376420786,4954.77979183372,8883.2933547652,11133.2037712492,13923.3611189466,8726.90664441723,15782.3234019221,7958.40370651362,15301.9041317254,8134.02610094475,11511.4486432341,7965.48767519043,7243.69137938032,13266.2451669705,10030.9725734312,7994.0123858524,11506.9245688817,14695.983448059,9544.43633944365,16112.6319872919,3006.29660462756,10220.5574624666,16930.4299629742,6498.06440429299,17888.5912179471,8810.67919287952,15078.018598346,11877.6308020291,15316.9294278262,17520.7584763084,6918.70450891512,13500.8698676953,16125.1132020843,11751.426980302,16490.6289340403,7670.91059091083,14602.0634454107,4924.6782979613
1323.45017481629,1424.33318444798,9526.70094527905,2087.33054616275,7415.27587486061,1816.29396198638,2414.2682408462,1888.30394276262,3950.22712059159,4575.24752214037,1206.66368626139,345.12986799367,401.6296138858,2891.0785811409,2011.12322883028,1400.87515788395,741.395731725191,4462.74670661992,1037.69606711483,8098.95840769725,1475.76534505508,3843.89345190187,1350.27974940784,2039.71939410941,1647.10778087092,1483.44661118176,2773.7889097164,986.729841209255,3955.5115189332,1505.68751303614,5651.21208056931,715.206178982052,3481.10197818847,658.554152661347,1914.08326721205,8049.3311187878,583.577153390746,4078.32264338931,3056.06212920963,4326.90131085817,5655.44255100982,8557.98699067989,6408.60644548933,1166.08900649061,2538.17955969966,7880.20814353893,1918.56407969674,4633.42352419155,869.12844787884,5317.00600350828,867.612548012708
65.5451726883839,272.47336831664,4683.86498138262,137.026903088026,1581.22699849771,85.4357376697659,539.478551108167,144.813812179373,974.867842759252,802.572194145014,92.5273482293987,57.4711202266863,48.9241424636789,649.03606013806,88.5337530683268,246.928734616404,32.3714476485442,526.534634053637,84.5454752546889,1479.40610709852,97.5704061699735,475.961544033215,149.200295904482,153.886067746582,503.206866110374,162.903436332322,180.945911015072,127.698464140554,1783.32770293405,197.23855880467,2030.7563293723,63.0782930330342,1486.68596559546,83.5181246571896,557.540054102814,241.136816161545,91.2909829456319,1158.88443841048,478.343341321624,264.81975747287,794.599153762962,3135.89136917536,1498.10138323558,118.871082032556,426.984060477608,3652.44238442493,160.278228705253,1018.83679505421,167.95872701252,1244.33824967407,86.556090963214
0.0476321862364557,19.8200527139379,399.983710936622,0.171548161323585,141.844212718944,1.08003694239306,21.7237239293596,1.28093168491273,16.7471201780585,8.37439858368765,0.22254257852336,2.87010766928813,0.0048262615433714,46.2641012779811,0.0753719470988017,0.451961521850535,0.139439511662488,3.24203307978803,0.0214699953269246,83.6580758594469,0.784726831058265,17.7304882566145,1.11512732235019,0.709102471089921,23.1700720549621,0.412967763242534,0.34416146744968,0.236645018050012,60.4433372042457,2.85041247183199,421.244325161534,0.167626443104041,101.619769135647,0.0853238345987393,8.04156991678707,43.7240291466023,5.95491314845611,248.545840393403,0.635584242135906,1.6028119105215,53.2710890956808,443.39218693372,96.2209047007315,0.47454945406389,5.95480835334166,396.75274424809,1.07994280162035,10.7581259263903,0.256871056972841,12.7426228897817,0.257787806711349
5.22959453519434e-12,3.21486812140392e-05,1.30835238322186,1.02318153949454e-12,0.62466830662396,1.65414348884951e-11,6.80228140481631e-09,2.20424908548011e-07,3.42253137546322e-05,4.83355469214075e-05,1.51379708768218e-09,1.70530256582424e-13,0,0.0923122722392122,0,0,4.40024905401515e-10,0.000241712725710386,0,0.00662692790598385,1.70993246229045e-07,0.000113262130355452,6.88058321429708e-08,6.5670419644448e-06,8.33344699913141e-07,0,3.58176635018026e-08,1.70530256582424e-13,1.18115457325985e-06,5.14915057010512e-05,3.45501939689694,0,0.0365269134843516,7.38964445190504e-13,1.13686837721616e-13,0.00488942310119,1.64902758115204e-10,1.23804949960765,1.897871015899e-08,0.00118518534713985,0.00696591598261875,0.86395530161036,0.205070514267675,3.85502801236726e-07,0.000145129599445681,0.142075177403058,6.82121026329696e-13,0.000324512499275897,2.26805241254624e-10,0.240346336175719,2.57957140092913e-08
0,0,0,0,0,0,0,0,0,0,0,0,0,0,0,0,0,0,0,0,0,0,0,0,0,0,0,0,0,0,0,0,0,0,0,0,0,9.54969436861575e-12,0,0,0,0,0,0,0,0,0,0,0,0,0
0,0,0,0,0,0,0,0,0,0,0,0,0,0,0,0,0,0,0,0,0,0,0,0,0,0,0,0,0,0,0,0,0,0,0,0,0,0,0,0,0,0,0,0,0,0,0,0,0,0,0
0,0,0,0,0,0,0,0,0,0,0,0,0,0,0,0,0,0,0,0,0,0,0,0,0,0,0,0,0,0,0,0,0,0,0,0,0,0,0,0,0,0,0,0,0,0,0,0,0,0,0
0,0,0,0,0,0,0,0,0,0,0,0,0,0,0,0,0,0,0,0,0,0,0,0,0,0,0,0,0,0,0,0,0,0,0,0,0,0,0,0,0,0,0,0,0,0,0,0,0,0,0
0,0,0,0,0,0,0,0,0,0,0,0,0,0,0,0,0,0,0,0,0,0,0,0,0,0,0,0,0,0,0,0,0,0,0,0,0,0,0,0,0,0,0,0,0,0,0,0,0,0,0
0,0,0,0,0,0,0,0,0,0,0,0,0,0,0,0,0,0,0,0,0,0,0,0,0,0,0,0,0,0,0,0,0,0,0,0,0,0,0,0,0,0,0,0,0,0,0,0,0,0,0
0,0,0,0,0,0,0,0,0,0,0,0,0,0,0,0,0,0,0,0,0,0,0,0,0,0,0,0,0,0,0,0,0,0,0,0,0,0,0,0,0,0,0,0,0,0,0,0,0,0,0
0,0,0,0,0,0,0,0,0,0,0,0,0,0,0,0,0,0,0,0,0,0,0,0,0,0,0,0,0,0,0,0,0,0,0,0,0,0,0,0,0,0,0,0,0,0,0,0,0,0,0
0,0,0,0,0,0,0,0,0,0,0,0,0,0,0,0,0,0,0,0,0,0,0,0,0,0,0,0,0,0,0,0,0,0,0,0,0,0,0,0,0,0,0,0,0,0,0,0,0,0,0
