6376.5103212032,127.279134294494,8025.58000343472,6608.50742965846,85.110915162772,72.5978819698803,341.185558619385,8549.72658770449,27.7177272237254,37.0304427833005,54.5228387855063,3252.17012345945,165.803671239518,115.378081707493,123.19936326443,7530.13610836908,149.799438665455,5188.10694102024,139.674727108277,80.0213131044022,9075.53650744762,10350.3232670594,431.871724822378,3277.77836895111,490.504755981986,6623.63830635467,76.7749068230589,53.7847089583556,5398.70544483766,2488.75748320147,751.938888940046,182.54608499553,1028.85491570441,1739.76123248417,84.9899743266028,5310.20121104158,294.142892526262,65.7803845464471,119.452743942792,3074.92982608791,193.187144309653,5176.87031559594,1231.36808042922,10481.9928751618,156.525299086453,41.0322639062533,157.273172411154,6158.33976867366,8326.40552440291,12389.0898680741,60.7574973428682
47.1365524980758,5.70184349686951,61.5879222782692,87.6876894545853,3.26326103184556,2.70721292869666,28.1431964396588,232.772698739437,2.31142939573078,3.11895682469913,1.30595982456566,101.820121565271,9.20840688835119,6.16123692044243,6.1394396892681,101.022966159242,4.57321870983742,91.601117310589,4.72901138021757,1.86573804513023,140.243376204991,175.700697458459,13.706608466455,81.3088578926781,16.9122096624624,55.9670126849562,2.44247056844165,4.44770037962644,36.1560650210549,48.6042313887465,13.5321649733135,9.38256202040907,14.8884964316719,18.5718509539149,2.75599547964543,56.2397234565044,25.0662448805758,2.55827911803453,1.14342878983325,80.3000998798968,3.78054593334241,53.3256446216976,27.1163395916167,318.409375360742,5.32197293919171,2.60999464505608,0.820417857576558,55.0863918181572,107.839874099414,222.115510573909,2.65019681315039
21.2439967389835,0.187676830700184,17.9608536930812,14.5288495872965,0.0867445309011146,0.126143759124488,1.19031462589942,14.3769981743494,0.0885818431156622,0.170691771899556,0.0638622807275624,8.05948642005069,0.913913305962069,0.111408342932918,0.189849623370719,8.39994525939755,0.105870480221029,5.07742904939732,0.339569178423289,0.166580330964734,24.159847962002,23.3808994278002,2.3602916355992,2.83673095932204,1.08812591328751,12.8043434768831,0.0962913875034701,0.141377209196207,10.4668459531044,4.30582875643131,1.39513507814308,0.542989431711248,1.04735502073436,7.85246294298349,0.153892109418393,16.5814687473689,1.20776309317489,0.117660256271392,0.130398576146263,7.40561572305205,0.148274188854884,23.552119851892,3.82038691672346,44.8500302621139,2.09853091033278,0.040900051836843,0.102352266519119,18.1492751908831,22.6128561466769,24.6347344235885,0.152375801181051
0.187864445568266,0.000407077378667964,0.599800669971501,0.587769361645542,0.000299330951293086,0.000349092412079699,0.00780083281279076,0.30477506329521,0.000172604362433049,0.000221421102423847,0.000255677882705641,0.266583382448061,0.0119937912024852,0.000220205791038097,0.000343286525549047,0.198540907897041,0.000227028264134788,0.247435680883655,0.000976777416553887,0.000306440620533976,0.358643391884698,1.69374140166474,0.00835068056744603,0.194327007494394,0.0160005717855256,0.243508600862015,0.000179263418431219,0.000199874074951367,0.242864645541886,0.0983691708572678,0.0297906073012655,0.00233483821284608,0.0279010848641974,0.11304334398892,0.000249745137807622,0.569830488771458,0.00498871330137263,0.000126844059650466,0.00016913365743676,0.0482614828943042,0.000605308706099095,0.839013275761772,0.0541247281703363,1.81349713737723,0.00719739655983176,0.000122724739185287,0.000137643278094401,0.30630980600813,1.0114516558358,2.0684968558835,9.45944775594398e-05
0.000125451944768429,3.97903932025656e-11,0.000236295045397128,0.000275466445145867,2.52384779741988e-11,2.79669620795175e-11,7.67602159612579e-08,0.000215997947407232,2.86490831058472e-11,5.95719029661268e-11,3.84261511499062e-11,3.75285951577098e-05,7.30044575902866e-08,3.38786776410416e-11,8.07176547823474e-11,4.07699376410164e-05,4.91127138957381e-11,1.43387260322925e-05,1.41039890877437e-09,2.13731254916638e-11,0.00139202853483766,0.0017178850766868,5.846550266142e-08,8.48163313094119e-06,1.34620904645999e-07,8.32512871511426e-05,3.86535248253495e-11,5.00222085975111e-11,2.76408670742967e-05,3.63578101314488e-06,5.61944261789904e-07,1.3017142919125e-09,2.38581606026855e-07,1.26907034427859e-05,1.50066625792533e-11,0.000148621326616194,4.92514118377585e-08,1.75077730091289e-11,5.79802872380242e-11,7.4497345394775e-06,4.68389771413058e-11,0.000178668619355449,1.64094581123209e-06,0.00272083333447881,2.30681962420931e-08,1.79625203600153e-11,7.59428075980395e-11,3.33314026192966e-05,0.000100930427606727,0.00281399141158545,1.77351466845721e-11
2.45563569478691e-11,0,4.02451405534521e-11,7.41238181944937e-11,0,0,0,5.20685716765001e-11,0,0,0,6.82121026329696e-13,0,0,0,6.82121026329696e-13,0,0,0,0,1.38152245199308e-09,1.50112100527622e-09,0,0,0,9.54969436861575e-12,0,0,2.27373675443232e-13,0,0,0,0,0,0,3.1377567211166e-11,0,0,0,0,0,8.13997758086771e-11,0,4.44424586021341e-09,0,0,0,1.81898940354586e-12,3.56976670445874e-11,5.82554093853105e-09,0
0,0,0,0,0,0,0,0,0,0,0,0,0,0,0,0,0,0,0,0,0,0,0,0,0,0,0,0,0,0,0,0,0,0,0,0,0,0,0,0,0,0,0,0,0,0,0,0,0,0,0
0,0,0,0,0,0,0,0,0,0,0,0,0,0,0,0,0,0,0,0,0,0,0,0,0,0,0,0,0,0,0,0,0,0,0,0,0,0,0,0,0,0,0,0,0,0,0,0,0,0,0
0,0,0,0,0,0,0,0,0,0,0,0,0,0,0,0,0,0,0,0,0,0,0,0,0,0,0,0,0,0,0,0,0,0,0,0,0,0,0,0,0,0,0,0,0,0,0,0,0,0,0
0,0,0,0,0,0,0,0,0,0,0,0,0,0,0,0,0,0,0,0,0,0,0,0,0,0,0,0,0,0,0,0,0,0,0,0,0,0,0,0,0,0,0,0,0,0,0,0,0,0,0
0,0,0,0,0,0,0,0,0,0,0,0,0,0,0,0,0,0,0,0,0,0,0,0,0,0,0,0,0,0,0,0,0,0,0,0,0,0,0,0,0,0,0,0,0,0,0,0,0,0,0
0,0,0,0,0,0,0,0,0,0,0,0,0,0,0,0,0,0,0,0,0,0,0,0,0,0,0,0,0,0,0,0,0,0,0,0,0,0,0,0,0,0,0,0,0,0,0,0,0,0,0
0,0,0,0,0,0,0,0,0,0,0,0,0,0,0,0,0,0,0,0,0,0,0,0,0,0,0,0,0,0,0,0,0,0,0,0,0,0,0,0,0,0,0,0,0,0,0,0,0,0,0
0,0,0,0,0,0,0,0,0,0,0,0,0,0,0,0,0,0,0,0,0,0,0,0,0,0,0,0,0,0,0,0,0,0,0,0,0,0,0,0,0,0,0,0,0,0,0,0,0,0,0
