10.2202367554955
3.39412616434038
4.14606360887979
0.88631839910795
5.14813920880852
15.0456423101692
3.95610399074155
11.1981535339492
16.225706401655
1.62068578302524
1.8986893582977
6.20646351798223
1.77437490222928
0.597305262273949
3.88961310230661
7.32470116294508
4.2916828737109
6.18305397625602
13.701048505679
6.2687717721733
0.487599866853884
10.4354038244046
6.14625185036016
0.911691292057412
3.01458954693885
5.52600125837921
2.87776929122697
2.40126177909224
8.09516298295318
2.88933975983855
17.5931435974015
14.1591109276128
8.68475415415514
3.51893058486621
1.4959443621259
14.0709379989864
7.04137276560027
30.8160784037095
4.15366792495126
9.94206256801158
2.52648578436549
7.87730566947175
1.82597201842373
5.38815865743391
8.12241122079377
17.7075092396316
7.40871264921861
3.89010082898517
9.18568244242158
1.48503129526648
4.23156478222654
