1393.11999905655
1393.11999905655
1403.90785857799
1368.65140709123
1368.65140709123
1393.11999905655
1385.27364809967
1368.65140709123
1368.65140709123
1392.20021716888
1393.11999905655
1368.65140709123
1393.11999905655
1393.11999905655
1393.11999905655
1391.67656933998
1377.42970049059
1368.65140709123
1390.74672530816
1393.11999905655
1378.54842955298
1368.65140709123
1391.67656933998
1393.11999905655
1368.65140709123
1391.67656933998
1385.27364809967
1368.65140709123
1343.59435538284
1403.90785857799
1393.11999905655
1368.65140709123
1399.44945886213
1393.11999905655
1403.0208566144
1368.65140709123
1368.65140709123
1388.32261507185
1393.11999905655
1393.11999905655
1393.11999905655
1385.27364809967
1368.65140709123
1393.11999905655
1391.67656933998
1368.65140709123
1393.11999905655
1393.11999905655
1388.83331987227
1385.27364809967
1393.11999905655
