249.965355751028
243.946791234938
244.986040192539
249.965355751028
258.634967226542
199.954625507
199.954625507
235.071356921189
199.954625507
254.106949539496
261.989988202221
199.954625507
238.640200807894
145.049030763833
220.766150244945
244.986040192539
204.078285904589
244.986040192539
238.349001376836
244.109627903606
249.965355751028
244.986040192539
264.058916490682
233.825904868456
227.547006669166
210.77595065767
227.547006669166
232.763921476022
145.085524477338
238.640200807894
196.965571633537
237.72741309765
264.058916490682
238.640200807894
262.141068477311
233.825904868456
238.411990956438
148.17259467713
221.369098001675
244.049542010184
197.014887129979
208.822940449847
244.986040192539
264.058916490682
226.228207436381
264.058916490682
220.184657794644
233.825904868456
235.071356921189
238.640200807894
244.986040192539
