5461.95167773212
7200.6943291846
5663.79081614478
5720.05095592167
6392.1766862102
5703.88780146763
5354.71918627892
5534.7719498724
5870.06185777698
5717.74930573283
5399.51958377686
5512.14852348065
5931.17627844371
5382.00846468214
5659.85367746967
5907.97218476474
5840.57863581442
5878.20373225917
5668.31652337776
5625.87313923518
5388.71029173964
5782.47609331551
5408.20744089529
5174.26010820372
6017.02182712109
6510.19889487227
5677.68025068641
5841.53135370675
5483.82992848374
5381.77281844463
5172.37152766066
6259.38098829672
6391.53390696767
5859.2239817974
5291.73538994877
5713.61063904081
5594.04335181711
6125.19110425978
5905.31470477605
5272.43992530301
5842.31354143583
5866.57553800349
6039.33136971647
5422.98127319899
5843.56716026368
5574.3000913715
5586.42105360604
6912.894796306
5614.36686612759
5794.24135089304
6379.35476846717
