5121.86217325553
5100.05212187605
5096.89932989019
5122.63198018969
5597.86619154933
5372.88190326991
5217.61307109014
5116.22021672793
4942.28098978111
5500.32322023254
5159.67251405173
5149.4917709489
5150.77960120432
5723.73530076363
5186.90580468986
5112.60538528715
5203.27468583036
5120.34125176721
5088.08740487272
5473.04638744495
4928.86235767522
5107.3769358106
5030.33308698237
5084.53315605138
5331.00045036892
5251.63661563045
5319.41279117126
5088.30081089007
5135.8806597464
5256.54252687011
5121.48240735978
5150.92145840573
5192.46861431779
5842.98423172249
5366.45539035867
5132.47831516737
5117.10966921952
5603.63018235307
5129.5232036995
5190.40052705901
5156.85620778928
5081.93037646488
5625.28108504902
5564.17098975268
5877.90134664372
5126.96987674272
5147.7883117022
4919.47521511807
5592.53884253535
5156.00033137562
5946.1258499578
