1463.34423556444
1616.89373556618
1466.60349699221
1616.89374751993
1637.03458283149
1461.94780423037
1473.83929496296
1616.89373613832
1616.89379499206
1637.03154515244
1470.64786512687
1477.7614926324
1616.89375432315
1462.84711708144
1616.89480377368
1465.61155296497
1465.56856461625
1461.02201701759
1489.10581110903
1478.60135170415
1469.22736980612
1467.99170917172
1490.88440220818
1462.48332777956
1637.05130872254
1481.23918157241
1622.25964328022
1637.04235111091
1494.76007051719
1461.11285818935
1462.35453072379
1463.94121015078
1465.52610069038
1481.55257160626
1461.70409561293
1482.89064642065
1616.89373636979
1616.89433064486
1430.09098227398
1616.89667517501
1464.37115187504
1481.74808295144
1496.51309817094
1461.85050309178
1488.36625565993
1463.30282581013
1607.34627665452
1482.64624157364
1426.02196124938
1422.12045624759
1462.53455054736
