812.659947398643
816.473203028428
815.335142356332
819.140889446119
821.803699235871
804.245678567344
96.8390088862541
802.242454094848
824.786437700624
802.787699608933
822.738732287794
826.285670445071
788.96060379143
810.039598386953
806.533741633552
817.560372138004
786.711417676219
809.200701049307
642.804433010353
734.973873698637
778.631185282773
798.863626562221
811.312680587662
739.150195882446
783.758239871289
817.320827101268
805.611786867681
726.715209344355
806.41128605214
804.567738720317
802.669995330826
822.03950475849
821.395930705477
816.852324437039
794.457077725474
757.144358579555
812.476170668064
794.754249018456
794.439050814264
673.315895240877
776.133115509321
599.641557211752
431.90137000065
770.539273328289
825.981228486341
831.050451156363
837.615093861569
808.147232540313
813.587064435756
801.177590042349
827.078599265833
