149.840416983594
13.4900567864318
150.798996444457
148.702177005552
150.01108038404
146.26659691636
149.313034728972
146.480452329005
150.765727344502
150.007351291779
150.607731055197
153.248352262429
148.610303443837
148.7021906768
149.321856312846
150.607715657165
149.425614661071
148.413428009054
147.172206828855
151.342215754772
150.607714287801
148.46363391747
145.78910811934
149.281642837289
147.985426077212
149.835862307975
147.289291528014
148.702174370483
153.088315845918
148.413876948263
150.607714599179
154.246938750535
102.125967839416
148.463539549426
147.287181682941
152.336943964367
152.235242788595
149.340096575225
145.905782366516
147.394384323904
150.705505387058
149.257004582984
148.463496315094
140.607516412274
152.055259403317
148.70217450345
152.342788213979
20.8085950859811
150.002724792608
154.246531732367
150.608919995885
