324.353156618539
443.994079279827
342.592216276442
307.165106511356
305.83585302149
320.268115900749
369.640198250808
321.729576498583
309.218596109285
304.692122662063
324.888189137247
301.573156491553
358.546746515812
320.010142719635
388.210953864813
317.909722154252
444.476055208918
313.299105823555
443.807898230245
306.435517370763
371.867898589795
325.689972108315
307.644146738978
451.699601672865
443.93568917322
315.379368177043
337.662361006645
311.502222571146
341.789639416841
311.167057822456
313.612377280282
332.388830321265
361.915784746478
306.832777517056
444.230860477871
306.002954246112
323.034886742646
443.821965638739
316.703612998007
313.842921163521
333.750243563212
328.060759653123
315.118215840766
502.689436982211
311.524467486495
343.396411347702
311.503935810946
323.454453175438
304.347937955386
340.115925528655
310.470248261859
