1123.05576424329
1122.34010923016
1122.67065862332
1123.60374039974
836.527767659872
836.451502317637
1122.32745265834
836.489845345698
836.651084899713
836.49243343773
836.698249771979
836.49049468997
1356.28320465662
836.548895213346
836.530133150362
1122.38590336315
1122.22811991174
837.409657838907
1122.40648500244
1488.17290790743
836.626254249334
1122.43090887464
1122.42963630565
847.294280760419
836.456795139936
836.445319424451
836.509287227512
836.548289112438
836.451596232713
836.443838372214
836.489024420031
836.45442728099
836.552623277406
836.492106833878
836.580838624079
1123.72301632204
836.453789039407
1122.45685859403
836.462348913191
1122.75945677716
1122.64628394409
836.463162865494
836.455628293596
836.468731852031
1122.82478206863
836.492048869333
1122.65496923855
836.44929720783
836.471486873742
836.647121663078
836.462183271289
