2572.13474676335
2613.01841169074
2585.18695156265
2524.70912312629
2583.34052829692
2587.46766171384
2547.8576722896
2569.78082733292
2553.80979332972
2524.2808253592
2552.92542583918
2528.27111243926
2585.63480665179
2523.83403294069
2521.72633034353
2523.55457472732
2555.88699277224
2257.80702836059
2596.27962254352
2623.42339904622
2553.31015235963
2621.93361895034
2295.79083781899
2577.92837238483
2533.08471697819
2584.97220769088
2532.96400468624
2557.81815791545
2561.25147603143
2658.6776636849
2571.92914127806
2538.73209811746
2490.06048766661
2560.25727579551
2575.34927356906
2569.4025778322
2655.3086343565
2528.39218933243
2650.80322571327
2596.05817040863
2532.69199147494
2543.61086482273
2607.50024277874
2577.16950163055
2581.89863597766
2569.26757921552
2548.97817246665
2610.45121554653
2530.37417878753
2587.53123985703
2526.38688888608
