8343.76891625794
8680.53755844235
8207.90463943552
8195.65367409973
8145.76447785471
8420.5096160142
8262.91578002452
8175.25275054031
8440.88869940996
8519.91513668563
7922.89836128786
7925.63751024118
8151.63950736654
8248.62968148806
8481.9339116594
8317.52523212834
8438.4713567892
8707.77497721217
8538.33139009771
8644.47387860401
8148.55975075061
8095.32121372101
8208.89748900306
8612.90138872061
8290.07831802367
8612.97073446492
8025.48363926646
8451.38567664077
7975.46727583967
8152.66402685557
8475.65696223501
8803.51047021068
8312.59238637085
8594.74789555775
8624.02436519005
8482.36812894953
8256.89913663519
8364.58644010688
8536.99436565743
8317.69455345627
8531.67756684646
8147.81213056184
8062.16392968483
7968.74127320766
8220.07966588164
8431.19780488394
7798.36861584821
8014.00653955046
7835.74433981267
8778.13567542901
8444.55418998834
