1878.80184016637
1909.98273500645
1885.28048230224
1880.63755093274
1903.24491443092
1936.57839855116
1869.11985752818
1795.29524275317
1883.10537367747
1890.2313389592
1900.48163296094
1918.29347460928
1889.53086374236
1826.56461275651
1870.22675961994
2052.52631576358
1867.48954286151
1890.58788842813
2008.57953494581
1805.14388957812
1879.86964039557
1868.79972052013
1797.45711452686
1896.4950710855
1845.6605530614
1804.2428152348
1799.83722139438
1888.75074132894
1836.95217386373
1857.52116848114
1854.25906367535
1882.7301840574
1996.91961969515
1811.42091842527
1923.39802847955
1917.49346481968
1894.23505459678
1845.16084787089
1888.00429904317
1923.17955838377
1874.08394641996
1879.32120758069
1801.467027658
1908.66936011859
1938.3727042854
1825.55697555163
1870.12633334906
1907.26842349788
1883.47135297154
2026.24035471903
1891.70775204468
