292.365965628289
293.845427361804
293.389385496478
288.471889820382
291.467101603303
294.958461635714
283.371238292601
293.509202959215
294.500720385096
292.375403525221
293.868454262613
289.844156267906
280.908554731473
290.746316510789
284.853668085728
291.919713175553
284.963590576857
292.388467216838
291.086369132302
292.938284779611
291.760758982872
290.000493285468
291.227894363396
289.790843166598
293.460043532468
293.132144624208
294.233918136743
292.310439021057
287.310618371893
291.44184875344
289.789540307801
288.012657577347
289.346899312889
289.542555665274
288.39026240589
292.553625082067
291.692864934048
292.365590568369
292.04760772012
296.92289900361
288.711635798536
295.851642116793
289.101815189026
292.533887705188
285.285336692132
291.593407076186
294.010427103265
288.47785388066
291.307245283779
294.032142616608
294.06000339183
