469.853695636431
469.237767415427
466.403562462136
465.826802385086
456.538257377348
461.643995918632
470.679142621541
458.08085243539
466.381812627346
463.237452373913
456.658202100371
468.096516996558
457.583731307692
463.65167454774
469.19670763157
469.871801363998
470.104885563411
464.412754904615
476.416698119457
458.916709183814
471.506756886934
485.353525438172
472.082203567166
476.596962969667
463.775743971383
469.937150068511
464.217085818706
506.313140546851
465.557792013617
466.956428076126
464.066322637273
467.992318015358
465.537854829556
470.97660267213
460.217610801144
482.025718504485
468.266160775148
467.957851015378
482.048002815673
474.294964694961
471.192824931012
462.296042545123
467.949405322872
490.662794672282
460.749357372699
461.928127735997
465.053990272609
470.595691906183
463.943914234691
467.929871482007
463.704379774899
