798.87007381138
792.79591330733
816.970314688824
806.608702734929
814.43468173878
809.729134683771
803.339483932542
808.060520654712
790.176595244454
803.561335225975
801.723594233311
789.991522888517
806.041153810663
811.999557645612
791.103422430346
780.2817241615
784.91635540426
804.823218839886
793.083744171908
794.848029772053
815.785569795069
794.777321194387
791.984853953178
806.125812813505
797.27251385062
793.860128202637
799.016313412477
799.247498534807
810.801440734009
777.080712808983
774.567268674155
814.516712926423
791.929404264748
781.645701988749
811.512517663025
807.153182083535
793.802713511804
784.437535244359
780.923636578763
807.01496116498
791.541988626092
781.691112716986
793.166841740208
802.821767067123
814.583408850816
798.90372676939
802.573445659574
810.313532811063
783.240261065477
805.040555705938
800.938391820851
