432.731964175622
447.240158990567
460.088370231942
424.412787851606
404.978905956911
424.689632197826
453.514147381054
441.917999211574
493.30252953713
408.952856933229
433.360827005618
432.756978914586
430.305143584242
418.017405752133
425.32306788013
431.675909983078
462.877034026942
414.050606978923
411.641873545635
443.419182777677
455.366358279318
529.767991282872
416.695982014567
532.081640082186
482.481536181048
456.919076761211
436.40831423179
432.974452148924
424.208690788541
430.54575048224
424.476669665979
427.22561347041
409.041505287801
425.159496766565
409.995361648504
414.183613202136
423.37026278656
455.700648271942
444.209107217204
426.123739641418
467.311350022836
422.765018586768
461.54259593437
510.779306086614
425.76577782969
430.523320003246
428.43898532937
451.849474642552
555.825923815113
419.495166891465
463.740966034919
