515.60133537963
501.382001487275
496.825128657357
550.345736786551
505.827605297294
529.963504099926
527.895402178743
501.921641535052
474.779482870879
1355.32929053418
517.253518267107
473.185737457364
509.936177061941
449.966438514028
483.266896881533
1185.04186268264
557.788937949929
500.228148576087
512.915383312187
458.633448312213
498.335883990143
503.447349924777
510.446452344426
513.78951578686
504.562537785268
489.38349568769
503.97214225596
545.945493180704
510.577339408932
496.717847172863
500.815115342923
526.34423784488
515.663004702741
511.893728728102
516.535371705457
530.986358521601
519.753232490153
533.634878141655
486.103773082168
532.747539485951
496.700045858094
545.940793449831
493.828421356656
510.963946538861
525.733242784243
519.393520867894
526.803194626953
518.80600751483
549.249763928546
490.407417685617
495.103905638678
