3087.0283463985
3002.31790299392
3166.8773294264
3037.69503378316
3040.23597531469
3020.82954576139
1677.96592701394
1838.71329864758
3132.28955838436
3036.45462082421
1344.13337584263
2951.55952783003
987.438449948574
2264.67959529457
2900.53380385276
2966.73065132501
2118.93456342208
3002.29451298142
1723.18029372837
2637.11496715829
3019.83206307392
1237.11402947896
2909.65400315519
2977.59031567829
3010.48095812519
2006.67503500767
1345.07690382217
1156.42175483484
3218.11301319545
2563.358898679
2933.98983912868
2256.72025530139
3026.94869019206
2891.52893523373
3039.26339289746
1947.61564946134
2779.33939857741
1149.20928127006
2998.24656672273
1249.44416049156
1356.07472690635
2242.78719652006
3134.06232913417
2871.41612169343
3183.32121970923
2914.44207425359
3109.04997084678
1158.88388026676
2651.16049381636
3114.90588864308
1669.94469032931
