4220.2838551539
4655.54132871
4432.30299054355
4071.18171771639
4658.9387789399
3721.4036635565
4579.38674666223
3703.99611818031
4485.48461389026
4268.83901287621
3483.70608393821
4360.04729347026
4575.18360089862
4971.36935477457
4470.3576891846
4575.40556727101
3947.45629883934
3921.57483585138
4157.54530600288
4130.50593964957
3634.7642684398
3606.30882209071
3662.43157582663
3943.78822431546
4512.19329380761
4271.76767910243
3583.62728381092
4138.1708947684
4137.86598133529
4587.29142795859
3559.24648158454
4390.52502786989
3182.97624486472
4044.63722487197
4961.12051832693
3935.91573239558
4364.00531280328
3510.91586838019
4481.37887144072
4039.08790711225
3903.28724555902
4428.39805822564
3850.18057147662
4843.5025733029
4367.74634512592
3938.85512950406
4327.39267668177
3737.58463053553
5055.72343393763
4266.19029533481
4512.44708755997
