9733.51865840857
9268.90138759975
10380.0823802276
10655.6260162916
9604.63919101571
10611.1264165336
10793.2630526966
10024.930101594
10096.6524882426
10142.938668527
10563.8322934783
10179.3118173298
10124.2768731786
9730.05803308448
11427.4227456119
10174.6743092025
10113.1590911129
10975.9210410996
10626.9513176846
10169.3101905181
11308.9568402895
10257.6218282819
10331.4357828281
10689.9662041121
10110.2854694887
10045.405600815
9477.71057751449
10330.0502551008
9925.67082567499
9878.96383674697
10304.6840964546
10350.1283346633
10208.9998510587
9760.01774897191
9383.79830206548
9872.12830192441
10110.0441075237
9922.42770738591
10113.19270695
11660.5490880727
10534.7710472523
9503.45518045842
10049.6639055808
10008.2194516236
10559.4300838057
10413.1214389924
10039.549169815
10834.6222536814
10746.83394084
10027.1567919346
10027.2228460176
