24382749155.1182
15285051240.6758
26345075629.2142
19805383252.9507
17561273982.318
11136116747.5355
13420235540.8011
6485325708.8104
18709776655.246
16745272422.7867
15139170595.469
12778748568.5049
23766397842.7844
15182665685.4563
22966158902.3682
15480264174.4397
14273763363.8866
24219958485.2343
14690099818.9844
15162902423.612
24312851216.3904
16222052769.2706
12359277848.4489
20320672496.1253
15076826352.1081
18015667420.1817
7909328437.55413
9998049359.92443
19525200612.3691
17058300655.3733
10913314296.8298
32927517641.6259
13573930123.4853
13710766585.8834
12128181301.827
11567439983.3282
19182272507.3918
14831179122.4965
22170490229.3203
16126322407.718
15892599661.6947
15283774944.7887
18261788467.4289
15306146768.5851
15967995079.1597
13000635298.4678
16792641249.9127
11321092460.6009
31253543399.5252
22185017431.9431
20777286811.6434
