53716153375.1616
33371247488.024
36937821955.9088
56713452835.7495
42299974595.2577
56236006728.2998
45703874046.5067
22730900533.8624
35051015223.3925
40007573351.6418
39242433849.5772
42926064864.9929
18035423960.0356
39532081682.288
45028046767.5722
46970649926.4554
50951206415.1903
17963622077.2272
54663948343.8717
50998633792.5449
64340784539.5216
46954060833.5874
48728044292.5754
43183162529.7343
32719049940.2287
46222379362.6975
38831702948.0745
42875131105.6718
31349745700.0689
45649755742.353
36066373466.026
21631593598.7438
24346354492.2862
43901972352.3113
30170734430.9291
36496140728.7908
45069742855.8121
48667681080.2433
43674561455.4185
59816908759.7862
24602233572.6435
21865677712.2855
45249004417.7649
51089650723.1309
49423179674.0767
32712011490.2244
45565506384.4114
30911532134.1864
56171598317.8376
13850722401.566
47159163447.6459
