78.4299051214167
25.3878481428501
59.3162446700801
117.234308389931
90.2690141543892
33.8712375037605
62.1931746623882
75.2341216608186
99.9042332574239
83.944114094576
80.3965190877731
26.3241528404676
0.369867813045175
24.0448767431758
122.838095381993
53.9846297402855
42.272343069769
51.2495322680254
22.7644291866725
56.271604900393
50.4418234800467
0.214311493546347
75.4972062188335
95.8685799143227
109.837807866659
49.0006261987255
90.34120877639
12.120420330923
87.3489906946838
59.1487439980313
24.8330015352765
33.4952224606595
177.638031887954
124.169838603787
64.6024029357068
84.1350539337614
31.616932289021
37.8095991513919
0.641463726752818
100.811321312088
30.0581824849542
67.9919298045379
42.3501304681577
87.3027609691954
37.9209201041147
42.8427855269847
26.8047412196759
13.0183846237694
48.067334452167
113.044028185681
37.4065758034096
