1080.10138068869
1623.50334909649
4093.10012201665
251.509198815647
573.802716725865
321.794006419598
141.371025221531
131.61537737915
777.1409725964
2340.70355252624
1990.98860712218
1045.22044048414
1843.25894719302
1760.63176294612
1232.20449248505
1723.80535410196
52.3559332589402
319.090782491372
96.7711024187364
228.458828565614
167.521481925892
393.174834461384
1192.6008693139
1574.68863547099
110.81809918902
150.520351021567
554.390055890387
334.762835886249
573.454255619681
624.926962780291
1122.39595933159
265.484941268759
1890.60126687917
1428.74574157121
1432.90348849321
3215.43157503382
901.361362659063
1517.25471150605
595.058002658744
2172.44547898733
981.771801538619
418.597246456916
1282.78818921842
2191.36703248485
721.368639155164
932.194075487411
601.321733015834
1309.03189427118
871.142171750074
215.350588592094
776.000589338244
