48.9548953039134
33.0322293755976
39.8681660241381
41.333937989466
23.1616434607804
32.542485797521
34.1272710576449
50.9638390785409
38.403989006939
44.2853330531531
40.7796715802556
55.6601276249148
51.1326510542016
24.5495562721896
44.2065710453146
46.3685952701061
49.7185518158099
44.7434535004911
40.1479391742034
34.9661553599196
29.2834971145753
49.8264232533661
49.9076204738566
49.3317405792254
63.2052607258088
32.5161439318142
59.403336266646
67.7517413154044
53.4926950130827
49.0271733330461
35.6425352585154
33.3408433426083
23.5147449598398
52.7516678085573
38.6980925990372
54.4426559721363
52.2442423758622
42.8903580506832
42.4666208083039
48.1691798191152
40.1428548860321
41.0908017977534
44.2200963308492
71.0968855512746
47.0902908378562
77.5272666314735
32.8219509768235
36.2840733561641
30.3710646837565
44.117630711265
32.9666696961486
