174.616668426889
213.655248230773
84.8376590233296
210.829746954291
145.059675295338
218.857123807552
490.84039360963
58.8926585493068
173.555551287113
228.338094071328
169.311267694444
94.3786127802896
230.035782505923
70.5247110750504
184.244438106758
112.597153193222
146677322.621362
157.415518244278
106.93639160092
157.072634095607
72.4480716348384
211.124346268705
174.665052712666
340.409045620744
148.674166416453
121.413152743524
188.610007018128
179.571668642464
196.562797214001
613.026315331535
273340341.458197
166.040509331281
61.0416894448256
93.4482092167555
110.568646611799
115.836172550476
138.112211349063
286.198387077262
132.547089602795
113.178418942221
107.428585697847
110.139889764281
154.311980299873
173.973605431458
155.385531515488
334.145968136507
141.433811805301
86.1387634529933
220.324181141946
151.337145667118
227.48214540574
