55.1019007142964
54.0591323961319
58.0578793273039
53.5027133274243
52.886797314085
53.7641377067984
53.6418411286678
54.3005692054236
54.9008848548712
58.8047063628369
54.8831090977521
52.9527163549806
55.0751032072004
54.406949640987
59.0658974989068
53.2175927361438
52.604057407953
52.3262211916339
53.5497468601342
58.2461807890504
56.733274891175
58.752822980784
58.9514620349972
56.0158960732646
54.6861168289591
53.3961980196224
54.3609568109107
57.3187139233886
53.988282772649
52.7156375378198
54.0463337459934
54.0540558172255
57.7296791227109
55.511752294312
53.7149265633059
54.1583424184037
52.8501429800696
53.8213052209342
52.7755971873481
52.9343925022376
52.1886785227883
54.4290182079535
54.7060961658404
53.8811028000544
54.7833378438725
52.666806197748
59.0342239750325
54.2090405273935
55.1010428200942
53.9053778498375
53.9371862606441
