167.251686844602
167.25258297622
182.175009276282
174.217154848108
201.078810840542
148.348442941471
167.251639670527
166.257554353379
157.301041047517
145.361588987587
167.251062680255
190.132761966267
180.184926828307
183.170707280108
161.281655757406
163.27301141885
163.272846160195
146.358690141928
171.232453232064
140.388387413038
175.210014685385
188.14670631332
170.236484366296
151.331313439728
173.221543246097
185.159944764733
164.267489123231
168.246974288931
205.060718416571
159.293291139577
178.196908517428
162.278065465512
176.205935970271
202.075522461855
192.124825398856
176.207375673757
160.285629454834
174.216332781933
165.262433779375
154.318131797811
200.085700143511
165.262025474593
160.286093741461
155.311265274727
149.343712844578
136.409038933229
176.206844714949
190.136001867443
192.125921600105
175.211026426382
162.277967303861
