365.920941753084
523.054990732288
499.568428112171
438.292551074035
439.608424111172
348.482189143575
470.650608129153
326.89057265051
420.545175245034
438.849210588303
367.949446561335
436.369474639279
466.277724333175
497.912537125575
376.276267365675
461.575466005028
425.29933967818
500.223978764929
376.028788630942
401.651178933244
474.07041266586
444.91715021772
409.734148964015
379.061101148864
475.776652239653
397.344245387451
399.588821951016
442.936127877311
425.923312961629
421.361776532015
502.184315651041
390.599173327241
395.411192334772
543.286211306601
424.987531292172
398.280549783489
422.453105213467
440.8757160359
419.086955224493
400.719266222895
405.694178718387
268.20881586998
289.30631750416
459.25329033943
391.446404747537
459.405790305797
443.067795694072
402.571942702421
397.550844898057
541.338618991557
402.747175145509
