1714.06343876401
1710.06638356767
1571.08926888468
1710.06514770443
1710.11671797561
1570.75344029811
1709.8281895139
1709.81797207771
1709.79917454015
1571.51603048059
1710.05504487254
1709.88283778079
1709.7450414817
1710.23744476176
1709.6567778349
1355.63755428286
1710.16951355825
1355.29210812627
1710.46649437432
1709.67738242189
1709.88537887942
1575.25110907117
1590.17930598097
1355.4702033331
1848.99434373197
1709.79997906469
1710.30886487948
1710.02650764036
1570.7514820289
1710.14626991999
1571.33622411982
1710.15545244108
1710.23119446743
1710.10891629282
1709.88186252742
1710.42826192043
1710.07040984145
1709.93652939894
1710.44829672673
1709.95122389334
1710.10405177191
1709.97763321409
1710.23497504812
1709.97847614091
1710.350931623
1355.75308079855
1710.02336386824
1710.1626665882
1710.28954546429
1710.10215200767
1710.15977693297
