166.113398904159
189.571483450948
260.210899807448
200.710954150945
191.363061362797
223.139172421564
269.560354761971
246.941275406215
201.322089630551
203.823196700919
237.538465163806
199.450843836597
297.145992968221
182.309534456063
171.698547974522
244.29942972232
255.746200368882
265.051673108034
303.7362732366
243.526859338826
206.700447104681
161.547068857008
254.46638120133
263.658541796384
215.169660018993
177.74629171772
199.119141583035
248.22338515619
228.873313325766
241.434666774927
182.952143487843
282.564369808407
266.177971807641
364.330549659778
201.228784614228
255.990584347068
194.893713351318
175.665736076033
280.454419378097
290.252123928762
209.575868649171
221.354930947723
272.630876409514
270.503582329898
204.767937660422
239.495696421845
257.651767345219
241.613798216104
243.77215677124
266.57953836261
186.440883993135
