97.107485156605
77.7413807657099
90.7003404377683
82.8610423975238
92.4931719544079
55.6401464085948
105.253317861766
82.7167707023807
102.712123228261
99.6184363164423
84.223538562012
73.2413675099276
81.2423063811957
75.5427781689641
102.067950984072
108.197023488212
80.8947600938238
76.3647810190237
81.0890045626043
78.9218780543608
90.7291260632646
104.473833521251
81.1387378105185
99.7169041616075
70.5694627228395
94.5898702919708
95.6647700715321
89.6793413941111
86.9975982017709
75.0582934174492
97.7710134453762
78.5228941961082
110.645055755409
90.6676351929007
70.4791396506541
72.0275544172323
101.69019729268
65.7890590957757
105.229839260269
104.692467373694
104.430922106832
102.440061135304
61.1262439740781
91.546835327631
82.7877611827789
96.0630631352542
89.0331299536126
107.032550465573
63.8158517554325
63.4370375153765
121.001575341814
