1631.94305273391
1628.54899203384
1627.86158162249
1852.09159174271
1643.59400553035
1629.63409738802
1626.87598068857
1631.84054113096
1635.51435114573
1856.92897153771
1638.32311967664
1641.85304037383
1848.67727297928
1845.10115185899
1635.51340321082
1628.54836352172
1632.5284601851
1870.16177245309
1632.52969367838
1628.54868932016
1626.6504531421
1628.55135292144
1627.98672700367
1631.67009344082
1852.09093198983
1625.56351453006
1633.84625030191
1643.5941828964
1626.63872204421
1852.65588787488
1847.00096975234
1629.60894053149
1646.57901167828
1848.08841632247
1625.00099290882
1624.69690127819
1624.97528144168
1628.54893228004
1625.00078760382
1848.6749800763
1851.97426517869
1629.85914926541
1631.96722680808
1632.52873200209
1632.52889180652
1854.02513111707
1635.51389893714
1627.67435836525
1629.90321379507
1624.23387324547
1626.91171174232
