696.878241606003
677.026794979905
706.806414004653
631.272399637007
736.344287076868
721.975206116837
727.008715400264
699.807274663821
655.550353338604
662.49915281167
697.659756787289
710.048424230577
694.843458146163
688.75647397418
733.335912925425
704.956225202817
628.983679368372
730.04433550781
762.208895547876
721.781868399706
737.86598796183
637.88061526452
724.554785827102
736.160998327534
713.535519670605
686.935321508128
694.843458146163
685.213954907068
727.743174127183
751.473587466145
695.162964714355
709.517037593947
681.77820115055
715.326950965559
670.189613198151
700.711421637126
670.78571702012
739.627171321585
613.970407924706
692.06413800229
662.815366029553
683.402561382695
675.647976431316
754.335702892048
666.574447081076
712.49298209163
692.09194130019
742.571847546216
718.063889794087
690.158280084587
676.046203733299
