11112.3276641395
11114.8658023393
11361.4021987399
11112.3276659122
11303.1102955678
11361.4022006855
11243.3438848001
11303.1102975613
11243.3438833226
11361.4022009248
11303.1102957105
11361.4022001326
11229.8205954088
11361.402200537
11168.4999305676
11303.1102962873
11303.1102949907
11168.4999292851
11303.1102960047
11168.4999300803
11303.1102980259
11361.4022006834
11112.3276654038
11112.3276666785
11303.1102954759
11243.3438849245
11243.3438851929
11435.5783551533
11361.4021996574
11243.3438843689
11361.4021994925
11361.4022005696
11229.8205960105
11038.3320275324
11303.1102958128
11229.8205946467
11229.8205966748
11168.499929729
11168.4999290983
11038.3320280255
11189.4240018737
11038.3320275614
11229.8205975508
11168.499929816
11303.1102949925
11038.3320280973
11229.8205959143
11361.4022003175
11114.8658013492
11112.3276651024
11229.8205969188
