2956.83004887044
2979.28704240349
2982.05684445857
2963.59130840337
2982.05684387671
2867.44214484023
2825.24766656796
3139.0421921689
2982.05684469605
2982.05684461525
2979.28704319021
3133.54865925659
2979.28704446093
3089.27286244549
2979.28704294013
2868.77065417849
3017.85609476422
3168.27842707706
2963.59130796458
3017.8560943781
2825.24767161854
2963.59130994633
2982.05684441331
3002.54106035859
2913.61072527801
2982.05684497772
2898.45914122402
2990.09354153928
2747.80612490297
3141.18536398345
3017.85609400149
2982.05684522576
2868.77065458589
3075.92674092599
3141.18536341497
2979.28704352846
3135.9018626195
2963.59130908578
3017.85609438241
3084.26226954839
2931.15516160639
2979.28704282464
2982.05684647421
2937.74279751372
2827.89174215407
2841.21993031365
2963.59130841961
3141.18536428827
2979.28704378132
2982.05684435645
2898.45914072077
