562.633484625932
562.572421313462
562.651047389103
562.561208786452
567.991986581731
562.57717566816
562.556100665983
567.963649357443
562.702655244761
562.54650035759
562.540412189428
469.396700718205
562.598718235522
562.559220674564
562.563365749583
562.56517737851
559.765458468905
567.790570405663
562.628254432032
562.543467629389
560.05296088683
562.649451125066
562.567810522535
562.525096504579
562.54169265852
562.551322056611
567.94680654168
562.553825272837
562.538446984563
562.535706561512
562.597891516867
562.577002693463
562.59436810996
562.606010628394
562.578759738044
562.576177526681
562.569920379915
460.246134224275
566.470441599137
562.587859697728
562.578468115874
562.605063728965
562.568539962028
562.588596069543
562.566468445743
562.570864410595
562.608121281608
568.067359356354
562.574134121014
562.545901655946
562.541158350492
