9822.20384392502
9545.10981640762
9818.57905290324
7324.71500847183
8864.8197398877
300.000000000001
8457.14513248952
9411.77058063715
9297.66296640234
9510.06981690282
300.000000000001
9032.41803248009
9068.82195298949
9847.71498748844
8331.10906125797
7188.38015716212
8867.50521187293
9429.81704169378
9628.6721622282
9002.93587746868
9183.94778779521
8762.6420101777
8903.0066228678
8679.14199438737
9250.67670402924
9753.4143783113
9485.12677273059
9064.98441622046
10010.9601412694
7476.20317355929
9129.08145500374
9514.73029833323
9104.2084672866
8920.25443168743
8620.63067390622
8160.7811707607
8465.56431789821
8247.73345826618
9787.4311424325
8479.81973532293
10014.7396793247
8194.07522510266
8893.81582850807
8778.04557052872
8482.62216099994
8041.44094517776
300.000000000001
300.000000000001
9495.73718003611
6983.10408233378
8524.60423714715
