8566.77010731343
7963.52105465711
8065.00952209514
9137.9447541946
8142.40228843584
7621.40610315416
8065.0095223827
7547.4417747998
8401.51195376152
7524.74680233941
7239.07850018654
7347.55220687405
7693.52229258568
7569.62932834623
7621.40610128596
8142.40228787136
7621.40610341865
7834.45048894131
7452.5564562224
8085.14952860615
7865.74038439623
7865.74038334629
9237.10130132065
7990.88571868394
7865.74038448865
8401.51195457917
7621.40610242516
8142.40228834621
8396.81088472956
7834.45049141315
7865.74038407448
7148.43469230392
7811.62380678763
8724.737640738
7811.62380650012
7569.62932936329
7870.81476643957
8396.81088488934
7621.40610070837
7825.75676416742
7621.40609987756
7569.62932929134
8396.81088540322
7937.19336131024
7569.62932873109
7621.40609981875
8396.81088560038
9163.3254572151
7706.66338850138
8401.51195331516
7621.40610195187
