458.848722726397
507.694692847309
507.694692847562
507.694692848661
507.694692847633
507.694692847373
507.694692847259
507.694692847247
458.848722726076
507.694692847468
496.669294677431
507.694692849841
496.669278588331
507.69469284761
478.467467092826
496.669283262202
478.467464052875
496.669284509674
496.669280351679
507.694692848587
507.694692847627
507.694692847726
507.69469284748
507.694692848216
507.694692846945
507.694692847716
507.694692847773
507.69469284822
507.694692847374
496.669280953386
496.669280027842
493.883806085737
507.694692847072
507.694692847475
496.669277619163
507.694692847017
458.848722726097
507.694692847878
496.669287553667
496.669283355889
507.694692846824
507.694692848533
458.84872272604
507.694692847719
507.694692847134
507.694692847454
507.69469284761
507.69469284659
458.848722726135
507.694692847816
496.669283496286
