5.6843418860808e-14
5.6843418860808e-14
5.6843418860808e-14
5.6843418860808e-14
5.6843418860808e-14
5.6843418860808e-14
5.6843418860808e-14
5.6843418860808e-14
5.6843418860808e-14
5.6843418860808e-14
5.6843418860808e-14
5.6843418860808e-14
5.6843418860808e-14
5.6843418860808e-14
5.6843418860808e-14
5.6843418860808e-14
5.6843418860808e-14
5.6843418860808e-14
5.6843418860808e-14
5.6843418860808e-14
5.6843418860808e-14
5.6843418860808e-14
35688.598980474
5.6843418860808e-14
5.6843418860808e-14
5.6843418860808e-14
5.6843418860808e-14
5.6843418860808e-14
5.6843418860808e-14
5.6843418860808e-14
5.6843418860808e-14
5.6843418860808e-14
5.6843418860808e-14
5.6843418860808e-14
5.6843418860808e-14
33836.2151284385
5.6843418860808e-14
5.6843418860808e-14
5.6843418860808e-14
5.6843418860808e-14
5.6843418860808e-14
5.6843418860808e-14
5.6843418860808e-14
35211.6713873289
5.6843418860808e-14
5.6843418860808e-14
5.6843418860808e-14
5.6843418860808e-14
5.6843418860808e-14
5.6843418860808e-14
5.6843418860808e-14
