5.6843418860808e-14
114.011563528917
0.158565233367312
5.6843418860808e-14
5.6843418860808e-14
5.6843418860808e-14
114.011562329007
5.6843418860808e-14
114.011562800296
114.01156188145
114.011564512362
5.6843418860808e-14
5.6843418860808e-14
5.6843418860808e-14
5.6843418860808e-14
114.011562724528
5.6843418860808e-14
5.6843418860808e-14
114.011563311563
28.5127117308384
114.011564460117
5.6843418860808e-14
114.011564600337
5.6843418860808e-14
0.587621063211941
5.6843418860808e-14
4.88626028527506e-10
5.6843418860808e-14
149.49162933189
5.6843418860808e-14
5.6843418860808e-14
114.01156313601
5.6843418860808e-14
114.011563478892
28.51271420923
114.011563174078
114.011563555607
5.6843418860808e-14
114.011563022572
58.5446919519844
5.6843418860808e-14
5.6843418860808e-14
5.6843418860808e-14
28.5127117701076
5.6843418860808e-14
114.0115632553
114.011562522892
114.011562040117
5.6843418860808e-14
5.6843418860808e-14
28.5127128483305
