383.055874367104
384.050833424198
384.050833424198
384.050833424198
384.050833424198
384.050833424198
384.050833424198
393.005312566278
371.116832575554
384.050833424198
383.055874367104
384.050833424198
384.050833424198
384.050833424198
392.010353509185
384.050833424198
384.050833424198
384.050833424198
384.050833424198
394.995102422452
384.050833424198
384.050833424198
384.050833424198
384.050833424198
383.055874367104
383.055874367104
384.050833424198
384.050833424198
384.050833424198
383.055874367104
384.050833424198
384.050833424198
384.050833424198
383.055874367104
384.050833424198
383.055874367104
384.050833424198
384.050833424198
384.050833424198
384.050833424198
370.121873518461
384.050833424198
383.055874367104
378.081104316171
384.050833424198
383.055874367104
383.055874367104
384.050833424198
384.050833424198
383.055874367104
384.050833424198
