66.9907743261317
67.0598880336796
67.2575693787485
67.2575693787395
67.257569378738
67.257569378709
67.3879304575414
67.2575693787066
67.2575693787395
67.2575693787054
69.9814516473249
67.2575693787298
67.2575693787071
67.2575693787069
67.2575693787061
67.2575693787271
67.2575693787228
67.0598880336636
67.3879304575414
67.059888033663
67.2575693787063
67.0598880336624
67.2575693787039
67.0598880336619
67.2575693787386
67.0598880336676
67.0598880336679
67.0598880336628
66.9553275279472
67.0598880336807
67.2575693787103
67.1528548128582
67.0598880337039
67.2575693787302
67.0598880336869
67.0598880336647
67.0598880336606
66.9553275279168
66.9907743261865
67.2575693787054
67.0598880336624
67.0598880336623
67.257569378706
67.2575693787069
67.0598880336655
67.1528548128422
67.0598880336707
67.0598880336623
67.0598880336815
67.0598880336645
67.2575693787111
