422.853667218102
428.823396326129
417.878942781314
420.863754141735
420.863754141735
422.853667218102
420.863754141735
419.868795084642
419.868795084642
420.863754141735
420.863754141735
421.858713198828
420.863754141735
420.863754141735
420.863754141735
419.868795084642
422.853667218102
420.863754141735
420.863754141735
419.868795084642
420.863754141735
420.863754141735
412.904152533667
423.848626275196
419.868795084642
423.848626275196
420.863754141735
423.848626275196
420.863754141735
419.868795084642
420.863754141735
420.863754141735
413.89911159076
420.863754141735
420.863754141735
420.863754141735
420.863754141735
419.868795084642
420.863754141735
423.848626275196
419.868795084642
419.868795084642
419.868795084642
420.863754141735
421.858713198828
420.863754141735
420.863754141735
420.863754141735
420.863754141735
420.863754141735
420.863754141735
