1048299.73796014,812569.634294892,415578.113340334,963360.556555298,747784.227422729,698149.820934185,714369.046979984,473972.265775916,524908.931147178,326915.554797971,599818.010949576,805565.149211274,642787.194192133,790192.401865972,1218085.64202755,1239628.77142624,740531.561995026,484778.506267481,1153770.4186529,900035.981493502,931411.79448804,768527.07282199,703520.140308323,676115.201691658,781245.087948491,341946.891350572,806301.510410095,284390.810673462,545362.048077384,518394.022468039
387712.430684625,261578.703395651,234746.298478831,383990.595892164,747784.227422729,426419.374885519,203055.664523503,332044.571319356,382685.165987401,230740.201462954,355695.679926171,713664.206499033,293438.61371862,444121.39957143,392114.277227447,497408.565892808,156429.618146791,249102.375481715,418030.617755303,277312.955893441,319531.362139149,436683.491707782,241452.055507546,231336.655619283,311643.810387579,271002.268182232,211444.097016114,284390.810673462,58227.8408677159,307702.641896793
90964.6040091106,113258.223461244,22209.2070810446,167856.300151875,303799.397125893,96147.7444635148,120844.658073753,36952.178058594,103893.060766254,70752.4903147821,75934.6128575638,200607.474676446,86031.9477611178,48704.2117823566,252756.13953154,112904.427338926,24773.2002017267,58054.6670065238,75591.5844897367,69871.0948565308,142121.827371723,124806.577212158,64206.5549083368,105778.145038069,120053.914914518,54554.0185276369,71491.1107109479,163487.365538277,27373.1279357149,67093.7763103962
20410.4105333509,12495.403703787,15550.3568296572,10776.6690721764,183884.175839328,43302.0460198804,12998.8528750878,5407.17105236995,30206.6788414655,7704.74417512035,16878.6036886257,57720.5465604121,6225.59869703606,22666.984203522,17441.7668850129,15187.9896750231,11255.112893163,11153.0115972766,37083.3826268386,10721.1136138461,38472.4893310051,22940.9385796616,23037.9792962625,22504.742961997,16528.4653325731,14221.6944515974,22046.5920824823,16640.4915402259,7828.1646512102,11421.0114445662
658.913052699372,623.230967701836,278.756159784062,580.594952328153,3815.64141144001,1401.32447801197,1498.24358160875,252.616951408337,475.504779668335,295.691061811178,680.41553459835,899.832648746655,252.505728450205,796.121921798784,740.388949497373,570.950263415631,447.295844282542,361.975889487439,480.324597636841,682.589098560413,1185.71676019109,1331.05394254771,412.611167780984,588.177409998978,1069.64474543773,672.143842732159,1974.18887745207,878.735102476852,217.796159950004,571.523949336594
11.4251154494864,5.72667524318232,1.84456792258524,4.12080952361141,50.5422385918966,9.3007882410234,14.6110570052568,2.81638910150212,7.78381284426303,2.80268044798261,6.45028373711017,10.1813810231754,4.11769310645928,3.91995510423402,2.78748172347984,1.69764319789746,7.25850628525082,2.35155299914666,24.104754837884,3.77748339804057,24.1761572464363,16.5364613888783,22.5012269172027,6.32800912880731,26.8315883927274,1.61226630502507,14.696795678539,9.25377190346313,2.30336418078789,8.33982187440186
0.155955440381874,0.083265679008897,0.41040429348354,0.371148544276454,0.130640242483774,0.0574565064367054,0.0178200618592077,0.246203501001879,1.19717007765515,0.53139020852346,0.996726905018513,1.39259262465939,0.630550182991241,0.308939634748952,0.0257928583110122,0.0396868566855725,0.087911882421402,0.0508226963089938,0.140439546419846,0.0226029316908119,2.170194562772,0.216022513054708,0.165927056160958,0.295040062262605,0.728525804752102,0.0482589542186665,0.543500730952367,0.963248896252037,0.0267617968000956,0.0718146085980333
0.102577553723255,0.0677432140305955,0.283722819491414,0.318661805091162,0.102585290517938,0.0415002224597083,0.00981043435073278,0.1172575771375,0.746085597828173,0.394241340712109,0.785354132122978,0.458336899580632,0.269262060593618,0.234230420494723,0.0221110545989397,0.0349423767461183,0.0500763495620701,0.0397392603075442,0.111031158207799,0.0191109665292725,1.67984101362634,0.170939342573626,0.133936491651844,0.205657585353626,0.516060233293719,0.0299335531182501,0.452840540818593,0.248491653776671,0.0194656112083424,0.0534047128888887
1.09216456112944e-08,1.10135563982929e-08,6.13030351231247e-09,6.60106306808275e-08,3.42054958621198e-09,7.19135969966718e-09,3.97820464624889e-08,4.29532701686132e-09,9.00903194442587e-09,3.70195304692439e-08,5.74933628811533e-08,3.11846055651891e-09,4.35963450278148e-09,1.23008250787124e-08,6.24313668605679e-09,3.47303216156061e-08,6.78565687480584e-10,4.10442958885337e-09,2.00958131361715e-08,4.84876956263883e-09,4.27499080180898e-08,1.56503410784327e-07,1.1848999825119e-08,9.79740003272809e-09,1.68784640722873e-08,2.3494945198021e-09,4.40976730032995e-08,9.03151962383897e-10,4.12437778521166e-09,8.4154276129417e-09
1.91607112258605e-21,6.92025292694837e-22,1.38652087551624e-20,3.11722434842383e-21,9.97993899595757e-22,4.18771524606353e-22,8.02379431764028e-21,1.95189800616252e-22,1.08728288478921e-20,1.46668994815382e-21,4.12008420483822e-21,1.75532237136813e-22,8.49643561420141e-23,5.009081891035e-21,4.23148933728824e-22,4.84472745000821e-21,4.27426487568394e-23,3.40445015745359e-22,4.85692514255143e-21,1.10671113488143e-22,5.12270536402301e-21,3.47950992818731e-20,5.85225911457259e-22,4.05091857009771e-23,1.45390103934311e-20,1.8982338801055e-22,3.7959487742837e-21,9.47322881638447e-23,5.62774589332369e-21,4.3619980584883e-22
2.49324165895572e-42,3.41290087823723e-43,2.50900769036779e-41,2.27724480253298e-41,2.21413654366023e-43,1.50386996792828e-42,2.63222487644467e-41,1.34194055151616e-43,2.63272330183591e-41,1.06379164644612e-40,3.61097085937505e-42,1.02361873770234e-42,8.05500624220203e-44,2.75651579997576e-40,1.10867699929785e-42,4.31490158335728e-41,1.19008674246115e-44,8.56519704257498e-43,7.44795160458242e-41,1.66497150458927e-43,1.55903228753821e-40,5.55918390728423e-41,1.05041987014005e-42,6.46612911618323e-42,5.19667206279671e-41,1.7193492316453e-43,7.51893175146947e-43,2.94314161354757e-44,2.61400992791214e-40,2.51445847221895e-42
1.37700514999575e-75,1.11162373945506e-76,1.5117798926416e-73,3.24734597518997e-75,1.68550776943696e-76,1.46575762952646e-75,3.41568022952998e-73,3.03035570217038e-77,6.46422901709806e-75,8.30528321283016e-74,5.39056321160116e-75,5.9462035898771e-75,4.22765552296882e-77,1.74953037158946e-73,5.74763906668429e-75,5.79987222378129e-73,1.52910391059985e-77,2.25143184873721e-74,1.06985240863263e-74,4.91523092551779e-75,5.53716782549887e-73,4.25210087928698e-75,1.05964813789311e-73,1.66440562130493e-73,3.35412194521282e-73,2.36647034909917e-74,1.41752843749883e-75,1.26613497368581e-76,1.19994713035736e-73,1.16430576290735e-75
1.55112592734625e-127,4.55151735550205e-129,4.48486845694777e-126,3.01053558277494e-128,2.11656598383062e-129,5.89990307000094e-127,1.54333901432837e-126,8.496291594293e-128,4.96901581599093e-127,2.77338885004235e-124,1.32876547399218e-126,5.19203222773429e-127,9.10627224309915e-128,1.08543842487695e-124,1.03982227966056e-126,1.41399588574701e-125,2.25418400770149e-128,2.09926766273824e-126,5.39528754913623e-127,1.5179037826107e-127,6.61036285744291e-125,6.64985481233204e-127,1.0185787104817e-125,5.65175030053848e-125,2.58640989454667e-125,2.58271622075747e-126,2.71218332065777e-127,5.46833387608846e-128,5.30408106757909e-126,2.43693868095008e-129
9.72466143229068e-210,6.32800906228879e-210,1.98291639352218e-211,8.64730108893886e-211,3.01241280974258e-211,1.8856595884779e-208,2.88390750349933e-207,6.69037599986778e-211,7.62773044034708e-210,8.77563158376099e-208,1.89308758862785e-207,1.28417534215159e-211,4.9966980685048e-210,4.01991104339791e-208,1.30133226443888e-210,2.75235604953373e-209,8.76627142628836e-211,1.54884262893815e-210,1.62172884581173e-209,7.6566912595286e-210,2.31025860210439e-209,4.95024883100529e-208,5.64063112540872e-209,7.40186840724751e-206,7.69939914008092e-207,3.07348454331717e-213,2.28019932298985e-210,3.35309900074168e-211,5.78784461481434e-207,2.90563076604064e-212
0,0,0,0,0,0,0,0,0,0,0,0,0,0,0,0,0,0,0,0,0,0,0,0,0,0,0,0,0,0
0,0,0,0,0,0,0,0,0,0,0,0,0,0,0,0,0,0,0,0,0,0,0,0,0,0,0,0,0,0
