4.91529795938605,5.73289607908487,4.96685139555023,6.06445116675817,4.44505907135473,6.9860660085635,5.99963047339487,5.99999466069722,5.15288687060798,5.66322138270925,4.78490137689036,5.57354395537742,5.25708537527693,5.91791963389439,4.30309401052597,6.52567644253419,6.48872697296011,5.19376175675835,6.43859273882523,5.15084816565596,6.74973118297553,7.82864619797063,7.08644781047717,5.77933791144402,6.5508006849984,6.14245609330463,5.0519951326695,6.93465161425562,6.8371026788445,6.16402244326143
3.8435173136312,3.81444340708243,3.20119612505418,3.37871157474238,3.14329908072972,4.91091890877592,3.93096290149933,3.88096638778444,3.10036672328619,4.03989732576673,3.0169721805777,3.47995665888056,4.96713255683617,2.53708276470277,3.17629607998227,3.93255815070388,3.74160967495468,3.91505916221916,3.47208499385591,4.15248265388782,4.12899289401898,5.33162437055881,4.39351040796619,3.03804126980723,4.88834737574076,4.74705432967961,4.11194278933849,3.83529549271623,4.60957364268567,3.4362988040315
1.41222537195667,1.35647885278251,1.51507820162581,2.29623040779827,1.62393585837011,1.50621845527689,1.78992051154521,0.885301995285999,0.972456434197428,1.9511124376324,1.22537608796466,1.91528891172778,2.65254364115391,2.09288117849524,1.61435114017345,1.49513000431441,1.26963170090447,2.07779333595347,2.54837319173609,2.16484387968704,1.77764204532666,2.65420844558856,2.3959942302421,1.53002893402383,2.26599579653671,1.91200450080151,1.76980919882642,1.88412876068957,2.27014731752737,1.33100077090943
0.38781049515942,0.736249986740146,0.427611056936844,0.975399436727031,0.554674197877784,0.628423527787947,0.34569936320688,0.314746098859625,0.398589622779138,0.592918021871153,0.304277189107191,0.462016842474245,0.504850378776288,0.683814893112155,0.542240699700271,0.55044908217917,0.515690883528048,0.657477420394999,0.556524183948136,0.454152214154145,0.623344227103872,0.876425332448012,0.763574834522415,0.685649620283607,0.64484634297862,0.59614004729284,0.543776484843587,0.542027286829836,0.471601442618428,0.492626017710732
0.108052332838254,0.144312549208657,0.0613206764941535,0.209774915691875,0.0726542458701636,0.111392398903794,0.0795602829759274,0.0913289859151084,0.0918908590959442,0.0588872461042374,0.0801863228063963,0.103551304552358,0.11612093347586,0.100558111226575,0.0898505528285887,0.134306450715857,0.127488483971741,0.121297656626603,0.185531774448979,0.119867559669684,0.073496758011543,0.112677543290971,0.123121298121059,0.193914552834339,0.165176360605179,0.0799564954397772,0.147247021480032,0.0853752644731553,0.104521984952521,0.0715263362012011
0.014454123927555,0.0384305003443532,0.0150405287060268,0.0305866196952998,0.0168190149662099,0.0177580908517956,0.0227615973514419,0.0225832022743721,0.0241091495321382,0.0213906725837067,0.0130436282306809,0.028500566926328,0.0201481045259947,0.0239744214708121,0.0203052343390381,0.0252733672094159,0.0171196014015033,0.0235108305119236,0.0267196549194311,0.0187958911824033,0.0253679132873934,0.0305555782250493,0.0320122248630419,0.0333220136429953,0.0317232039301188,0.0187565714116222,0.0307201417702065,0.0113963779994227,0.0264796466616471,0.0214732451028683
0.00666496529720434,0.00750798453347565,0.00459916488612315,0.0070800001054266,0.00503940052603226,0.00594699704194385,0.00716831474239145,0.00709463219945551,0.00620077411542447,0.00595368945618576,0.00593857565916569,0.00635559233945529,0.0072881384180252,0.00659085572554014,0.00559122050899212,0.00962124684999895,0.00487186217913353,0.00584812449513338,0.00532026788260922,0.00449505040583792,0.00773476862636596,0.00841734034604105,0.00421614110077556,0.00833434549488182,0.0081468654707409,0.0053924145916018,0.00951053701443034,0.00553638707040105,0.00886504198983337,0.00618250841327712
0.00242145314969979,0.00206908619301881,0.00213006929249733,0.00145275180307993,0.00161180586582959,0.00266232667742275,0.00163302104104773,0.0018010202891931,0.00109009463848021,0.00284096508266604,0.00117908348856671,0.00267478223317724,0.00226331412154005,0.00269713358443962,0.00182459861685634,0.00358015663365248,0.00175863907915793,0.00233050398551053,0.00224881111989404,0.0019756544200868,0.00185404000495089,0.00159764512018668,0.00226071916145566,0.00185384639741964,0.00191777019494514,0.0027069623437214,0.00235764642406337,0.00164493767593858,0.00254338967614002,0.00283421066601939
0.000741496134649371,0.00101495384329858,0.000579427828245908,0.000556144924430326,0.000576520358442636,0.000691467478927466,0.000572958392333515,0.000522724515466692,0.000399654301555119,0.00117087243841573,0.00059085816228237,0.000438428530162528,0.00100274245327813,0.000607689216518036,0.000856401465075665,0.000699031979548504,0.000450622056039115,0.00107007585989912,0.00110842734862642,0.00109726561000678,0.00135045811466467,0.000477156400817209,0.00062173628273337,0.000505857437920829,0.000352254013629693,0.000690100220638247,0.000359322574788718,0.000899368346541513,0.000682493767971916,0.001120439800524
0.000695158581124587,0.00085221776956959,0.000541792885840726,0.000556144924430326,0.000457912902759667,0.000435390817930055,0.000572958392333515,0.000522724515466692,0.000399654301555119,0.00104418132370773,0.000525153716220806,0.000438428530162528,0.00100274245327813,0.000574698655744169,0.00075489623256615,0.000655876013371976,0.000450622056039115,0.00107007585989912,0.000905775658600985,0.000621924565656759,0.000993987062267454,0.000477156400817209,0.00062173628273337,0.000505857437920829,0.000352254013629693,0.000690100220638247,0.000359322574788718,0.000899368346541513,0.000627724456534724,0.00103268223122497
0.000585628186961422,0.000708339419740439,0.000411031945876304,0.00043394111955898,0.000282728794211186,0.000384899928268154,0.000572958392333515,0.000440724443592705,0.000399654301555119,0.00104418132370773,0.000348270712074385,0.000438428530162528,0.00100274245327813,0.00033277433490323,0.000700974934495502,0.00040499456852366,0.00043400018400693,0.00058468159010518,0.000564570113102545,0.000526851076130356,0.00090169669777012,0.000475354843819209,0.00062173628273337,0.000368118324863443,0.000352254013629693,0.000690100220638247,0.000359322574788718,0.000899368346541513,0.000607490031591608,0.000551537351358839
0.000544677078115264,0.000344129484607493,0.000362515435742301,0.000391346256755059,0.000282728794211186,0.000281490155671974,0.000555907216794827,0.000333696274974925,0.000399654301555119,0.000964702758984773,0.000260030874000348,0.000438428530162528,0.00100274245327813,0.000183354315826034,0.000628003254972746,0.000364256801643194,0.000364214510090677,0.000485300940568424,0.000478072433882416,0.000455313250695452,0.00073088547006717,0.000475087081464809,0.00062173628273337,0.000311626900709859,0.000352254013629693,0.000690100220638247,0.000359322574788718,0.000899368346541513,0.000584085557706414,0.000467695349938243
0.000423760848916272,0.000303095233483263,0.000362515435742301,0.000349789299155916,0.000251442857073574,0.000281490155671974,0.000555907216794827,0.00033368804826195,0.000399654301555119,0.000923624477634428,0.000260030874000348,0.000438428530162528,0.00100274245327813,0.000183318879118664,0.00062796854592857,0.000364253512642026,0.000364206894887801,0.000485300940568424,0.00041661387208811,0.000455313250695452,0.00073088547006717,0.000475087081464809,0.00062173628273337,0.000270668020913546,0.000323394936319092,0.000690100220638247,0.000359322574788718,0.000899368346541513,0.00053547931383459,0.000467690768794443
0.000423753430785268,0.000303090523211789,0.000362515435742301,0.000349789299155916,0.000251438141631941,0.000281490155671974,0.000555907216794827,0.000333681938801748,0.000399654301555119,0.000923621215819756,0.000260028949451427,0.000438428530162528,0.00100274245327813,0.000183318519901258,0.000627964223795647,0.000364247586436354,0.000364200407203749,0.000485300940568424,0.000416609487199189,0.000455313250695452,0.00073088547006717,0.000475087081464809,0.00062173628273337,0.000270668020913546,0.000323389040804801,0.000690100220638247,0.000359322574788718,0.000899368346541513,0.000535477917666983,0.00046768661437561
0.000423744542570641,0.000303082382267044,0.000362515435742301,0.000349789299155916,0.000251430194906681,0.000281482466797047,0.000555907216794827,0.00033367413706733,0.000399654301555119,0.000923613156386543,0.000260021204010725,0.000438428530162528,0.00100274245327813,0.000183310304637079,0.0006279554624984,0.000364236260969358,0.000364191335046088,0.000485294234094476,0.00041660298827035,0.000455313250695452,0.00073088253588911,0.000475087081464809,0.00062173628273337,0.000270668020913546,0.000323379345166971,0.000690100220638247,0.000359322574788718,0.000899368346541513,0.000535471022759922,0.000467679329393959
0.000423731870292759,0.000303068155727503,0.000362505054661943,0.000349783732478371,0.000251413598882381,0.000281470619207411,0.000555904144857445,0.000333662563309796,0.000399654301555119,0.000923600111803298,0.000260004355304916,0.000438428530162528,0.00100274245327813,0.000183298218233731,0.000627942913724147,0.000364224870648919,0.000364177549236001,0.000485280523462462,0.0004165919714638,0.000455302406819006,0.000730869571352591,0.000475087081464809,0.00062173628273337,0.000270668020913546,0.000323366631177024,0.000690100220638247,0.000359322574788718,0.000899368346541513,0.000535457477722611,0.000467664359937483
