5.76203533676684e-05,0.000125898615083317,5.70383502784196e-05,1.7187571820258e-05,3.52557623554342e-05,1.86616674553869e-05,4.70861027278437e-05,8.52598558321274e-05,9.46523441561879e-05,9.60215403086465e-05,3.67607643948299e-05,3.11155308522223e-05,5.50150323119546e-05,0.000116213567361908,4.01795697545171e-05,6.71598061508155e-05,6.14270004763296e-06,4.51813151349095e-05,1.93989163642256e-05,0.000191806782065886,2.11152671976342e-05,0.000288877102908616,6.10272449122352e-05,1.94957524862759e-05,1.87374346185158e-05,2.8727515433616e-05,1.87016246791363e-05,5.53628676254368e-05,0.000124984821187681,3.53016147404807e-05
1.35901265655623e-10,4.13345552995625e-10,2.91727231054229e-10,1.10352835295408e-10,8.18049868389731e-11,1.8799840296651e-11,8.9357091613663e-11,3.63141911223138e-11,5.2257372462017e-10,4.05240113862912e-10,7.87520069886924e-11,1.12745158562906e-10,7.51635665915596e-11,3.34397223410043e-11,2.3223909344863e-10,2.7887274414563e-11,3.26717715428628e-12,5.87203003596418e-11,2.73730767629064e-10,1.3716890235798e-10,8.92856033418737e-11,1.70544339818262e-09,3.79727350159665e-10,5.54352651139028e-11,5.09183305727978e-11,5.0632776911227e-11,2.20491441863339e-11,5.88452879340697e-11,4.16666283770867e-10,2.21919294614353e-11
1.78609556357316e-18,2.21564948886454e-18,3.9216520980004e-18,3.28090854200574e-19,6.56304596520691e-19,2.73328394484346e-19,4.22891737737894e-19,1.75626171688529e-19,1.03466639484925e-17,5.05223683334523e-18,1.83031079572756e-18,6.12344045513799e-19,1.45326617926803e-18,2.78192466932713e-18,7.80576126770539e-19,1.37931258156838e-18,3.43526521362903e-21,9.42276662964104e-19,4.39081802976931e-18,1.719394529766e-18,6.9747879986316e-19,5.23519456763672e-17,1.69737709349553e-18,1.01845093545281e-18,1.55065953811846e-18,2.47377424619245e-19,3.80286388078432e-19,5.22203566090189e-18,7.2436549261021e-18,3.75812814231681e-19
9.26911563634689e-30,1.5580002878115e-29,5.91645678915759e-29,1.18329135783152e-30,1.18329135783152e-30,0,7.88860905221012e-31,7.88860905221012e-31,1.87748895442601e-28,3.5893171187556e-29,3.94430452610506e-30,1.51855724255045e-29,6.90253292068385e-30,3.72736777716928e-29,1.81438008200833e-29,1.10440526730942e-29,1.97215226305253e-31,1.77493703674728e-30,1.14384831257047e-29,2.76101316827354e-29,8.48025473112588e-30,1.88340541121517e-28,5.91645678915759e-31,3.94430452610506e-30,1.67632942359465e-29,5.32481111024183e-30,1.36078506150625e-29,3.31321580192825e-29,7.96749514273222e-29,4.53595020502082e-30
0,0,0,0,0,0,0,0,0,0,0,0,0,0,0,0,0,0,0,0,0,0,0,0,0,0,0,0,0,0
0,0,0,0,0,0,0,0,0,0,0,0,0,0,0,0,0,0,0,0,0,0,0,0,0,0,0,0,0,0
0,0,0,0,0,0,0,0,0,0,0,0,0,0,0,0,0,0,0,0,0,0,0,0,0,0,0,0,0,0
0,0,0,0,0,0,0,0,0,0,0,0,0,0,0,0,0,0,0,0,0,0,0,0,0,0,0,0,0,0
0,0,0,0,0,0,0,0,0,0,0,0,0,0,0,0,0,0,0,0,0,0,0,0,0,0,0,0,0,0
0,0,0,0,0,0,0,0,0,0,0,0,0,0,0,0,0,0,0,0,0,0,0,0,0,0,0,0,0,0
0,0,0,0,0,0,0,0,0,0,0,0,0,0,0,0,0,0,0,0,0,0,0,0,0,0,0,0,0,0
0,0,0,0,0,0,0,0,0,0,0,0,0,0,0,0,0,0,0,0,0,0,0,0,0,0,0,0,0,0
0,0,0,0,0,0,0,0,0,0,0,0,0,0,0,0,0,0,0,0,0,0,0,0,0,0,0,0,0,0
0,0,0,0,0,0,0,0,0,0,0,0,0,0,0,0,0,0,0,0,0,0,0,0,0,0,0,0,0,0
