4.14423877220975,5.58030174448606,5.31724222387728,3.92717119791023,5.90607383822439,2.6103902583092,5.23230801206719,8.60129624947956,5.09094885319197,7.78084304371804,3.98058540834973,3.15922013530166,3.12572840401428,7.18096708965712,7.38730443800699,7.50272361199147,6.70912670573621,4.37541464419275,4.22227308390283,4.67881901267732,4.84966458624057,7.1084296935714,5.2302569370184,3.12322951892576,3.74997687212734,2.09556833237791,6.46529566749645,7.71819576286557,5.96804649851498,5.33678710024403
2.3882683372551,5.58030174448606,4.14161982295264,3.92717119791023,2.07177409904911,0.941356988717551,5.23230801206719,2.84826594979515,2.95905888821824,3.58697249080462,3.13186101524543,2.11957753878246,3.12572840401428,3.17383327031916,4.06701863853317,2.47349474503566,1.68930048197219,1.33854552336648,1.81099241823,4.63470546611777,1.14865176811923,3.31681682727685,3.29775803446886,1.6928880213283,0.66139794868779,1.13151073579395,1.856822440758,3.88228627369571,5.18877355409831,1.72641107891736
0.372104799762788,1.62796179860239,0.883419839763682,0.556554220233134,0.713859633451944,0.265319399567558,0.70498129469395,0.304975976951115,1.04036358483442,0.974609303809186,0.611705190783261,0.309875716278207,0.917131865678268,0.470069287697642,1.00632429438821,0.687625395649178,0.304432138888232,0.523298815523843,0.403969292237163,0.965653684148348,0.918756797558561,0.901082666389688,0.545936829073428,0.337358175598815,0.482637520446991,0.585235062281538,0.561835207343924,1.11190512179137,0.699818557857335,0.569749213222494
0.0411622631622436,0.121956111875517,0.0869093663129675,0.0680988694133596,0.068879605208591,0.0713454728477105,0.0964311132117097,0.0861447679004537,0.10007637567333,0.272748425121319,0.0943163502210219,0.0706901602158365,0.163276924268611,0.0669537653826667,0.200238533223965,0.123419728819688,0.056155449324084,0.076197980954571,0.0461428557910295,0.199216821500722,0.174428056967694,0.199815218344315,0.18301944196376,0.0194779446895499,0.0209390627729675,0.0586423370137031,0.141541350256902,0.175519055826905,0.172280001888383,0.105801400897518
0.00389333811854918,0.00350193942106624,0.00749499831916564,0.006745673834195,0.00497075287676867,0.00216263492544344,0.00792985543094983,0.00322418147215062,0.00541154431603339,0.00741788995248972,0.00227265993515791,0.00347118970315101,0.00296199499069365,0.00466201361246676,0.00530686996466257,0.00601277178961668,0.00115091658706421,0.0042833417764845,0.00222551482289785,0.0126749423409935,0.00662117872340504,0.0447083430691237,0.00930250620875872,0.00183252230173992,0.00196039708334128,0.00424426988285507,0.00434084730610623,0.0100640747721343,0.00774810021531747,0.00383755439671724
5.76203533676684e-05,0.000125898615083317,5.70383502784196e-05,1.7187571820258e-05,3.52557623554342e-05,1.86616674553869e-05,4.70861027278437e-05,8.52598558321274e-05,9.46523441561879e-05,9.60215403086465e-05,3.67607643948299e-05,3.11155308522223e-05,5.50150323119546e-05,0.000116213567361908,4.01795697545171e-05,6.71598061508155e-05,6.14270004763296e-06,4.51813151349095e-05,1.93989163642256e-05,0.000191806782065886,2.11152671976342e-05,0.000288877102908616,6.10272449122352e-05,1.94957524862759e-05,1.87374346185158e-05,2.8727515433616e-05,1.87016246791363e-05,5.53628676254368e-05,0.000124984821187681,3.53016147404807e-05
2.73233376483988e-08,1.18808262582089e-07,6.29537759392998e-08,3.6412799177954e-08,3.65221343230094e-09,5.96426729148856e-09,9.35408688051993e-09,1.49432508946428e-08,1.0140529104171e-07,4.18520290091931e-08,1.17277176475546e-08,1.00767097445661e-08,8.26551968407948e-09,1.29556319913376e-08,2.73732383514439e-08,1.05577025314941e-08,1.0395056143795e-09,1.33342168231245e-08,3.9360154048011e-08,3.46604008259222e-08,1.87412386741076e-08,1.80321988299937e-07,6.88192951626075e-08,7.34513305072953e-09,1.34595486993258e-08,1.198588018264e-08,7.83860537910102e-09,3.51253789112614e-08,4.26554034854985e-08,4.82863800919628e-09
8.92335987548563e-14,6.24841599518732e-13,5.35652663125349e-13,1.79424810251298e-14,1.78992939567937e-14,1.78829418716374e-14,1.24968460776569e-13,1.78599792456683e-14,6.07019234520791e-13,4.82057033353018e-13,7.14976431850555e-14,3.57940692545456e-14,3.57119827620194e-14,1.78562130110173e-13,3.39221928191431e-13,8.92634417558219e-14,7.04188908934061e-18,7.14008294325439e-14,1.60702240289477e-13,1.96480621533676e-13,5.35691341641535e-14,3.42797841764729e-12,6.07121510768199e-13,5.35810485979863e-14,7.14916871979459e-14,1.07101181974153e-13,3.57435752658846e-14,4.10668607615451e-13,6.60645335936362e-13,1.78772691910081e-14
4.81629638237917e-24,6.95601690119693e-24,3.20420052991629e-23,2.058988099347e-25,1.57478014812645e-24,2.14154830953516e-25,1.62328661354282e-24,4.58353035051922e-25,9.10472357124434e-23,2.10271773588093e-23,6.57424806054568e-24,7.83832488874384e-24,5.06167531403746e-24,1.41028280953611e-23,2.80225777462689e-24,5.71837716851544e-24,1.31353229328351e-26,7.82519449619166e-25,5.00817831731945e-24,4.82121512733845e-24,5.23005826590257e-24,1.49434327539382e-22,1.35262390101128e-24,1.87168924905082e-24,7.23554502979657e-24,4.32293448921444e-24,7.97442429970845e-24,4.30479344940753e-24,3.78796964963017e-23,9.66187173168606e-25
0,0,0,0,0,0,0,0,0,0,0,0,0,0,0,0,0,0,0,0,0,0,0,0,0,0,0,0,0,0
0,0,0,0,0,0,0,0,0,0,0,0,0,0,0,0,0,0,0,0,0,0,0,0,0,0,0,0,0,0
0,0,0,0,0,0,0,0,0,0,0,0,0,0,0,0,0,0,0,0,0,0,0,0,0,0,0,0,0,0
0,0,0,0,0,0,0,0,0,0,0,0,0,0,0,0,0,0,0,0,0,0,0,0,0,0,0,0,0,0
0,0,0,0,0,0,0,0,0,0,0,0,0,0,0,0,0,0,0,0,0,0,0,0,0,0,0,0,0,0
0,0,0,0,0,0,0,0,0,0,0,0,0,0,0,0,0,0,0,0,0,0,0,0,0,0,0,0,0,0
0,0,0,0,0,0,0,0,0,0,0,0,0,0,0,0,0,0,0,0,0,0,0,0,0,0,0,0,0,0
