2.21701978466631,1.86791704721915,1.55473931992644,1.56150406439565,1.69670456192254,2.57410406718053,2.00577130739455,1.34902372461824,1.35247921562729,0.62112648166899,3.08233421889128,0.425544881275123,3.55094180845214,0.861699153846159,1.84827854533743,2.51569429524578,1.52570396232786,1.86216608845748,1.89475336654103,1.76898810126692,2.09202378203387,1.59525049832051,2.33486492127794,2.91506966422758,0.963780233956149,2.10136660908838,1.58319920324275,1.47415492468701,2.14206474521442,2.5980618123799
1.6256415797274,0.780741862455159,0.99474935267412,1.56150406439565,1.62449858108954,0.727818666116929,0.628953402013256,1.11690768034878,0.704455207154851,0.62112648166899,2.05848545585823,0.425544881275123,2.02067773595111,0.78946271673396,1.84827854533743,2.22048609027252,0.73910393157624,1.86216608845748,0.66071101466642,1.70726004948619,1.27598885984788,0.804057929903454,2.33486492127794,1.87643982849502,0.963780233956149,0.683791374199374,0.612710868821135,1.47415492468701,1.43158749031961,0.92228203123923
0.582317390865869,0.384054510292674,0.523894839623566,1.56150406439565,0.693835748152671,0.727818666116929,0.287409163551674,1.11690768034878,0.426011713413008,0.584692400276367,0.839335029693618,0.425544881275123,0.719211931543817,0.57541413390426,0.509175960791801,0.397135772086764,0.424549415304483,0.707910070786492,0.66071101466642,0.987101580343882,0.567111923304133,0.585421624490361,2.08089093781771,1.2467695680972,0.963780233956149,0.322816951021907,0.498206256835119,0.999043820148554,0.657947750244032,0.361343648597189
0.273924033296873,0.227998742432372,0.310696164514693,0.737176312670775,0.207955553407252,0.37549915210705,0.161918781078722,0.680894332305588,0.172004882003482,0.367569191585736,0.24286040163815,0.273397235152029,0.562228262422796,0.268939291644972,0.509175960791801,0.173366080083771,0.0903031952198574,0.558073035143527,0.33465145729638,0.368102743751299,0.322531062812338,0.294213400868262,1.1322287528299,0.882227653211148,0.390496617718379,0.237787305239171,0.220312643827558,0.554075213473974,0.328811269682218,0.149082355424897
0.0782350329757475,0.0813117139256813,0.0755001654265216,0.0845077103179475,0.0403522107590099,0.0616679260779596,0.0797930427593485,0.187999447093747,0.0220101639285197,0.0538504093192553,0.0565315226110822,0.0706459629872119,0.193494855687224,0.0787436401868574,0.16130440226216,0.13356983736124,0.0232839943521645,0.149682636656679,0.053883982836636,0.123347531358676,0.0322141875258303,0.0736472243709348,0.207158018785629,0.0734953946122466,0.118502211413066,0.0269353045700988,0.0683937410213443,0.141185425287826,0.0534741546413865,0.0188135301027538
0.00640112950131373,0.0111783442592641,0.0208955410144739,0.0267513504802959,0.0109199408239038,0.0122116566704566,0.0257937106816452,0.0508368323529584,0.012087614582421,0.00292878926756889,0.0162083564629031,0.0192624065062327,0.037463271149215,0.00900229192082744,0.0398183643969764,0.017685416971792,0.00902102963408493,0.0236185879944643,0.0142524452056698,0.0161433406278255,0.0150583661826555,0.0175489723784231,0.020707272374605,0.0213330684347676,0.0242059993627177,0.0074426182724836,0.0174994029141208,0.0252130261840091,0.0165271711980226,0.00719452544802661
0.0029785297326852,0.00240327841801135,0.00254644953842739,0.00603787442276773,0.00265553487401088,0.00189996794304875,0.000357480765635864,0.0242723709372475,0.00210738043150628,0.00291069361611381,0.00256343951840834,0.00427413746825209,0.0102524279937453,0.00221102792342118,0.0254126624211578,0.0039279624988569,0.00114961543287801,0.00756702224354216,0.00340799710169328,0.00522201377833813,0.00296164418067658,0.00442253860678834,0.0118135624617862,0.00391335426418322,0.00611864923611265,0.00186151509190379,0.00477882753131514,0.00207649297118496,0.00167117049947314,0.00384751291879891
0.00141369897967691,0.000753827325666746,0.000846942080839453,0.00125365499827981,0.000933663104405855,0.000980373818575289,0.000357480765635864,0.0206481185808783,0.00092813144718336,0.0011634239075749,0.001315878819187,0.00145664495600519,0.00146991277293783,0.000502366190113339,0.0198603864026051,0.00162137979922783,0.000163461316260927,0.00268136822614041,0.0014231608095548,0.00102144433046444,0.00116124762118465,0.000367369933264569,0.00998188202771703,0.00063403467229338,0.000486693077104506,0.0003983393051902,0.00052663411998144,0.000391573772455581,0.000495650204615888,0.000875002694796479
0.0002175610790283,0.000503169628578872,0.000588254362655261,0.0008787586773433,0.000776967704108518,0.000631344559542414,0.000102036751430866,0.0198551593543826,0.000506278173582192,0.000358837250489119,0.000688732996053127,0.000731679972556145,0.000735545435819113,0.00021795693678414,0.0195531204383469,0.00113946423806367,5.14698177828502e-05,0.00188109738526323,0.000702919236108544,0.000531525673047817,0.000454903789165856,0.000287386629592215,0.00938070533441595,0.000490726736011354,0.000166723328076824,6.29199122334986e-05,0.000120332258750518,0.000141606222146777,0.000202085656278723,0.00029600363338771
0.000149808358762227,0.000503169628578872,0.000574704230239942,0.000820138617003553,0.000760924788334459,0.000571680341185248,0.000102036751430866,0.0198454908901806,0.000459840163070301,0.00015494683298714,0.000688732996053127,0.000731679972556145,0.000735545435819113,0.000165326798678028,0.0195332108282587,0.00105839736408681,5.14698177828502e-05,0.00188109738526323,0.000702919236108544,0.000471258871347736,0.000368759822874126,0.000218847301770448,0.00938070533441595,0.000380941582880246,0.000166723328076824,6.29199122334986e-05,6.02129972188696e-05,0.000136980352898893,0.000200541489538989,0.000255706026531793
0.000119954871323443,0.000491485150625426,0.000543829044588507,0.000820138617003553,0.00074966411079083,0.000567215941069889,0.000102036751430866,0.0198318993996182,0.000449503096435049,0.00015494683298714,0.000612292553477227,0.00069854259352329,0.000735545435819113,0.000104143449791442,0.0195332108282587,0.00104509235516288,5.14698177828502e-05,0.00188109738526323,0.000702919236108544,0.000436671779465721,0.000276395298075367,0.000202466412118456,0.00938070533441595,0.000375148932134672,0.000166723328076824,6.29199122334986e-05,4.13313380980248e-05,0.000114204142624137,0.000196856938289652,0.000235858234346242
0.000119655536522222,0.000491485150625426,0.000527293480404142,0.000820138617003553,0.000748956769119094,0.000566501871123154,0.000102036751430866,0.0198314542473034,0.000448226542939188,0.00015494683298714,0.000603559732063689,0.00069854259352329,0.000735545435819113,0.000100089472241598,0.0195331285911052,0.00104275704700844,5.14698177828502e-05,0.00188109738526323,0.000702919236108544,0.000434690329573818,0.000242066806206799,0.000195012967221707,0.00938070533441595,0.000375148932134672,0.000166723328076824,6.29199122334986e-05,3.96989715812616e-05,0.000113269749977518,0.000196578589142811,0.000235858234346242
0.000119566117701389,0.000491485150625426,0.000526476170481279,0.000820138617003553,0.000748846993556406,0.000566416109970321,0.000102036751430866,0.0198314243688751,0.000447984520588312,0.00015494683298714,0.000603478647835233,0.00069854259352329,0.000735545435819113,9.78594105513154e-05,0.0195328428826528,0.00104259148920221,5.14698177828502e-05,0.00188109738526323,0.000702919236108544,0.000434573020731325,0.000239696179004958,0.000194671006056078,0.00938070533441595,0.000375148932134672,0.000166723328076824,6.29199122334986e-05,3.95341153821515e-05,0.00011322783408962,0.000196468111436272,0.000235858234346242
0.000119566117701389,0.000491485150625426,0.000526476161677755,0.000820138617003553,0.000748846975424007,0.000566416076089303,0.000102036751430866,0.0198314243529892,0.000447984520588312,0.00015494683298714,0.000603478600633795,0.00069854259352329,0.000735545435819113,9.78593943041962e-05,0.0195328428826528,0.00104259148920221,5.14698177828502e-05,0.00188109738526323,0.000702919236108544,0.000434572982958701,0.000239696163164109,0.000194670989489952,0.00938070533441595,0.000375148932134672,0.000166723328076824,6.29199122334986e-05,3.95341014505039e-05,0.00011322783408962,0.000196468111436272,0.000235858234346242
0.000119566083667152,0.000491485150625426,0.000526476136123011,0.000820138617003553,0.000748846924785815,0.000566416017443394,0.000102036751430866,0.0198314243263197,0.000447984484353658,0.00015494683298714,0.000603478553374426,0.00069854259352329,0.000735545435819113,9.78593684285704e-05,0.0195328428613078,0.0010425914474139,5.14698177828502e-05,0.00188109738526323,0.000702919236108544,0.000434572939239882,0.000239696125897054,0.00019467096302266,0.00938070533441595,0.000375148932134672,0.000166723328076824,6.29199122334986e-05,3.95340585134292e-05,0.000113227790829905,0.000196468111436272,0.000235858234346242
0.000119566029574357,0.000491485150625426,0.000526476104122924,0.000820138617003553,0.000748846862840456,0.00056641594193034,0.000102036751430866,0.0198314242896522,0.000447984398644406,0.00015494683298714,0.000603478426131469,0.00069854259352329,0.000735545435819113,9.78593187859307e-05,0.0195328427903727,0.00104259136238972,5.14698177828502e-05,0.00188109738526323,0.000702919236108544,0.000434572845546621,0.000239696085657467,0.000194670915186638,0.00938070533441595,0.000375148932134672,0.000166723328076824,6.29199122334986e-05,3.95339643186581e-05,0.00011322771582513,0.000196468083630347,0.000235858234346242
