11.2196448260427,17.4909304024281,14.0672842837616,3.9442301437051,8.32261052302594,15.3335390614827,9.90251377791622,5.1165647187703,5.51727663148858,23.2226891387825,2.09865003343554,4.37720881780167,24.6550696558498,3.18559858860614,15.6992358707192,2.51046840999045,3.7472456664162,8.03449683175528,3.61155230299675,8.66738495246009,41.4016009205869,9.39180652808958,16.722514674608,7.71471805020339,3.36681629094248,1.94321828295891,11.4382330767249,25.4920744847509,1.38400948434318,3.94677313013881
0.773335157547298,1.1053409165822,0.708810900006587,0.787927325085308,0.523468497056988,0.245829748055174,0.470590686664906,0.183268893562007,0.028136919277396,1.32623883224846,0.104400632550669,0.691827859539698,0.811777746920662,0.45443086915271,0.299826015038582,0.219225192082454,0.0580889424096402,0.44781380238294,0.177867231166133,1.74520843358585,0.49260944369585,0.28189428959394,0.740058201289919,0.628985953208996,0.127544581375998,0.128075770695103,0.134669730127573,0.796396677056481,0.0325315378632997,0.341967844326009
0.0123962638035828,0.0263140391347424,0.0284756438961716,0.0178865087165246,0.0704881171624573,0.0177847889296974,0.0156645427952017,0.0099147590865063,0.00406334417979842,0.0272100774753627,0.00493666958561426,0.0117594045098497,0.0314449683296132,0.0149403709606806,0.00347657801565524,0.00530120979290295,0.00275657610169982,0.0164369945408589,0.0136102913969125,0.124063401176169,0.0160932931239555,0.00419669251631539,0.023850988752758,0.010140085705021,0.00583505571234344,0.00922649889784528,0.00678780810930463,0.0399697372762678,0.0028606592004759,0.00820467075518811
0.00255281488337927,0.0162872057897741,0.0175289365434537,0.0104779890745555,0.0475741633233236,0.00192240455408786,0.00997191377425406,0.00178482024806229,0.0024696287294949,0.0221846603983929,0.00030570397569615,0.00177832855060734,0.010827872097513,0.000511737127750201,7.190639539847e-05,0.000156703264437754,0.000262325785455286,0.0101930764305891,0.00995677096446966,0.0119858772958161,0.0107987204857846,0.0010280380368195,0.0113353645848562,0.00318179590845668,0.000838897614338023,0.000685087370267022,0.000406554455591739,0.0373890342629486,0.00125174244627847,0.000865145878956742
0.00242063804626336,0.0161264102782641,0.0174806785842639,0.0103959604310775,0.0473926178935008,0.000754550932677954,0.00995380420470794,0.00160945363499926,0.00229260471584337,0.0218784589717969,0.00030570397569615,0.000906391393660904,0.010584645666898,0.000490893338463496,3.36202616771356e-05,0.000156703264437754,0.000262325785455286,0.0100471126712612,0.00995668119893026,0.011634003994803,0.0107844708899003,0.000921330258488484,0.0112340073595389,0.00304928433119956,0.00078152779454947,0.0006239673323589,0.000378922051942819,0.0373496049695597,0.00123784010625687,0.000588599295374478
0.00242063804626336,0.0161264102782641,0.0173889811702012,0.0103959604310775,0.0473918439471962,0.000754550932677954,0.00995380420470794,0.00160023305478963,0.00228280241185037,0.0218784589717969,0.00030570397569615,0.000890319441024175,0.010584645666898,0.000490893338463496,3.27873150793009e-05,0.000156703264437754,0.000262325785455286,0.0100471126712612,0.00994940318632901,0.0116124843675644,0.0107844708899003,0.000919905123759091,0.0112340073595389,0.00304020368473414,0.00078152779454947,0.0006239673323589,0.000378922051942819,0.0373496049695597,0.00120848006616531,0.000588599295374478
0.00242063804626336,0.0161264102782641,0.0173889436193099,0.0103959604310775,0.0473918432191539,0.000754550932677954,0.00995380420470794,0.00160023014080973,0.00228276021979991,0.0218784589717969,0.00030570397569615,0.000890277144691075,0.010584645666898,0.000490893338463496,3.27873150793009e-05,0.000156703264437754,0.000262325785455286,0.0100471126712612,0.00994930481122633,0.0116124843675644,0.0107844708899003,0.000919904621479379,0.0112340073595389,0.00304020368473414,0.00078152779454947,0.0006239673323589,0.000378922051942819,0.0373496049695597,0.0012083987269743,0.000588599295374478
0.00242063804626336,0.0161264102782641,0.0173889436193099,0.0103959604310775,0.0473918429557887,0.000754550932677954,0.00995380420470794,0.00160022985989187,0.00228275978756314,0.0218784589717969,0.00030570397569615,0.000890277144691075,0.010584645666898,0.000490893338463496,3.27872635892285e-05,0.000156703264437754,0.000262325785455286,0.0100471126712612,0.00994930462436087,0.0116124843675644,0.0107844708899003,0.000919904460248854,0.0112340073595389,0.00304020368473414,0.00078152779454947,0.0006239673323589,0.000378922051942819,0.0373496049695597,0.00120839821918044,0.000588599295374478
0.00242063804626336,0.0161264102782641,0.0173889434435045,0.0103959604310775,0.0473918426503848,0.000754550932677954,0.00995380420470794,0.00160022888380868,0.00228275938178197,0.0218784589717969,0.00030570397569615,0.000890277144691075,0.010584645666898,0.000490893338463496,3.27871716593873e-05,0.000156703264437754,0.000262325785455286,0.0100471126712612,0.00994930437411991,0.0116124843675644,0.0107844708899003,0.000919904173586657,0.0112340073595389,0.00304020368473414,0.00078152779454947,0.0006239673323589,0.000378922051942819,0.0373496049695597,0.0012083977347649,0.000588599295374478
0.00242063804626336,0.0161264102782641,0.017388942872283,0.0103959604310775,0.0473918421882118,0.000754550932677954,0.00995380420470794,0.0016002280868027,0.0022827587728696,0.0218784589717969,0.00030570397569615,0.000890277144691075,0.010584645666898,0.000490893338463496,3.27870912985755e-05,0.000156703264437754,0.000262325785455286,0.0100471126712612,0.00994930389771674,0.0116124843675644,0.0107844708899003,0.000919903976183656,0.0112340073595389,0.00304020368473414,0.00078152779454947,0.0006239673323589,0.000378922051942819,0.0373496049695597,0.001208397032913,0.000588599295374478
0.00242063804626336,0.0161264102782641,0.0173889424145474,0.0103959604310775,0.0473918418186866,0.000754550932677954,0.00995380420470794,0.00160022727712624,0.00228275801468355,0.0218784589717969,0.00030570397569615,0.000890277144691075,0.010584645666898,0.000490893338463496,3.27869733163076e-05,0.000156703264437754,0.000262325785455286,0.0100471126712612,0.00994930358673041,0.0116124843675644,0.0107844708899003,0.00091990367545442,0.0112340073595389,0.00304020368473414,0.00078152779454947,0.0006239673323589,0.000378922051942819,0.0373496049695597,0.00120839650831004,0.000588599295374478
0.00242063804626336,0.0161264102782641,0.0173889419101859,0.0103959604310775,0.047391841429562,0.000754550932677954,0.00995380420470794,0.00160022666565775,0.00228275750763178,0.0218784589717969,0.00030570397569615,0.000890277144691075,0.010584645666898,0.000490893338463496,3.27868530052345e-05,0.000156703264437754,0.000262325785455286,0.0100471126712612,0.00994930335589703,0.0116124843675644,0.0107844708899003,0.000919903360481091,0.0112340073595389,0.00304020368473414,0.00078152779454947,0.0006239673323589,0.000378922051942819,0.0373496049695597,0.00120839580583463,0.000588599295374478
0.00242063804626336,0.0161264102782641,0.017388941314948,0.0103959604310775,0.0473918411464581,0.000754550932677954,0.00995380420470794,0.00160022596772063,0.00228275703419442,0.0218784589717969,0.00030570397569615,0.000890277144691075,0.010584645666898,0.000490893338463496,3.27867665109219e-05,0.000156703264437754,0.000262325785455286,0.0100471126712612,0.0099493030998064,0.0116124843675644,0.0107844708899003,0.000919902966571885,0.0112340073595389,0.00304020368473414,0.00078152779454947,0.0006239673323589,0.000378922051942819,0.0373496049695597,0.00120839530800832,0.000588599295374478
0.00242063804626336,0.0161264102782641,0.0173889407222958,0.0103959604310775,0.0473918406586211,0.000754550932677954,0.00995380420470794,0.00160022539009973,0.00228275640315256,0.0218784589717969,0.00030570397569615,0.000890277144691075,0.010584645666898,0.000490893338463496,3.27866818472815e-05,0.000156703264437754,0.000262325785455286,0.0100471126712612,0.00994930284098602,0.0116124843675644,0.0107844708899003,0.000919902669799832,0.0112340073595389,0.00304020368473414,0.00078152779454947,0.0006239673323589,0.000378922051942819,0.0373496049695597,0.00120839457532032,0.000588599295374478
