9.68327086325062,8.36667510848536,9.70934586715533,9.74669712528169,8.07494338063438,8.52881896118653,9.14188548730599,9.65520212172398,7.24066583530838,9.54059545183458,9.75252466933876,9.11665285234368,7.29624821862833,7.02133465005305,9.44700688189579,8.90442344539158,9.15204528648941,8.26308121773157,7.6289964810989,8.63843577487973,9.19167971848754,8.30453773557496,9.60961161063913,8.70201936362629,8.96893866749951,8.47859884397285,9.49850788613335,8.49927035380446,9.28114704493614,8.37815388211749
8.03139746295347,8.23887556168673,8.49643258025567,7.62618061610868,6.09965669998708,7.35592546279084,4.72458766755442,8.41407849725771,7.24066583530838,7.67069504334453,7.65506344835812,7.32243419495007,6.33063656213985,5.05349067203374,7.87730487299292,6.09840501379455,6.52089104364574,3.15550662700976,6.04711442773466,8.63843577487973,6.27517417324163,6.86077054868454,8.44773979383733,7.85498228012449,8.21591462314571,4.48979233487737,6.90726087469068,7.19642185624956,7.61981370278481,7.38984536748256
4.23155913361255,6.09559629852291,2.68151243135481,3.35680460177714,2.43235635880144,4.37032264235705,2.32210751839141,3.15234149404055,3.14011505321394,2.80420670092958,4.23347202329387,2.71466604608523,3.35822103230901,3.54880043338172,2.58207241806872,2.33077710970053,5.29692733825622,3.15550662700976,1.89590967456563,2.75610199008601,2.10252356780514,3.42658788669133,4.35863774083616,3.85477369173674,2.82080093719868,3.8132689484455,2.92848757715231,2.90928733439661,4.63651758054923,1.79251183963037
0.523311356228782,1.81611565145451,1.10926376788169,0.873768393880288,0.533321232061557,2.62011325158345,0.585001074039503,0.706096163869629,1.11395932336742,0.9912544570287,1.15365960870162,0.562681207765438,0.631089926291079,0.911818261708827,0.878237892932484,0.402277567892274,1.72339690656983,0.917666789573589,0.778629860263799,0.957532747034906,0.510444980398289,0.485675668863967,2.75804745270183,0.802756917394309,0.889597404534101,1.00525183219722,0.99609629814566,0.526253654837438,1.38962003437019,0.922295606490666
0.088817124964164,0.210261890265392,0.17322910876148,0.162683393753432,0.099956929680381,0.19523875902783,0.0584317014598187,0.247539037937872,0.141427324260882,0.118082385258608,0.140044618634697,0.0903734174706869,0.0385260548816923,0.0813541160440429,0.172222500575214,0.0369918355017661,0.295846930384647,0.153357768593394,0.109501101652498,0.122366517644832,0.0872523547218227,0.114505351691282,0.228849499128008,0.126284129842795,0.182925434797106,0.108671954167389,0.165389278860407,0.0629924292158927,0.238550389517592,0.0903442144500655
0.00607330915359754,0.014576498194331,0.00918516820379373,0.0117336916312521,0.0077957665893058,0.0146646703383407,0.00519913440603734,0.0178732612023748,0.00875111418128475,0.00593378524383659,0.0123967900023699,0.00512110148229584,0.00507574766948052,0.00806026909808464,0.00919945656862081,0.00484996432498718,0.0196831687902917,0.0158798723811496,0.00922167018403349,0.010048920427247,0.004410713385633,0.00985707711941261,0.017923693634723,0.0175379986646882,0.0129896513215053,0.0086250108233976,0.0134359825185724,0.00668042688488123,0.0207108987971405,0.00876152176511797
0.000122337227168471,0.000363451798818218,0.000183144278143034,0.000234466625191231,5.26786803838941e-05,0.000151584610527506,0.000116575360854289,0.000388775906717302,0.000172877127918655,0.000111493259812061,0.000190880788689757,0.000118860948147612,7.39127006567066e-05,0.000276415019028469,0.000214459022773293,0.000124247247146756,0.00034429163628874,0.000274588175009478,0.000152154571986816,9.21379400623507e-05,9.56745047954323e-05,9.93886434847824e-05,0.000456799186081173,0.000382645504727332,0.000211590102367863,0.00016704628104278,0.000201407077491886,0.000116005041371213,0.000358454238689216,0.000407957547558825
4.76674682907198e-07,1.22309037310617e-06,3.41643117124821e-07,5.5541859792045e-07,1.73383469870219e-07,6.18409505664642e-07,2.18051423253628e-07,1.49478962167569e-06,5.10082022435068e-07,1.9671565603986e-07,3.90320439548037e-07,2.1139204698831e-07,1.01145182599898e-07,3.81182449511011e-07,3.62869120559074e-07,6.90434029084164e-07,5.47656708861623e-07,3.37045943706715e-07,3.84864996784563e-07,2.91646828162817e-07,1.72791053442184e-07,3.25189337531692e-07,1.47914222970074e-06,1.05426674087651e-06,6.99781537238225e-07,1.9911939524506e-07,6.79312297177402e-07,3.20578820782607e-07,1.15488226353814e-06,1.4043309746864e-06
2.84128276462158e-11,1.4781953439082e-10,6.64357457935699e-12,2.6032509481411e-11,1.52766688188424e-11,1.00017771842445e-10,1.60405022597848e-11,4.36273239756733e-11,2.4886759320001e-11,1.21946897024829e-11,2.41762165842398e-11,2.05968575528485e-11,5.42677014436779e-12,2.11919370940459e-11,2.55084842137887e-11,3.05711012060794e-11,6.09645667282193e-11,1.65290003906206e-11,3.08997272213689e-11,1.85984561085216e-11,1.67954539165323e-11,1.76836323362318e-11,8.22719670168338e-11,2.20801155137528e-10,1.01980646149979e-10,1.62891922173003e-11,8.64552873736249e-11,3.93285404243252e-11,1.29976029938938e-10,9.8951957738853e-11
8.88178419700125e-15,8.88178419700125e-15,8.88178419700125e-15,8.88178419700125e-15,8.88178419700125e-15,8.88178419700125e-15,8.88178419700125e-15,8.88178419700125e-15,8.88178419700125e-15,8.88178419700125e-15,8.88178419700125e-15,8.88178419700125e-15,8.88178419700125e-15,8.88178419700125e-15,8.88178419700125e-15,8.88178419700125e-15,8.88178419700125e-15,8.88178419700125e-15,8.88178419700125e-15,8.88178419700125e-15,8.88178419700125e-15,8.88178419700125e-15,8.88178419700125e-15,8.88178419700125e-15,8.88178419700125e-15,8.88178419700125e-15,8.88178419700125e-15,8.88178419700125e-15,8.88178419700125e-15,8.88178419700125e-15
8.88178419700125e-15,8.88178419700125e-15,8.88178419700125e-15,8.88178419700125e-15,8.88178419700125e-15,8.88178419700125e-15,8.88178419700125e-15,8.88178419700125e-15,8.88178419700125e-15,8.88178419700125e-15,8.88178419700125e-15,8.88178419700125e-15,8.88178419700125e-15,8.88178419700125e-15,8.88178419700125e-15,8.88178419700125e-15,8.88178419700125e-15,8.88178419700125e-15,8.88178419700125e-15,8.88178419700125e-15,8.88178419700125e-15,8.88178419700125e-15,8.88178419700125e-15,8.88178419700125e-15,8.88178419700125e-15,8.88178419700125e-15,8.88178419700125e-15,8.88178419700125e-15,8.88178419700125e-15,8.88178419700125e-15
8.88178419700125e-15,8.88178419700125e-15,8.88178419700125e-15,8.88178419700125e-15,8.88178419700125e-15,8.88178419700125e-15,8.88178419700125e-15,8.88178419700125e-15,8.88178419700125e-15,8.88178419700125e-15,8.88178419700125e-15,8.88178419700125e-15,8.88178419700125e-15,8.88178419700125e-15,8.88178419700125e-15,8.88178419700125e-15,8.88178419700125e-15,8.88178419700125e-15,8.88178419700125e-15,8.88178419700125e-15,8.88178419700125e-15,8.88178419700125e-15,8.88178419700125e-15,8.88178419700125e-15,8.88178419700125e-15,8.88178419700125e-15,8.88178419700125e-15,8.88178419700125e-15,8.88178419700125e-15,8.88178419700125e-15
8.88178419700125e-15,8.88178419700125e-15,8.88178419700125e-15,8.88178419700125e-15,8.88178419700125e-15,8.88178419700125e-15,8.88178419700125e-15,8.88178419700125e-15,8.88178419700125e-15,8.88178419700125e-15,8.88178419700125e-15,8.88178419700125e-15,8.88178419700125e-15,8.88178419700125e-15,8.88178419700125e-15,8.88178419700125e-15,8.88178419700125e-15,8.88178419700125e-15,8.88178419700125e-15,8.88178419700125e-15,8.88178419700125e-15,8.88178419700125e-15,8.88178419700125e-15,8.88178419700125e-15,8.88178419700125e-15,8.88178419700125e-15,8.88178419700125e-15,8.88178419700125e-15,8.88178419700125e-15,8.88178419700125e-15
8.88178419700125e-15,8.88178419700125e-15,8.88178419700125e-15,8.88178419700125e-15,8.88178419700125e-15,8.88178419700125e-15,8.88178419700125e-15,8.88178419700125e-15,8.88178419700125e-15,8.88178419700125e-15,8.88178419700125e-15,8.88178419700125e-15,8.88178419700125e-15,8.88178419700125e-15,8.88178419700125e-15,8.88178419700125e-15,8.88178419700125e-15,8.88178419700125e-15,8.88178419700125e-15,8.88178419700125e-15,8.88178419700125e-15,8.88178419700125e-15,8.88178419700125e-15,8.88178419700125e-15,8.88178419700125e-15,8.88178419700125e-15,8.88178419700125e-15,8.88178419700125e-15,8.88178419700125e-15,8.88178419700125e-15
8.88178419700125e-15,8.88178419700125e-15,8.88178419700125e-15,8.88178419700125e-15,8.88178419700125e-15,8.88178419700125e-15,8.88178419700125e-15,8.88178419700125e-15,8.88178419700125e-15,8.88178419700125e-15,8.88178419700125e-15,8.88178419700125e-15,8.88178419700125e-15,8.88178419700125e-15,8.88178419700125e-15,8.88178419700125e-15,8.88178419700125e-15,8.88178419700125e-15,8.88178419700125e-15,8.88178419700125e-15,8.88178419700125e-15,8.88178419700125e-15,8.88178419700125e-15,8.88178419700125e-15,8.88178419700125e-15,8.88178419700125e-15,8.88178419700125e-15,8.88178419700125e-15,8.88178419700125e-15,8.88178419700125e-15
8.88178419700125e-15,8.88178419700125e-15,8.88178419700125e-15,8.88178419700125e-15,8.88178419700125e-15,8.88178419700125e-15,8.88178419700125e-15,8.88178419700125e-15,8.88178419700125e-15,1.77140127660726e-33,8.88178419700125e-15,8.88178419700125e-15,8.88178419700125e-15,8.88178419700125e-15,8.88178419700125e-15,8.88178419700125e-15,8.88178419700125e-15,8.88178419700125e-15,8.88178419700125e-15,8.88178419700125e-15,8.88178419700125e-15,8.88178419700125e-15,8.88178419700125e-15,8.88178419700125e-15,8.88178419700125e-15,8.88178419700125e-15,8.88178419700125e-15,8.88178419700125e-15,8.88178419700125e-15,1.25024188681085e-32
